Jan Feb Mar Apr Mai Jun Jul Aug Sep Okt Nov Dez
-21.99 -24.27 -25.9 -16.18 -6.42 3.09 5.23 4.83 2.43 -3.93 -12.58 -22.04
-17.96 -21.24 -17.9 -12.23 -2.85 2.76 6.73 4.93 1.21 -6.65 -12.2 -23.69
-26.54 -19.01 -15.55 -14.88 -4.43 3.48 5.93 4.61 0.18 -6.05 -13.2 -20.26
-21.71 -20.52 -21.43 -14.85 -4.97 3.38 6.03 5.73 -0.49 -4.55 -13.6 -13.01
-23.55 -25.92 -20.75 -15.9 -4.55 2.66 5.31 5.15 1.11 -6.15 -15.13 -23.37
-19.51 -21.98 -24.91 -18.03 -8.95 0.88 5.58 4.58 0.96 -5.32 -17.49 -27.6
-29.54 -15.31 -17.65 -14.02 -3.57 2.01 4.58 4.58 0.21 -6.6 -16.8 -20.72
-26.94 -22.27 -20.55 -18.03 -6 0.98 5.38 5.68 0.45 -7.5 -19.25 -23.86
-29.26 -25.66 -18.25 -18.83 -5.93 0.48 5.28 3.96 0.56 -7.2 -12.85 -19.51
-25.57 -24.77 -24.63 -20.13 -7.4 2.71 4.08 4.48 -0.02 -7.4 -15.05 -21.9
-22.78 -24.92 -20.32 -16.33 -5.23 2.11 5.76 6.11 0.33 -6.93 -10.82 -19.59
-19.59 -20.76 -21.91 -14.84 -8.72 1.16 3.66 3.96 0.3 -6.47 -15.61 -17.46
-23.96 -20.56 -21.22 -15.33 -4.6 2.91 5.88 6.93 1.28 -4.7 -13.1 -24.21
-25.14 -24.48 -19.99 -22.63 -6.08 1.64 4.56 4.26 0.26 -8.87 -12.2 -18.16
-25.54 -26.34 -20.92 -14.6 -4.6 3.69 6.16 5.88 2.04 -3.77 -13.2 -20.69
-19.93 -24.94 -18.15 -12.77 -6.13 3.41 6.08 5.98 3.99 -4.03 -9.28 -23.14
-21.14 -23.56 -25.38 -17.71 -6.11 3.68 6.66 6.28 0.58 -7.75 -10.17 -15.96
-21.26 -20.84 -23.75 -14.15 -5.78 2.71 5.56 4.28 0.33 -6.5 -16.3 -21.54
-17.59 -19.14 -25.2 -15.65 -5.28 2.23 4.41 3.88 1.56 -8.61 -15.17 -19.07
-11.57 -27.31 -25.67 -15.4 -6.6 2.58 5.26 4.58 0.13 -5.43 -16.73 -21.44
-19.46 -21.93 -24.86 -17.98 -8.9 0.93 5.63 4.63 1.01 -5.27 -17.44 -27.55
-29.49 -15.26 -17.6 -13.97 -3.52 2.06 4.63 4.63 0.26 -6.55 -16.75 -20.67
-26.89 -22.22 -20.5 -17.98 -5.95 1.03 5.43 5.73 0.5 -7.45 -19.2 -23.81
-29.21 -25.61 -18.2 -18.78 -5.88 0.53 5.33 4.01 0.61 -7.15 -12.8 -19.46
-25.52 -24.72 -24.58 -20.08 -7.35 2.76 4.13 4.53 0.03 -7.35 -15 -21.85
-22.73 -24.87 -20.27 -16.28 -5.18 2.16 5.81 6.16 0.38 -6.88 -10.77 -19.54
-19.54 -20.71 -21.86 -14.79 -8.67 1.21 3.71 4.01 0.35 -6.42 -15.56 -17.41
-23.91 -20.51 -21.17 -15.28 -4.55 2.96 5.93 6.98 1.33 -4.65 -13.05 -24.16
-25.09 -24.43 -19.94 -22.58 -6.03 1.69 4.61 4.31 0.31 -8.82 -12.15 -18.11
-25.49 -26.29 -20.87 -14.55 -4.55 3.74 6.21 5.93 2.09 -3.72 -13.15 -20.64
-19.88 -24.89 -18.1 -12.72 -6.08 3.46 6.13 6.03 4.04 -3.98 -9.23 -23.09
-21.09 -23.51 -25.33 -17.66 -6.06 3.73 6.71 6.33 0.63 -7.7 -10.12 -15.91
-21.21 -20.79 -23.7 -14.1 -5.73 2.76 5.61 4.33 0.38 -6.45 -16.25 -21.49
-17.54 -19.09 -25.15 -15.6 -5.23 2.28 4.46 3.93 1.61 -8.56 -15.12 -19.02
-11.52 -27.26 -25.62 -15.35 -6.55 2.63 5.31 4.63 0.18 -5.38 -16.68 -21.39
-22.78 -29.77 -22.78 -21.22 -7.1 1.51 4.18 4.55 0.95 -9.08 -16.56 -24.25
-18.39 -24.32 -29.41 -18.05 -6.22 1.98 6.4 7 2.33 -6.51 -16.16 -18.76
-14.81 -25.18 -20.63 -14.96 -4.91 1.32 5.82 5.52 1.57 -6.52 -11.36 -22.05
-14.99 -21.14 -20.33 -16.36 -5.64 2.38 5.05 4.4 0.17 -6.38 -14.98 -24.04
-22.75 -21.23 -20.26 -17.46 -5.2 2.03 5.1 4.06 0.55 -7.52 -17.64 -21.42
-20.7 -22.67 -19.12 -13.53 -3.18 2.98 4.21 3.53 -0.45 -6.65 -14.71 -21.2
-19.82 -16.54 -19.93 -17.7 -8.7 1.14 4.46 4.5 0.57 -7.54 -14.8 -17.69
-23.27 -24.27 -20.63 -15.12 -4.81 1.05 5.43 3.71 -0.75 -10.14 -17.37 -12.05
-22.03 -31.37 -21.77 -20.07 -7.09 2.78 4.93 3.03 1.73 -4.32 -12.27 -20.67
-18.51 -22.32 -26.55 -22.67 -7.26 0.28 5.81 4.66 -0.6 -9.94 -10.35 -16
-25.25 -19.24 -23.11 -16.11 -5.08 2.74 4.9 3.03 -0.8 -8.6 -11.03 -17.34
-22.59 -27.24 -20.53 -18.16 -5.03 1.52 4.95 5.25 -1.67 -6.16 -16.96 -25.2
-17.94 -23.15 -24.79 -14.61 -5.61 1.7 5.63 3.33 0.05 -7.33 -18.28 -20.98
-29.85 -14.08 -18.13 -14.11 -6.35 2.13 4.58 4.73 2.13 -5.6 -16.26 -18.7
-25.44 -31.62 -20.98 -11.59 -2.56 2.81 5.79 6.13 0.33 -6.73 -13.86 -21.91
-26.45 -27.16 -19.49 -15.14 -6.39 0.42 3.1 3.59 -1.21 -9.51 -15.74 -20.08
-26.95 -26.65 -18.12 -14.22 -7.89 1.27 4.97 3.52 -1.03 -7.07 -16.73 -20.21
-28.13 -24.08 -20.15 -15.36 -6.59 0.38 4.59 3.79 -1.35 -7.54 -17.01 -17.51
-28.54 -20.41 -22.64 -16.83 -6.39 1.82 4.57 4.02 1.21 -5.6 -12.22 -15.66
-22.6 -22.88 -16.38 -16.02 -8.48 1.42 5.09 4.39 1.19 -6.32 -14.3 -21.08
-25.75 -24.95 -25.17 -11.43 -6.19 3.42 5.24 4.79 -0.63 -6.29 -14.26 -23.08
-18.23 -21.58 -22.42 -18.19 -8.89 1.82 5.79 4.91 1.94 -3.69 -9.64 -13.16
-21.9 -17.85 -21.38 -12.1 -7.39 2.02 5.09 3.95 -0.63 -6.43 -13.89 -20.58
-30.57 -22.5 -24.37 -13.42 -6.23 2.62 5.29 3.64 1.89 -5.71 -14.54 -22.56
-20.95 -24.68 -21.35 -10.52 -2.19 3.25 5.35 5.19 0.76 -5.52 -8.74 -19.53
-23.73 -20.1 -22.09 -15.62 -6.59 2.62 4.79 5.79 1.74 -3.69 -13.04 -19.93
-17.05 -20.48 -23.14 -13.64 -7.69 1.52 4.07 3.31 1.27 -7.59 -16.44 -24.08
-23.88 -24.73 -20.22 -14.92 -2.49 3.72 5.12 3.97 0.37 -5.02 -10.24 -21.11
-24.95 -23.61 -22.79 -19.76 -5.69 2.09 5.09 4.89 1.17 -4.91 -13.22 -19.39
-22.39 -24.64 -26.19 -11.19 -6.55 0.88 5.22 3.27 1.19 -8.49 -15.05 -22.2
-29.43 -24.93 -26.64 -12.18 -5.84 2.72 5.79 4.39 1.37 -5.06 -10.72 -14.9
-25.5 -30.64 -23.91 -16.44 -5.79 1.59 6.69 4.07 -0.56 -9.44 -12.74 -21.19
-30.86 -27.63 -20.27 -16.32 -7.24 0.49 5.29 4.57 1.97 -3.41 -10.21 -21.61
-27.41 -14.69 -15.09 -17.26 -5.84 0.66 5.89 3.97 0.46 -7.09 -12.62 -19.68
-20.03 -23.48 -18.74 -14.92 -9.67 0.67 4.07 4.27 0.67 -6.29 -17.7 -23.05
-25.73 -25.68 -20.22 -14.29 -8.5 1.06 3.44 5.09 2.57 -4.96 -13.54 -15.71
-19.61 -27.83 -22.4 -17.24 -4.99 1.72 4.79 4.35 0.17 -6.97 -17.27 -24.23
-25.96 -18.93 -22.01 -21.38 -5.32 2.52 6.09 4.07 -0.46 -5.79 -16.5 -17.25
-19.92 -22.35 -26.85 -14.11 -6.8 0.39 5.59 5.52 1.19 -5.59 -11.39 -22.81
-30.01 -22.68 -24.58 -19.32 -7.52 0.49 4.69 4.59 2.39 -6.59 -13.57 -20.58
-22.03 -24.31 -25.94 -16.22 -6.46 3.05 5.19 4.79 2.39 -3.97 -12.62 -22.08
-18 -21.28 -17.94 -12.27 -2.89 2.72 6.69 4.89 1.17 -6.69 -12.24 -23.73
-26.58 -19.05 -15.59 -14.92 -4.47 3.44 5.89 4.57 0.14 -6.09 -13.24 -20.3
-21.75 -20.56 -21.47 -14.89 -5.01 3.34 5.99 5.69 -0.53 -4.59 -13.64 -13.05
-23.59 -25.96 -20.79 -15.94 -4.59 2.62 5.27 5.11 1.07 -6.19 -15.17 -23.41
-22.55 -27.58 -27.2 -18.68 -6.36 1.25 4.93 3.21 -0.35 -5.73 -12.63 -23.16
-25.89 -19.67 -23.78 -14.08 -5.01 1.9 3.89 3.98 -0.25 -7.57 -14.15 -22.86
-26.42 -22.34 -22.7 -11.07 -6.43 2.23 3.83 3.3 -0.94 -9.41 -17.83 -22.32
-21.34 -23.69 -17.66 -18.72 -8.67 -0.32 3.95 3.75 0.64 -5.71 -14.16 -19.08
-13.67 -20.88 -22.09 -16.36 -8.84 0.25 4.94 5.38 0.24 -4.96 -10.56 -19.32
-25.09 -25.45 -21.81 -14.99 -4.68 2.52 4.23 3.28 0.9 -4.74 -12.16 -18.89
-21.94 -26.31 -21.85 -16.95 -7.27 0.5 4.61 4.58 1.55 -4.05 -10.56 -20.04
-23.47 -26.47 -25.36 -15.24 -5.18 3.51 5.49 4.48 1.33 -5.37 -11.27 -23.85
-19.96 -25.06 -20.49 -11.24 -2.83 2.71 4.85 3.75 0.33 -6.86 -13.91 -25.39
-22.33 -27.27 -22.43 -17.67 -6.96 0.43 4.11 4.28 0.1 -11.01 -16.73 -17.05
-20.04 -24.21 -23.46 -15.2 -4.26 1.29 5.53 2.55 0.03 -8.1 -20.25 -21.09
-16.07 -22.34 -23.46 -11.66 -4.56 3.15 5.26 4.03 -0.24 -6.03 -13.22 -25.72
-25.52 -21.3 -18.23 -15.35 -8.36 3.23 5.53 4.3 0.03 -8.97 -16.19 -17.99
-16.95 -19.23 -26.73 -17.47 -3.64 2.28 4.37 4.85 1.25 -5.62 -11.13 -24.31
-23.89 -20.48 -16.05 -18.75 -5.21 1.06 5.93 4.53 0.53 -5.57 -14.99 -15.92
-29.5 -25 -26.71 -12.25 -5.91 2.65 5.72 4.32 1.3 -5.13 -10.79 -14.97
-25.57 -30.71 -23.98 -16.51 -5.86 1.52 6.62 4 -0.63 -9.51 -12.81 -21.26
-30.93 -27.7 -20.34 -16.39 -7.31 0.42 5.22 4.5 1.9 -3.48 -10.28 -21.68
-27.48 -14.76 -15.16 -17.33 -5.91 0.59 5.82 3.9 0.39 -7.16 -12.69 -19.75
-20.1 -23.55 -18.81 -14.99 -9.74 0.6 4 4.2 0.6 -6.36 -17.77 -23.12
-25.8 -25.75 -20.29 -14.36 -8.57 0.99 3.37 5.02 2.5 -5.03 -13.61 -15.78
-19.68 -27.9 -22.47 -17.31 -5.06 1.65 4.72 4.28 0.1 -7.04 -17.34 -24.3
-26.03 -19 -22.08 -21.45 -5.39 2.45 6.02 4 -0.53 -5.86 -16.57 -17.32
-19.99 -22.42 -26.92 -14.18 -6.87 0.32 5.52 5.45 1.12 -5.66 -11.46 -22.88
-30.08 -22.75 -24.65 -19.39 -7.59 0.42 4.62 4.52 2.32 -6.66 -13.64 -20.65
-22.1 -24.38 -26.01 -16.29 -6.53 2.98 5.12 4.72 2.32 -4.04 -12.69 -22.15
-18.07 -21.35 -18.01 -12.34 -2.96 2.65 6.62 4.82 1.1 -6.76 -12.31 -23.8
-26.65 -19.12 -15.66 -14.99 -4.54 3.37 5.82 4.5 0.07 -6.16 -13.31 -20.37
-21.82 -20.63 -21.54 -14.96 -5.08 3.27 5.92 5.62 -0.6 -4.66 -13.71 -13.12
-23.66 -26.03 -20.86 -16.01 -4.66 2.55 5.2 5.04 1 -6.26 -15.24 -23.48
-22.48 -27.51 -27.13 -18.61 -6.29 1.32 5 3.28 -0.28 -5.66 -12.56 -23.09
-25.82 -19.6 -23.71 -14.01 -4.94 1.97 3.96 4.05 -0.18 -7.5 -14.08 -22.79
-26.35 -22.27 -22.63 -11 -6.36 2.3 3.9 3.37 -0.87 -9.34 -17.76 -22.25
-21.27 -23.62 -17.59 -18.65 -8.6 -0.25 4.02 3.82 0.71 -5.64 -14.09 -19.01
-13.6 -20.81 -22.02 -16.29 -8.77 0.32 5.01 5.45 0.31 -4.89 -10.49 -19.25
-25.02 -25.38 -21.74 -14.92 -4.61 2.59 4.3 3.35 0.97 -4.67 -12.09 -18.82
-21.87 -26.24 -21.78 -16.88 -7.2 0.57 4.68 4.65 1.62 -3.98 -10.49 -19.97
-23.4 -26.4 -25.29 -15.17 -5.11 3.58 5.56 4.55 1.4 -5.3 -11.2 -23.78
-19.89 -24.99 -20.42 -11.17 -2.76 2.78 4.92 3.82 0.4 -6.79 -13.84 -25.32
-22.26 -27.2 -22.36 -17.6 -6.89 0.5 4.18 4.35 0.17 -10.94 -16.66 -16.98
-19.97 -24.14 -23.39 -15.13 -4.19 1.36 5.6 2.62 0.1 -8.03 -20.18 -21.02
-16 -22.27 -23.39 -11.59 -4.49 3.22 5.33 4.1 -0.17 -5.96 -13.15 -25.65
-25.45 -21.23 -18.16 -15.28 -8.29 3.3 5.6 4.37 0.1 -8.9 -16.12 -17.92
-16.88 -19.16 -26.66 -17.4 -3.57 2.35 4.44 4.92 1.32 -5.55 -11.06 -24.24
-23.82 -20.41 -15.98 -18.68 -5.14 1.13 6 4.6 0.6 -5.5 -14.92 -15.85
-26.6 -27.31 -19.64 -15.29 -6.54 0.27 2.95 3.44 -1.36 -9.66 -15.89 -20.23
-27.1 -26.8 -18.27 -14.37 -8.04 1.12 4.82 3.37 -1.18 -7.22 -16.88 -20.36
-28.28 -24.23 -20.3 -15.51 -6.74 0.23 4.44 3.64 -1.5 -7.69 -17.16 -17.66
-28.69 -20.56 -22.79 -16.98 -6.54 1.67 4.42 3.87 1.06 -5.75 -12.37 -15.81
-22.75 -23.03 -16.53 -16.17 -8.63 1.27 4.94 4.24 1.04 -6.47 -14.45 -21.23
-25.9 -25.1 -25.32 -11.58 -6.34 3.27 5.09 4.64 -0.78 -6.44 -14.41 -23.23
-18.38 -21.73 -22.57 -18.34 -9.04 1.67 5.64 4.76 1.79 -3.84 -9.79 -13.31
-22.05 -18 -21.53 -12.25 -7.54 1.87 4.94 3.8 -0.78 -6.58 -14.04 -20.73
-30.72 -22.65 -24.52 -13.57 -6.38 2.47 5.14 3.49 1.74 -5.86 -14.69 -22.71
-21.1 -24.83 -21.5 -10.67 -2.34 3.1 5.2 5.04 0.61 -5.67 -8.89 -19.68
-23.88 -20.25 -22.24 -15.77 -6.74 2.47 4.64 5.64 1.59 -3.84 -13.19 -20.08
-17.2 -20.63 -23.29 -13.79 -7.84 1.37 3.92 3.16 1.12 -7.74 -16.59 -24.23
-24.03 -24.88 -20.37 -15.07 -2.64 3.57 4.97 3.82 0.22 -5.17 -10.39 -21.26
-25.1 -23.76 -22.94 -19.91 -5.84 1.94 4.94 4.74 1.02 -5.06 -13.37 -19.54
-22.54 -24.79 -26.34 -11.34 -6.7 0.73 5.07 3.12 1.04 -8.64 -15.2 -22.35
-22.76 -29.75 -22.76 -21.2 -7.08 1.53 4.2 4.57 0.97 -9.06 -16.54 -24.23
-18.37 -24.3 -29.39 -18.03 -6.2 2 6.42 7.02 2.35 -6.49 -16.14 -18.74
-14.79 -25.16 -20.61 -14.94 -4.89 1.34 5.84 5.54 1.59 -6.5 -11.34 -22.03
-14.97 -21.12 -20.31 -16.34 -5.62 2.4 5.07 4.42 0.19 -6.36 -14.96 -24.02
-22.73 -21.21 -20.24 -17.44 -5.18 2.05 5.12 4.08 0.57 -7.5 -17.62 -21.4
-20.68 -22.65 -19.1 -13.51 -3.16 3 4.23 3.55 -0.43 -6.63 -14.69 -21.18
-19.8 -16.52 -19.91 -17.68 -8.68 1.16 4.48 4.52 0.59 -7.52 -14.78 -17.67
-23.25 -24.25 -20.61 -15.1 -4.79 1.07 5.45 3.73 -0.73 -10.12 -17.35 -12.03
-22.01 -31.35 -21.75 -20.05 -7.07 2.8 4.95 3.05 1.75 -4.3 -12.25 -20.65
-18.49 -22.3 -26.53 -22.65 -7.24 0.3 5.83 4.68 -0.58 -9.92 -10.33 -15.98
-25.23 -19.22 -23.09 -16.09 -5.06 2.76 4.92 3.05 -0.78 -8.58 -11.01 -17.32
-22.57 -27.22 -20.51 -18.14 -5.01 1.54 4.97 5.27 -1.65 -6.14 -16.94 -25.18
-17.92 -23.13 -24.77 -14.59 -5.59 1.72 5.65 3.35 0.07 -7.31 -18.26 -20.96
-29.83 -14.06 -18.11 -14.09 -6.33 2.15 4.6 4.75 2.15 -5.58 -16.24 -18.68
-25.42 -31.6 -20.96 -11.57 -2.54 2.83 5.81 6.15 0.35 -6.71 -13.84 -21.89
-22.61 -27.64 -27.26 -18.74 -6.42 1.19 4.87 3.15 -0.41 -5.79 -12.69 -23.22
-25.95 -19.73 -23.84 -14.14 -5.07 1.84 3.83 3.92 -0.31 -7.63 -14.21 -22.92
-26.48 -22.4 -22.76 -11.13 -6.49 2.17 3.77 3.24 -1 -9.47 -17.89 -22.38
-21.4 -23.75 -17.72 -18.78 -8.73 -0.38 3.89 3.69 0.58 -5.77 -14.22 -19.14
-13.73 -20.94 -22.15 -16.42 -8.9 0.19 4.88 5.32 0.18 -5.02 -10.62 -19.38
-25.15 -25.51 -21.87 -15.05 -4.74 2.46 4.17 3.22 0.84 -4.8 -12.22 -18.95
-22 -26.37 -21.91 -17.01 -7.33 0.44 4.55 4.52 1.49 -4.11 -10.62 -20.1
-23.53 -26.53 -25.42 -15.3 -5.24 3.45 5.43 4.42 1.27 -5.43 -11.33 -23.91
-20.02 -25.12 -20.55 -11.3 -2.89 2.65 4.79 3.69 0.27 -6.92 -13.97 -25.45
-22.39 -27.33 -22.49 -17.73 -7.02 0.37 4.05 4.22 0.04 -11.07 -16.79 -17.11
-20.1 -24.27 -23.52 -15.26 -4.32 1.23 5.47 2.49 -0.03 -8.16 -20.31 -21.15
-16.13 -22.4 -23.52 -11.72 -4.62 3.09 5.2 3.97 -0.3 -6.09 -13.28 -25.78
-25.58 -21.36 -18.29 -15.41 -8.42 3.17 5.47 4.24 -0.03 -9.03 -16.25 -18.05
-17.01 -19.29 -26.79 -17.53 -3.7 2.22 4.31 4.79 1.19 -5.68 -11.19 -24.37
-23.95 -20.54 -16.11 -18.81 -5.27 1 5.87 4.47 0.47 -5.63 -15.05 -15.98
-19.49 -26.54 -26.99 -17.01 -2.77 1.74 5.04 3.48 0.47 -6.9 -13.43 -24.05
-18.33 -16.34 -17.99 -13.82 -5.62 2.12 5.78 4.98 -1.4 -8.05 -13.2 -18.8
-15.66 -21.32 -23.43 -14.5 -5.48 1.38 4.64 2.51 0 -9.49 -15.06 -17.14
-27.92 -30.02 -25.29 -18.06 -6.82 3.36 5.28 4.86 0.48 -6.15 -14.03 -20.96
-23.49 -28.54 -20.37 -15.52 -8.2 0.51 3.18 2.81 -1.35 -10.85 -9.98 -23.66
-20.66 -23.74 -24.84 -18.88 -7.34 2.44 4.71 3.98 0.68 -8.87 -10.04 -19.93
-20.54 -23.84 -15.06 -14.28 -2.51 3.34 5.76 3.76 1.26 -5.69 -16.2 -17.56
-17.79 -26.92 -20.06 -18.71 -5.46 1.89 6.11 6.26 0.48 -7.25 -13.6 -22.72
-15.07 -25.34 -24.13 -15.26 -2.85 2.68 5.36 3.57 2.36 -6.68 -20.67 -19.67
-23.88 -21.58 -22.15 -17.53 -4.32 3.29 3.76 3.68 0.82 -9.2 -12.53 -18.04
-21.81 -28.06 -23.62 -17.47 -7.13 2.32 5.61 4.09 1.08 -7.53 -13.16 -19.82
-22.35 -20.81 -24.96 -16.97 -5.03 0.93 6.83 5.76 1.41 -6.73 -15.33 -17.34
-24.34 -21.87 -26.15 -16.35 -7.51 1.59 4.49 3.31 0.56 -7.57 -11.72 -20.57
-22.42 -27.76 -20.75 -17.35 -5.93 2.08 6.31 6.61 2.66 -4.81 -14.82 -26.95
-25.82 -21.51 -20.25 -17.6 -6.8 0.44 4.28 5.36 -0.84 -8.92 -16.02 -24.64
-19.41 -26.46 -26.91 -16.93 -2.69 1.82 5.12 3.56 0.55 -6.82 -13.35 -23.97
-18.25 -16.26 -17.91 -13.74 -5.54 2.2 5.86 5.06 -1.32 -7.97 -13.12 -18.72
-15.58 -21.24 -23.35 -14.42 -5.4 1.46 4.72 2.59 0.08 -9.41 -14.98 -17.06
-27.84 -29.94 -25.21 -17.98 -6.74 3.44 5.36 4.94 0.56 -6.07 -13.95 -20.88
-23.41 -28.46 -20.29 -15.44 -8.12 0.59 3.26 2.89 -1.27 -10.77 -9.9 -23.58
-20.58 -23.66 -24.76 -18.8 -7.26 2.52 4.79 4.06 0.76 -8.79 -9.96 -19.85
-20.46 -23.76 -14.98 -14.2 -2.43 3.42 5.84 3.84 1.34 -5.61 -16.12 -17.48
-17.71 -26.84 -19.98 -18.63 -5.38 1.97 6.19 6.34 0.56 -7.17 -13.52 -22.64
-14.99 -25.26 -24.05 -15.18 -2.77 2.76 5.44 3.65 2.44 -6.6 -20.59 -19.59
-23.8 -21.5 -22.07 -17.45 -4.24 3.37 3.84 3.76 0.9 -9.12 -12.45 -17.96
-21.73 -27.98 -23.54 -17.39 -7.05 2.4 5.69 4.17 1.16 -7.45 -13.08 -19.74
-22.27 -20.73 -24.88 -16.89 -4.95 1.01 6.91 5.84 1.49 -6.65 -15.25 -17.26
-24.26 -21.79 -26.07 -16.27 -7.43 1.67 4.57 3.39 0.64 -7.49 -11.64 -20.49
-22.34 -27.68 -20.67 -17.27 -5.85 2.16 6.39 6.69 2.74 -4.73 -14.74 -26.87
-25.74 -21.43 -20.17 -17.52 -6.72 0.52 4.36 5.44 -0.76 -8.84 -15.94 -24.56
-22.68 -27.71 -27.33 -18.81 -6.49 1.12 4.8 3.08 -0.48 -5.86 -12.76 -23.29
-26.02 -19.8 -23.91 -14.21 -5.14 1.77 3.76 3.85 -0.38 -7.7 -14.28 -22.99
-26.55 -22.47 -22.83 -11.2 -6.56 2.1 3.7 3.17 -1.07 -9.54 -17.96 -22.45
-21.47 -23.82 -17.79 -18.85 -8.8 -0.45 3.82 3.62 0.51 -5.84 -14.29 -19.21
-13.8 -21.01 -22.22 -16.49 -8.97 0.12 4.81 5.25 0.11 -5.09 -10.69 -19.45
-25.22 -25.58 -21.94 -15.12 -4.81 2.39 4.1 3.15 0.77 -4.87 -12.29 -19.02
-22.07 -26.44 -21.98 -17.08 -7.4 0.37 4.48 4.45 1.42 -4.18 -10.69 -20.17
-23.6 -26.6 -25.49 -15.37 -5.31 3.38 5.36 4.35 1.2 -5.5 -11.4 -23.98
-20.09 -25.19 -20.62 -11.37 -2.96 2.58 4.72 3.62 0.2 -6.99 -14.04 -25.52
-22.46 -27.4 -22.56 -17.8 -7.09 0.3 3.98 4.15 -0.03 -11.14 -16.86 -17.18
-20.17 -24.34 -23.59 -15.33 -4.39 1.16 5.4 2.42 -0.1 -8.23 -20.38 -21.22
-16.2 -22.47 -23.59 -11.79 -4.69 3.02 5.13 3.9 -0.37 -6.16 -13.35 -25.85
-25.65 -21.43 -18.36 -15.48 -8.49 3.1 5.4 4.17 -0.1 -9.1 -16.32 -18.12
-17.08 -19.36 -26.86 -17.6 -3.77 2.15 4.24 4.72 1.12 -5.75 -11.26 -24.44
-24.02 -20.61 -16.18 -18.88 -5.34 0.93 5.8 4.4 0.4 -5.7 -15.12 -16.05
-22.85 -29.84 -22.85 -21.29 -7.17 1.44 4.11 4.48 0.88 -9.15 -16.63 -24.32
-18.46 -24.39 -29.48 -18.12 -6.29 1.91 6.33 6.93 2.26 -6.58 -16.23 -18.83
-14.88 -25.25 -20.7 -15.03 -4.98 1.25 5.75 5.45 1.5 -6.59 -11.43 -22.12
-15.06 -21.21 -20.4 -16.43 -5.71 2.31 4.98 4.33 0.1 -6.45 -15.05 -24.11
-22.82 -21.3 -20.33 -17.53 -5.27 1.96 5.03 3.99 0.48 -7.59 -17.71 -21.49
-20.77 -22.74 -19.19 -13.6 -3.25 2.91 4.14 3.46 -0.52 -6.72 -14.78 -21.27
-19.89 -16.61 -20 -17.77 -8.77 1.07 4.39 4.43 0.5 -7.61 -14.87 -17.76
-23.34 -24.34 -20.7 -15.19 -4.88 0.98 5.36 3.64 -0.82 -10.21 -17.44 -12.12
-22.1 -31.44 -21.84 -20.14 -7.16 2.71 4.86 2.96 1.66 -4.39 -12.34 -20.74
-18.58 -22.39 -26.62 -22.74 -7.33 0.21 5.74 4.59 -0.67 -10.01 -10.42 -16.07
-25.32 -19.31 -23.18 -16.18 -5.15 2.67 4.83 2.96 -0.87 -8.67 -11.1 -17.41
-22.66 -27.31 -20.6 -18.23 -5.1 1.45 4.88 5.18 -1.74 -6.23 -17.03 -25.27
-18.01 -23.22 -24.86 -14.68 -5.68 1.63 5.56 3.26 -0.02 -7.4 -18.35 -21.05
-29.92 -14.15 -18.2 -14.18 -6.42 2.06 4.51 4.66 2.06 -5.67 -16.33 -18.77
-25.51 -31.69 -21.05 -11.66 -2.63 2.74 5.72 6.06 0.26 -6.8 -13.93 -21.98
-29.55 -25.05 -26.76 -12.3 -5.96 2.6 5.67 4.27 1.25 -5.18 -10.84 -15.02
-25.62 -30.76 -24.03 -16.56 -5.91 1.47 6.57 3.95 -0.68 -9.56 -12.86 -21.31
-30.98 -27.75 -20.39 -16.44 -7.36 0.37 5.17 4.45 1.85 -3.53 -10.33 -21.73
-27.53 -14.81 -15.21 -17.38 -5.96 0.54 5.77 3.85 0.34 -7.21 -12.74 -19.8
-20.15 -23.6 -18.86 -15.04 -9.79 0.55 3.95 4.15 0.55 -6.41 -17.82 -23.17
-25.85 -25.8 -20.34 -14.41 -8.62 0.94 3.32 4.97 2.45 -5.08 -13.66 -15.83
-19.73 -27.95 -22.52 -17.36 -5.11 1.6 4.67 4.23 0.05 -7.09 -17.39 -24.35
-26.08 -19.05 -22.13 -21.5 -5.44 2.4 5.97 3.95 -0.58 -5.91 -16.62 -17.37
-20.04 -22.47 -26.97 -14.23 -6.92 0.27 5.47 5.4 1.07 -5.71 -11.51 -22.93
-30.13 -22.8 -24.7 -19.44 -7.64 0.37 4.57 4.47 2.27 -6.71 -13.69 -20.7
-22.15 -24.43 -26.06 -16.34 -6.58 2.93 5.07 4.67 2.27 -4.09 -12.74 -22.2
-18.12 -21.4 -18.06 -12.39 -3.01 2.6 6.57 4.77 1.05 -6.81 -12.36 -23.85
-26.7 -19.17 -15.71 -15.04 -4.59 3.32 5.77 4.45 0.02 -6.21 -13.36 -20.42
-21.87 -20.68 -21.59 -15.01 -5.13 3.22 5.87 5.57 -0.65 -4.71 -13.76 -13.17
-23.71 -26.08 -20.91 -16.06 -4.71 2.5 5.15 4.99 0.95 -6.31 -15.29 -23.53
-26.6 -27.31 -19.64 -15.29 -6.54 0.27 2.95 3.44 -1.36 -9.66 -15.89 -20.23
-27.1 -26.8 -18.27 -14.37 -8.04 1.12 4.82 3.37 -1.18 -7.22 -16.88 -20.36
-28.28 -24.23 -20.3 -15.51 -6.74 0.23 4.44 3.64 -1.5 -7.69 -17.16 -17.66
-28.69 -20.56 -22.79 -16.98 -6.54 1.67 4.42 3.87 1.06 -5.75 -12.37 -15.81
-22.75 -23.03 -16.53 -16.17 -8.63 1.27 4.94 4.24 1.04 -6.47 -14.45 -21.23
-25.9 -25.1 -25.32 -11.58 -6.34 3.27 5.09 4.64 -0.78 -6.44 -14.41 -23.23
-18.38 -21.73 -22.57 -18.34 -9.04 1.67 5.64 4.76 1.79 -3.84 -9.79 -13.31
-22.05 -18 -21.53 -12.25 -7.54 1.87 4.94 3.8 -0.78 -6.58 -14.04 -20.73
-30.72 -22.65 -24.52 -13.57 -6.38 2.47 5.14 3.49 1.74 -5.86 -14.69 -22.71
-21.1 -24.83 -21.5 -10.67 -2.34 3.1 5.2 5.04 0.61 -5.67 -8.89 -19.68
-23.88 -20.25 -22.24 -15.77 -6.74 2.47 4.64 5.64 1.59 -3.84 -13.19 -20.08
-17.2 -20.63 -23.29 -13.79 -7.84 1.37 3.92 3.16 1.12 -7.74 -16.59 -24.23
-24.03 -24.88 -20.37 -15.07 -2.64 3.57 4.97 3.82 0.22 -5.17 -10.39 -21.26
-25.1 -23.76 -22.94 -19.91 -5.84 1.94 4.94 4.74 1.02 -5.06 -13.37 -19.54
-22.54 -24.79 -26.34 -11.34 -6.7 0.73 5.07 3.12 1.04 -8.64 -15.2 -22.35
-22.98 -29.97 -22.98 -21.42 -7.3 1.31 3.98 4.35 0.75 -9.28 -16.76 -24.45
-18.59 -24.52 -29.61 -18.25 -6.42 1.78 6.2 6.8 2.13 -6.71 -16.36 -18.96
-15.01 -25.38 -20.83 -15.16 -5.11 1.12 5.62 5.32 1.37 -6.72 -11.56 -22.25
-15.19 -21.34 -20.53 -16.56 -5.84 2.18 4.85 4.2 -0.03 -6.58 -15.18 -24.24
-22.95 -21.43 -20.46 -17.66 -5.4 1.83 4.9 3.86 0.35 -7.72 -17.84 -21.62
-20.9 -22.87 -19.32 -13.73 -3.38 2.78 4.01 3.33 -0.65 -6.85 -14.91 -21.4
-20.02 -16.74 -20.13 -17.9 -8.9 0.94 4.26 4.3 0.37 -7.74 -15 -17.89
-23.47 -24.47 -20.83 -15.32 -5.01 0.85 5.23 3.51 -0.95 -10.34 -17.57 -12.25
-22.23 -31.57 -21.97 -20.27 -7.29 2.58 4.73 2.83 1.53 -4.52 -12.47 -20.87
-18.71 -22.52 -26.75 -22.87 -7.46 0.08 5.61 4.46 -0.8 -10.14 -10.55 -16.2
-25.45 -19.44 -23.31 -16.31 -5.28 2.54 4.7 2.83 -1 -8.8 -11.23 -17.54
-22.79 -27.44 -20.73 -18.36 -5.23 1.32 4.75 5.05 -1.87 -6.36 -17.16 -25.4
-18.14 -23.35 -24.99 -14.81 -5.81 1.5 5.43 3.13 -0.15 -7.53 -18.48 -21.18
-30.05 -14.28 -18.33 -14.31 -6.55 1.93 4.38 4.53 1.93 -5.8 -16.46 -18.9
-25.64 -31.82 -21.18 -11.79 -2.76 2.61 5.59 5.93 0.13 -6.93 -14.06 -22.11
-22.84 -29.83 -22.84 -21.28 -7.16 1.45 4.12 4.49 0.89 -9.14 -16.62 -24.31
-18.45 -24.38 -29.47 -18.11 -6.28 1.92 6.34 6.94 2.27 -6.57 -16.22 -18.82
-14.87 -25.24 -20.69 -15.02 -4.97 1.26 5.76 5.46 1.51 -6.58 -11.42 -22.11
-15.05 -21.2 -20.39 -16.42 -5.7 2.32 4.99 4.34 0.11 -6.44 -15.04 -24.1
-22.81 -21.29 -20.32 -17.52 -5.26 1.97 5.04 4 0.49 -7.58 -17.7 -21.48
-20.76 -22.73 -19.18 -13.59 -3.24 2.92 4.15 3.47 -0.51 -6.71 -14.77 -21.26
-19.88 -16.6 -19.99 -17.76 -8.76 1.08 4.4 4.44 0.51 -7.6 -14.86 -17.75
-23.33 -24.33 -20.69 -15.18 -4.87 0.99 5.37 3.65 -0.81 -10.2 -17.43 -12.11
-22.09 -31.43 -21.83 -20.13 -7.15 2.72 4.87 2.97 1.67 -4.38 -12.33 -20.73
-18.57 -22.38 -26.61 -22.73 -7.32 0.22 5.75 4.6 -0.66 -10 -10.41 -16.06
-25.31 -19.3 -23.17 -16.17 -5.14 2.68 4.84 2.97 -0.86 -8.66 -11.09 -17.4
-22.65 -27.3 -20.59 -18.22 -5.09 1.46 4.89 5.19 -1.73 -6.22 -17.02 -25.26
-18 -23.21 -24.85 -14.67 -5.67 1.64 5.57 3.27 -0.01 -7.39 -18.34 -21.04
-29.91 -14.14 -18.19 -14.17 -6.41 2.07 4.52 4.67 2.07 -5.66 -16.32 -18.76
-25.5 -31.68 -21.04 -11.65 -2.62 2.75 5.73 6.07 0.27 -6.79 -13.92 -21.97
-19.55 -26.6 -27.05 -17.07 -2.83 1.68 4.98 3.42 0.41 -6.96 -13.49 -24.11
-18.39 -16.4 -18.05 -13.88 -5.68 2.06 5.72 4.92 -1.46 -8.11 -13.26 -18.86
-15.72 -21.38 -23.49 -14.56 -5.54 1.32 4.58 2.45 -0.06 -9.55 -15.12 -17.2
-27.98 -30.08 -25.35 -18.12 -6.88 3.3 5.22 4.8 0.42 -6.21 -14.09 -21.02
-23.55 -28.6 -20.43 -15.58 -8.26 0.45 3.12 2.75 -1.41 -10.91 -10.04 -23.72
-20.72 -23.8 -24.9 -18.94 -7.4 2.38 4.65 3.92 0.62 -8.93 -10.1 -19.99
-20.6 -23.9 -15.12 -14.34 -2.57 3.28 5.7 3.7 1.2 -5.75 -16.26 -17.62
-17.85 -26.98 -20.12 -18.77 -5.52 1.83 6.05 6.2 0.42 -7.31 -13.66 -22.78
-15.13 -25.4 -24.19 -15.32 -2.91 2.62 5.3 3.51 2.3 -6.74 -20.73 -19.73
-23.94 -21.64 -22.21 -17.59 -4.38 3.23 3.7 3.62 0.76 -9.26 -12.59 -18.1
-21.87 -28.12 -23.68 -17.53 -7.19 2.26 5.55 4.03 1.02 -7.59 -13.22 -19.88
-22.41 -20.87 -25.02 -17.03 -5.09 0.87 6.77 5.7 1.35 -6.79 -15.39 -17.4
-24.4 -21.93 -26.21 -16.41 -7.57 1.53 4.43 3.25 0.5 -7.63 -11.78 -20.63
-22.48 -27.82 -20.81 -17.41 -5.99 2.02 6.25 6.55 2.6 -4.87 -14.88 -27.01
-25.88 -21.57 -20.31 -17.66 -6.86 0.38 4.22 5.3 -0.9 -8.98 -16.08 -24.7
-29.68 -25.18 -26.89 -12.43 -6.09 2.47 5.54 4.14 1.12 -5.31 -10.97 -15.15
-25.75 -30.89 -24.16 -16.69 -6.04 1.34 6.44 3.82 -0.81 -9.69 -12.99 -21.44
-31.11 -27.88 -20.52 -16.57 -7.49 0.24 5.04 4.32 1.72 -3.66 -10.46 -21.86
-27.66 -14.94 -15.34 -17.51 -6.09 0.41 5.64 3.72 0.21 -7.34 -12.87 -19.93
-20.28 -23.73 -18.99 -15.17 -9.92 0.42 3.82 4.02 0.42 -6.54 -17.95 -23.3
-25.98 -25.93 -20.47 -14.54 -8.75 0.81 3.19 4.84 2.32 -5.21 -13.79 -15.96
-19.86 -28.08 -22.65 -17.49 -5.24 1.47 4.54 4.1 -0.08 -7.22 -17.52 -24.48
-26.21 -19.18 -22.26 -21.63 -5.57 2.27 5.84 3.82 -0.71 -6.04 -16.75 -17.5
-20.17 -22.6 -27.1 -14.36 -7.05 0.14 5.34 5.27 0.94 -5.84 -11.64 -23.06
-30.26 -22.93 -24.83 -19.57 -7.77 0.24 4.44 4.34 2.14 -6.84 -13.82 -20.83
-22.28 -24.56 -26.19 -16.47 -6.71 2.8 4.94 4.54 2.14 -4.22 -12.87 -22.33
-18.25 -21.53 -18.19 -12.52 -3.14 2.47 6.44 4.64 0.92 -6.94 -12.49 -23.98
-26.83 -19.3 -15.84 -15.17 -4.72 3.19 5.64 4.32 -0.11 -6.34 -13.49 -20.55
-22 -20.81 -21.72 -15.14 -5.26 3.09 5.74 5.44 -0.78 -4.84 -13.89 -13.3
-23.84 -26.21 -21.04 -16.19 -4.84 2.37 5.02 4.86 0.82 -6.44 -15.42 -23.66
-22.79 -29.78 -22.79 -21.23 -7.11 1.5 4.17 4.54 0.94 -9.09 -16.57 -24.26
-18.4 -24.33 -29.42 -18.06 -6.23 1.97 6.39 6.99 2.32 -6.52 -16.17 -18.77
-14.82 -25.19 -20.64 -14.97 -4.92 1.31 5.81 5.51 1.56 -6.53 -11.37 -22.06
-15 -21.15 -20.34 -16.37 -5.65 2.37 5.04 4.39 0.16 -6.39 -14.99 -24.05
-22.76 -21.24 -20.27 -17.47 -5.21 2.02 5.09 4.05 0.54 -7.53 -17.65 -21.43
-20.71 -22.68 -19.13 -13.54 -3.19 2.97 4.2 3.52 -0.46 -6.66 -14.72 -21.21
-19.83 -16.55 -19.94 -17.71 -8.71 1.13 4.45 4.49 0.56 -7.55 -14.81 -17.7
-23.28 -24.28 -20.64 -15.13 -4.82 1.04 5.42 3.7 -0.76 -10.15 -17.38 -12.06
-22.04 -31.38 -21.78 -20.08 -7.1 2.77 4.92 3.02 1.72 -4.33 -12.28 -20.68
-18.52 -22.33 -26.56 -22.68 -7.27 0.27 5.8 4.65 -0.61 -9.95 -10.36 -16.01
-25.26 -19.25 -23.12 -16.12 -5.09 2.73 4.89 3.02 -0.81 -8.61 -11.04 -17.35
-22.6 -27.25 -20.54 -18.17 -5.04 1.51 4.94 5.24 -1.68 -6.17 -16.97 -25.21
-17.95 -23.16 -24.8 -14.62 -5.62 1.69 5.62 3.32 0.04 -7.34 -18.29 -20.99
-29.86 -14.09 -18.14 -14.12 -6.36 2.12 4.57 4.72 2.12 -5.61 -16.27 -18.71
-25.45 -31.63 -20.99 -11.6 -2.57 2.8 5.78 6.12 0.32 -6.74 -13.87 -21.92
-19.72 -22.19 -25.12 -18.24 -9.16 0.67 5.37 4.37 0.75 -5.53 -17.7 -27.81
-29.75 -15.52 -17.86 -14.23 -3.78 1.8 4.37 4.37 0 -6.81 -17.01 -20.93
-27.15 -22.48 -20.76 -18.24 -6.21 0.77 5.17 5.47 0.24 -7.71 -19.46 -24.07
-29.47 -25.87 -18.46 -19.04 -6.14 0.27 5.07 3.75 0.35 -7.41 -13.06 -19.72
-25.78 -24.98 -24.84 -20.34 -7.61 2.5 3.87 4.27 -0.23 -7.61 -15.26 -22.11
-22.99 -25.13 -20.53 -16.54 -5.44 1.9 5.55 5.9 0.12 -7.14 -11.03 -19.8
-19.8 -20.97 -22.12 -15.05 -8.93 0.95 3.45 3.75 0.09 -6.68 -15.82 -17.67
-24.17 -20.77 -21.43 -15.54 -4.81 2.7 5.67 6.72 1.07 -4.91 -13.31 -24.42
-25.35 -24.69 -20.2 -22.84 -6.29 1.43 4.35 4.05 0.05 -9.08 -12.41 -18.37
-25.75 -26.55 -21.13 -14.81 -4.81 3.48 5.95 5.67 1.83 -3.98 -13.41 -20.9
-20.14 -25.15 -18.36 -12.98 -6.34 3.2 5.87 5.77 3.78 -4.24 -9.49 -23.35
-21.35 -23.77 -25.59 -17.92 -6.32 3.47 6.45 6.07 0.37 -7.96 -10.38 -16.17
-21.47 -21.05 -23.96 -14.36 -5.99 2.5 5.35 4.07 0.12 -6.71 -16.51 -21.75
-17.8 -19.35 -25.41 -15.86 -5.49 2.02 4.2 3.67 1.35 -8.82 -15.38 -19.28
-11.78 -27.52 -25.88 -15.61 -6.81 2.37 5.05 4.37 -0.08 -5.64 -16.94 -21.65
-22.73 -29.72 -22.73 -21.17 -7.05 1.56 4.23 4.6 1 -9.03 -16.51 -24.2
-18.34 -24.27 -29.36 -18 -6.17 2.03 6.45 7.05 2.38 -6.46 -16.11 -18.71
-14.76 -25.13 -20.58 -14.91 -4.86 1.37 5.87 5.57 1.62 -6.47 -11.31 -22
-14.94 -21.09 -20.28 -16.31 -5.59 2.43 5.1 4.45 0.22 -6.33 -14.93 -23.99
-22.7 -21.18 -20.21 -17.41 -5.15 2.08 5.15 4.11 0.6 -7.47 -17.59 -21.37
-20.65 -22.62 -19.07 -13.48 -3.13 3.03 4.26 3.58 -0.4 -6.6 -14.66 -21.15
-19.77 -16.49 -19.88 -17.65 -8.65 1.19 4.51 4.55 0.62 -7.49 -14.75 -17.64
-23.22 -24.22 -20.58 -15.07 -4.76 1.1 5.48 3.76 -0.7 -10.09 -17.32 -12
-21.98 -31.32 -21.72 -20.02 -7.04 2.83 4.98 3.08 1.78 -4.27 -12.22 -20.62
-18.46 -22.27 -26.5 -22.62 -7.21 0.33 5.86 4.71 -0.55 -9.89 -10.3 -15.95
-25.2 -19.19 -23.06 -16.06 -5.03 2.79 4.95 3.08 -0.75 -8.55 -10.98 -17.29
-22.54 -27.19 -20.48 -18.11 -4.98 1.57 5 5.3 -1.62 -6.11 -16.91 -25.15
-17.89 -23.1 -24.74 -14.56 -5.56 1.75 5.68 3.38 0.1 -7.28 -18.23 -20.93
-29.8 -14.03 -18.08 -14.06 -6.3 2.18 4.63 4.78 2.18 -5.55 -16.21 -18.65
-25.39 -31.57 -20.93 -11.54 -2.51 2.86 5.84 6.18 0.38 -6.68 -13.81 -21.86
-26.66 -27.37 -19.7 -15.35 -6.6 0.21 2.89 3.38 -1.42 -9.72 -15.95 -20.29
-27.16 -26.86 -18.33 -14.43 -8.1 1.06 4.76 3.31 -1.24 -7.28 -16.94 -20.42
-28.34 -24.29 -20.36 -15.57 -6.8 0.17 4.38 3.58 -1.56 -7.75 -17.22 -17.72
-28.75 -20.62 -22.85 -17.04 -6.6 1.61 4.36 3.81 1 -5.81 -12.43 -15.87
-22.81 -23.09 -16.59 -16.23 -8.69 1.21 4.88 4.18 0.98 -6.53 -14.51 -21.29
-25.96 -25.16 -25.38 -11.64 -6.4 3.21 5.03 4.58 -0.84 -6.5 -14.47 -23.29
-18.44 -21.79 -22.63 -18.4 -9.1 1.61 5.58 4.7 1.73 -3.9 -9.85 -13.37
-22.11 -18.06 -21.59 -12.31 -7.6 1.81 4.88 3.74 -0.84 -6.64 -14.1 -20.79
-30.78 -22.71 -24.58 -13.63 -6.44 2.41 5.08 3.43 1.68 -5.92 -14.75 -22.77
-21.16 -24.89 -21.56 -10.73 -2.4 3.04 5.14 4.98 0.55 -5.73 -8.95 -19.74
-23.94 -20.31 -22.3 -15.83 -6.8 2.41 4.58 5.58 1.53 -3.9 -13.25 -20.14
-17.26 -20.69 -23.35 -13.85 -7.9 1.31 3.86 3.1 1.06 -7.8 -16.65 -24.29
-24.09 -24.94 -20.43 -15.13 -2.7 3.51 4.91 3.76 0.16 -5.23 -10.45 -21.32
-25.16 -23.82 -23 -19.97 -5.9 1.88 4.88 4.68 0.96 -5.12 -13.43 -19.6
-22.6 -24.85 -26.4 -11.4 -6.76 0.67 5.01 3.06 0.98 -8.7 -15.26 -22.41
-19.5 -21.97 -24.9 -18.02 -8.94 0.89 5.59 4.59 0.97 -5.31 -17.48 -27.59
-29.53 -15.3 -17.64 -14.01 -3.56 2.02 4.59 4.59 0.22 -6.59 -16.79 -20.71
-26.93 -22.26 -20.54 -18.02 -5.99 0.99 5.39 5.69 0.46 -7.49 -19.24 -23.85
-29.25 -25.65 -18.24 -18.82 -5.92 0.49 5.29 3.97 0.57 -7.19 -12.84 -19.5
-25.56 -24.76 -24.62 -20.12 -7.39 2.72 4.09 4.49 -0.01 -7.39 -15.04 -21.89
-22.77 -24.91 -20.31 -16.32 -5.22 2.12 5.77 6.12 0.34 -6.92 -10.81 -19.58
-19.58 -20.75 -21.9 -14.83 -8.71 1.17 3.67 3.97 0.31 -6.46 -15.6 -17.45
-23.95 -20.55 -21.21 -15.32 -4.59 2.92 5.89 6.94 1.29 -4.69 -13.09 -24.2
-25.13 -24.47 -19.98 -22.62 -6.07 1.65 4.57 4.27 0.27 -8.86 -12.19 -18.15
-25.53 -26.33 -20.91 -14.59 -4.59 3.7 6.17 5.89 2.05 -3.76 -13.19 -20.68
-19.92 -24.93 -18.14 -12.76 -6.12 3.42 6.09 5.99 4 -4.02 -9.27 -23.13
-21.13 -23.55 -25.37 -17.7 -6.1 3.69 6.67 6.29 0.59 -7.74 -10.16 -15.95
-21.25 -20.83 -23.74 -14.14 -5.77 2.72 5.57 4.29 0.34 -6.49 -16.29 -21.53
-17.58 -19.13 -25.19 -15.64 -5.27 2.24 4.42 3.89 1.57 -8.6 -15.16 -19.06
-11.56 -27.3 -25.66 -15.39 -6.59 2.59 5.27 4.59 0.14 -5.42 -16.72 -21.43
-22.5 -27.53 -27.15 -18.63 -6.31 1.3 4.98 3.26 -0.3 -5.68 -12.58 -23.11
-25.84 -19.62 -23.73 -14.03 -4.96 1.95 3.94 4.03 -0.2 -7.52 -14.1 -22.81
-26.37 -22.29 -22.65 -11.02 -6.38 2.28 3.88 3.35 -0.89 -9.36 -17.78 -22.27
-21.29 -23.64 -17.61 -18.67 -8.62 -0.27 4 3.8 0.69 -5.66 -14.11 -19.03
-13.62 -20.83 -22.04 -16.31 -8.79 0.3 4.99 5.43 0.29 -4.91 -10.51 -19.27
-25.04 -25.4 -21.76 -14.94 -4.63 2.57 4.28 3.33 0.95 -4.69 -12.11 -18.84
-21.89 -26.26 -21.8 -16.9 -7.22 0.55 4.66 4.63 1.6 -4 -10.51 -19.99
-23.42 -26.42 -25.31 -15.19 -5.13 3.56 5.54 4.53 1.38 -5.32 -11.22 -23.8
-19.91 -25.01 -20.44 -11.19 -2.78 2.76 4.9 3.8 0.38 -6.81 -13.86 -25.34
-22.28 -27.22 -22.38 -17.62 -6.91 0.48 4.16 4.33 0.15 -10.96 -16.68 -17
-19.99 -24.16 -23.41 -15.15 -4.21 1.34 5.58 2.6 0.08 -8.05 -20.2 -21.04
-16.02 -22.29 -23.41 -11.61 -4.51 3.2 5.31 4.08 -0.19 -5.98 -13.17 -25.67
-25.47 -21.25 -18.18 -15.3 -8.31 3.28 5.58 4.35 0.08 -8.92 -16.14 -17.94
-16.9 -19.18 -26.68 -17.42 -3.59 2.33 4.42 4.9 1.3 -5.57 -11.08 -24.26
-23.84 -20.43 -16 -18.7 -5.16 1.11 5.98 4.58 0.58 -5.52 -14.94 -15.87
-26.53 -27.24 -19.57 -15.22 -6.47 0.34 3.02 3.51 -1.29 -9.59 -15.82 -20.16
-27.03 -26.73 -18.2 -14.3 -7.97 1.19 4.89 3.44 -1.11 -7.15 -16.81 -20.29
-28.21 -24.16 -20.23 -15.44 -6.67 0.3 4.51 3.71 -1.43 -7.62 -17.09 -17.59
-28.62 -20.49 -22.72 -16.91 -6.47 1.74 4.49 3.94 1.13 -5.68 -12.3 -15.74
-22.68 -22.96 -16.46 -16.1 -8.56 1.34 5.01 4.31 1.11 -6.4 -14.38 -21.16
-25.83 -25.03 -25.25 -11.51 -6.27 3.34 5.16 4.71 -0.71 -6.37 -14.34 -23.16
-18.31 -21.66 -22.5 -18.27 -8.97 1.74 5.71 4.83 1.86 -3.77 -9.72 -13.24
-21.98 -17.93 -21.46 -12.18 -7.47 1.94 5.01 3.87 -0.71 -6.51 -13.97 -20.66
-30.65 -22.58 -24.45 -13.5 -6.31 2.54 5.21 3.56 1.81 -5.79 -14.62 -22.64
-21.03 -24.76 -21.43 -10.6 -2.27 3.17 5.27 5.11 0.68 -5.6 -8.82 -19.61
-23.81 -20.18 -22.17 -15.7 -6.67 2.54 4.71 5.71 1.66 -3.77 -13.12 -20.01
-17.13 -20.56 -23.22 -13.72 -7.77 1.44 3.99 3.23 1.19 -7.67 -16.52 -24.16
-23.96 -24.81 -20.3 -15 -2.57 3.64 5.04 3.89 0.29 -5.1 -10.32 -21.19
-25.03 -23.69 -22.87 -19.84 -5.77 2.01 5.01 4.81 1.09 -4.99 -13.3 -19.47
-22.47 -24.72 -26.27 -11.27 -6.63 0.8 5.14 3.19 1.11 -8.57 -15.13 -22.28
-19.58 -22.05 -24.98 -18.1 -9.02 0.81 5.51 4.51 0.89 -5.39 -17.56 -27.67
-29.61 -15.38 -17.72 -14.09 -3.64 1.94 4.51 4.51 0.14 -6.67 -16.87 -20.79
-27.01 -22.34 -20.62 -18.1 -6.07 0.91 5.31 5.61 0.38 -7.57 -19.32 -23.93
-29.33 -25.73 -18.32 -18.9 -6 0.41 5.21 3.89 0.49 -7.27 -12.92 -19.58
-25.64 -24.84 -24.7 -20.2 -7.47 2.64 4.01 4.41 -0.09 -7.47 -15.12 -21.97
-22.85 -24.99 -20.39 -16.4 -5.3 2.04 5.69 6.04 0.26 -7 -10.89 -19.66
-19.66 -20.83 -21.98 -14.91 -8.79 1.09 3.59 3.89 0.23 -6.54 -15.68 -17.53
-24.03 -20.63 -21.29 -15.4 -4.67 2.84 5.81 6.86 1.21 -4.77 -13.17 -24.28
-25.21 -24.55 -20.06 -22.7 -6.15 1.57 4.49 4.19 0.19 -8.94 -12.27 -18.23
-25.61 -26.41 -20.99 -14.67 -4.67 3.62 6.09 5.81 1.97 -3.84 -13.27 -20.76
-20 -25.01 -18.22 -12.84 -6.2 3.34 6.01 5.91 3.92 -4.1 -9.35 -23.21
-21.21 -23.63 -25.45 -17.78 -6.18 3.61 6.59 6.21 0.51 -7.82 -10.24 -16.03
-21.33 -20.91 -23.82 -14.22 -5.85 2.64 5.49 4.21 0.26 -6.57 -16.37 -21.61
-17.66 -19.21 -25.27 -15.72 -5.35 2.16 4.34 3.81 1.49 -8.68 -15.24 -19.14
-11.64 -27.38 -25.74 -15.47 -6.67 2.51 5.19 4.51 0.06 -5.5 -16.8 -21.51
-26.65 -27.36 -19.69 -15.34 -6.59 0.22 2.9 3.39 -1.41 -9.71 -15.94 -20.28
-27.15 -26.85 -18.32 -14.42 -8.09 1.07 4.77 3.32 -1.23 -7.27 -16.93 -20.41
-28.33 -24.28 -20.35 -15.56 -6.79 0.18 4.39 3.59 -1.55 -7.74 -17.21 -17.71
-28.74 -20.61 -22.84 -17.03 -6.59 1.62 4.37 3.82 1.01 -5.8 -12.42 -15.86
-22.8 -23.08 -16.58 -16.22 -8.68 1.22 4.89 4.19 0.99 -6.52 -14.5 -21.28
-25.95 -25.15 -25.37 -11.63 -6.39 3.22 5.04 4.59 -0.83 -6.49 -14.46 -23.28
-18.43 -21.78 -22.62 -18.39 -9.09 1.62 5.59 4.71 1.74 -3.89 -9.84 -13.36
-22.1 -18.05 -21.58 -12.3 -7.59 1.82 4.89 3.75 -0.83 -6.63 -14.09 -20.78
-30.77 -22.7 -24.57 -13.62 -6.43 2.42 5.09 3.44 1.69 -5.91 -14.74 -22.76
-21.15 -24.88 -21.55 -10.72 -2.39 3.05 5.15 4.99 0.56 -5.72 -8.94 -19.73
-23.93 -20.3 -22.29 -15.82 -6.79 2.42 4.59 5.59 1.54 -3.89 -13.24 -20.13
-17.25 -20.68 -23.34 -13.84 -7.89 1.32 3.87 3.11 1.07 -7.79 -16.64 -24.28
-24.08 -24.93 -20.42 -15.12 -2.69 3.52 4.92 3.77 0.17 -5.22 -10.44 -21.31
-25.15 -23.81 -22.99 -19.96 -5.89 1.89 4.89 4.69 0.97 -5.11 -13.42 -19.59
-22.59 -24.84 -26.39 -11.39 -6.75 0.68 5.02 3.07 0.99 -8.69 -15.25 -22.4
-26.62 -27.33 -19.66 -15.31 -6.56 0.25 2.93 3.42 -1.38 -9.68 -15.91 -20.25
-27.12 -26.82 -18.29 -14.39 -8.06 1.1 4.8 3.35 -1.2 -7.24 -16.9 -20.38
-28.3 -24.25 -20.32 -15.53 -6.76 0.21 4.42 3.62 -1.52 -7.71 -17.18 -17.68
-28.71 -20.58 -22.81 -17 -6.56 1.65 4.4 3.85 1.04 -5.77 -12.39 -15.83
-22.77 -23.05 -16.55 -16.19 -8.65 1.25 4.92 4.22 1.02 -6.49 -14.47 -21.25
-25.92 -25.12 -25.34 -11.6 -6.36 3.25 5.07 4.62 -0.8 -6.46 -14.43 -23.25
-18.4 -21.75 -22.59 -18.36 -9.06 1.65 5.62 4.74 1.77 -3.86 -9.81 -13.33
-22.07 -18.02 -21.55 -12.27 -7.56 1.85 4.92 3.78 -0.8 -6.6 -14.06 -20.75
-30.74 -22.67 -24.54 -13.59 -6.4 2.45 5.12 3.47 1.72 -5.88 -14.71 -22.73
-21.12 -24.85 -21.52 -10.69 -2.36 3.08 5.18 5.02 0.59 -5.69 -8.91 -19.7
-23.9 -20.27 -22.26 -15.79 -6.76 2.45 4.62 5.62 1.57 -3.86 -13.21 -20.1
-17.22 -20.65 -23.31 -13.81 -7.86 1.35 3.9 3.14 1.1 -7.76 -16.61 -24.25
-24.05 -24.9 -20.39 -15.09 -2.66 3.55 4.95 3.8 0.2 -5.19 -10.41 -21.28
-25.12 -23.78 -22.96 -19.93 -5.86 1.92 4.92 4.72 1 -5.08 -13.39 -19.56
-22.56 -24.81 -26.36 -11.36 -6.72 0.71 5.05 3.1 1.02 -8.66 -15.22 -22.37
-22.46 -27.49 -27.11 -18.59 -6.27 1.34 5.02 3.3 -0.26 -5.64 -12.54 -23.07
-25.8 -19.58 -23.69 -13.99 -4.92 1.99 3.98 4.07 -0.16 -7.48 -14.06 -22.77
-26.33 -22.25 -22.61 -10.98 -6.34 2.32 3.92 3.39 -0.85 -9.32 -17.74 -22.23
-21.25 -23.6 -17.57 -18.63 -8.58 -0.23 4.04 3.84 0.73 -5.62 -14.07 -18.99
-13.58 -20.79 -22 -16.27 -8.75 0.34 5.03 5.47 0.33 -4.87 -10.47 -19.23
-25 -25.36 -21.72 -14.9 -4.59 2.61 4.32 3.37 0.99 -4.65 -12.07 -18.8
-21.85 -26.22 -21.76 -16.86 -7.18 0.59 4.7 4.67 1.64 -3.96 -10.47 -19.95
-23.38 -26.38 -25.27 -15.15 -5.09 3.6 5.58 4.57 1.42 -5.28 -11.18 -23.76
-19.87 -24.97 -20.4 -11.15 -2.74 2.8 4.94 3.84 0.42 -6.77 -13.82 -25.3
-22.24 -27.18 -22.34 -17.58 -6.87 0.52 4.2 4.37 0.19 -10.92 -16.64 -16.96
-19.95 -24.12 -23.37 -15.11 -4.17 1.38 5.62 2.64 0.12 -8.01 -20.16 -21
-15.98 -22.25 -23.37 -11.57 -4.47 3.24 5.35 4.12 -0.15 -5.94 -13.13 -25.63
-25.43 -21.21 -18.14 -15.26 -8.27 3.32 5.62 4.39 0.12 -8.88 -16.1 -17.9
-16.86 -19.14 -26.64 -17.38 -3.55 2.37 4.46 4.94 1.34 -5.53 -11.04 -24.22
-23.8 -20.39 -15.96 -18.66 -5.12 1.15 6.02 4.62 0.62 -5.48 -14.9 -15.83
-19.64 -22.11 -25.04 -18.16 -9.08 0.75 5.45 4.45 0.83 -5.45 -17.62 -27.73
-29.67 -15.44 -17.78 -14.15 -3.7 1.88 4.45 4.45 0.08 -6.73 -16.93 -20.85
-27.07 -22.4 -20.68 -18.16 -6.13 0.85 5.25 5.55 0.32 -7.63 -19.38 -23.99
-29.39 -25.79 -18.38 -18.96 -6.06 0.35 5.15 3.83 0.43 -7.33 -12.98 -19.64
-25.7 -24.9 -24.76 -20.26 -7.53 2.58 3.95 4.35 -0.15 -7.53 -15.18 -22.03
-22.91 -25.05 -20.45 -16.46 -5.36 1.98 5.63 5.98 0.2 -7.06 -10.95 -19.72
-19.72 -20.89 -22.04 -14.97 -8.85 1.03 3.53 3.83 0.17 -6.6 -15.74 -17.59
-24.09 -20.69 -21.35 -15.46 -4.73 2.78 5.75 6.8 1.15 -4.83 -13.23 -24.34
-25.27 -24.61 -20.12 -22.76 -6.21 1.51 4.43 4.13 0.13 -9 -12.33 -18.29
-25.67 -26.47 -21.05 -14.73 -4.73 3.56 6.03 5.75 1.91 -3.9 -13.33 -20.82
-20.06 -25.07 -18.28 -12.9 -6.26 3.28 5.95 5.85 3.86 -4.16 -9.41 -23.27
-21.27 -23.69 -25.51 -17.84 -6.24 3.55 6.53 6.15 0.45 -7.88 -10.3 -16.09
-21.39 -20.97 -23.88 -14.28 -5.91 2.58 5.43 4.15 0.2 -6.63 -16.43 -21.67
-17.72 -19.27 -25.33 -15.78 -5.41 2.1 4.28 3.75 1.43 -8.74 -15.3 -19.2
-11.7 -27.44 -25.8 -15.53 -6.73 2.45 5.13 4.45 0 -5.56 -16.86 -21.57
-19.59 -22.06 -24.99 -18.11 -9.03 0.8 5.5 4.5 0.88 -5.4 -17.57 -27.68
-29.62 -15.39 -17.73 -14.1 -3.65 1.93 4.5 4.5 0.13 -6.68 -16.88 -20.8
-27.02 -22.35 -20.63 -18.11 -6.08 0.9 5.3 5.6 0.37 -7.58 -19.33 -23.94
-29.34 -25.74 -18.33 -18.91 -6.01 0.4 5.2 3.88 0.48 -7.28 -12.93 -19.59
-25.65 -24.85 -24.71 -20.21 -7.48 2.63 4 4.4 -0.1 -7.48 -15.13 -21.98
-22.86 -25 -20.4 -16.41 -5.31 2.03 5.68 6.03 0.25 -7.01 -10.9 -19.67
-19.67 -20.84 -21.99 -14.92 -8.8 1.08 3.58 3.88 0.22 -6.55 -15.69 -17.54
-24.04 -20.64 -21.3 -15.41 -4.68 2.83 5.8 6.85 1.2 -4.78 -13.18 -24.29
-25.22 -24.56 -20.07 -22.71 -6.16 1.56 4.48 4.18 0.18 -8.95 -12.28 -18.24
-25.62 -26.42 -21 -14.68 -4.68 3.61 6.08 5.8 1.96 -3.85 -13.28 -20.77
-20.01 -25.02 -18.23 -12.85 -6.21 3.33 6 5.9 3.91 -4.11 -9.36 -23.22
-21.22 -23.64 -25.46 -17.79 -6.19 3.6 6.58 6.2 0.5 -7.83 -10.25 -16.04
-21.34 -20.92 -23.83 -14.23 -5.86 2.63 5.48 4.2 0.25 -6.58 -16.38 -21.62
-17.67 -19.22 -25.28 -15.73 -5.36 2.15 4.33 3.8 1.48 -8.69 -15.25 -19.15
-11.65 -27.39 -25.75 -15.48 -6.68 2.5 5.18 4.5 0.05 -5.51 -16.81 -21.52
-26.51 -27.22 -19.55 -15.2 -6.45 0.36 3.04 3.53 -1.27 -9.57 -15.8 -20.14
-27.01 -26.71 -18.18 -14.28 -7.95 1.21 4.91 3.46 -1.09 -7.13 -16.79 -20.27
-28.19 -24.14 -20.21 -15.42 -6.65 0.32 4.53 3.73 -1.41 -7.6 -17.07 -17.57
-28.6 -20.47 -22.7 -16.89 -6.45 1.76 4.51 3.96 1.15 -5.66 -12.28 -15.72
-22.66 -22.94 -16.44 -16.08 -8.54 1.36 5.03 4.33 1.13 -6.38 -14.36 -21.14
-25.81 -25.01 -25.23 -11.49 -6.25 3.36 5.18 4.73 -0.69 -6.35 -14.32 -23.14
-18.29 -21.64 -22.48 -18.25 -8.95 1.76 5.73 4.85 1.88 -3.75 -9.7 -13.22
-21.96 -17.91 -21.44 -12.16 -7.45 1.96 5.03 3.89 -0.69 -6.49 -13.95 -20.64
-30.63 -22.56 -24.43 -13.48 -6.29 2.56 5.23 3.58 1.83 -5.77 -14.6 -22.62
-21.01 -24.74 -21.41 -10.58 -2.25 3.19 5.29 5.13 0.7 -5.58 -8.8 -19.59
-23.79 -20.16 -22.15 -15.68 -6.65 2.56 4.73 5.73 1.68 -3.75 -13.1 -19.99
-17.11 -20.54 -23.2 -13.7 -7.75 1.46 4.01 3.25 1.21 -7.65 -16.5 -24.14
-23.94 -24.79 -20.28 -14.98 -2.55 3.66 5.06 3.91 0.31 -5.08 -10.3 -21.17
-25.01 -23.67 -22.85 -19.82 -5.75 2.03 5.03 4.83 1.11 -4.97 -13.28 -19.45
-22.45 -24.7 -26.25 -11.25 -6.61 0.82 5.16 3.21 1.13 -8.55 -15.11 -22.26
-19.51 -26.56 -27.01 -17.03 -2.79 1.72 5.02 3.46 0.45 -6.92 -13.45 -24.07
-18.35 -16.36 -18.01 -13.84 -5.64 2.1 5.76 4.96 -1.42 -8.07 -13.22 -18.82
-15.68 -21.34 -23.45 -14.52 -5.5 1.36 4.62 2.49 -0.02 -9.51 -15.08 -17.16
-27.94 -30.04 -25.31 -18.08 -6.84 3.34 5.26 4.84 0.46 -6.17 -14.05 -20.98
-23.51 -28.56 -20.39 -15.54 -8.22 0.49 3.16 2.79 -1.37 -10.87 -10 -23.68
-20.68 -23.76 -24.86 -18.9 -7.36 2.42 4.69 3.96 0.66 -8.89 -10.06 -19.95
-20.56 -23.86 -15.08 -14.3 -2.53 3.32 5.74 3.74 1.24 -5.71 -16.22 -17.58
-17.81 -26.94 -20.08 -18.73 -5.48 1.87 6.09 6.24 0.46 -7.27 -13.62 -22.74
-15.09 -25.36 -24.15 -15.28 -2.87 2.66 5.34 3.55 2.34 -6.7 -20.69 -19.69
-23.9 -21.6 -22.17 -17.55 -4.34 3.27 3.74 3.66 0.8 -9.22 -12.55 -18.06
-21.83 -28.08 -23.64 -17.49 -7.15 2.3 5.59 4.07 1.06 -7.55 -13.18 -19.84
-22.37 -20.83 -24.98 -16.99 -5.05 0.91 6.81 5.74 1.39 -6.75 -15.35 -17.36
-24.36 -21.89 -26.17 -16.37 -7.53 1.57 4.47 3.29 0.54 -7.59 -11.74 -20.59
-22.44 -27.78 -20.77 -17.37 -5.95 2.06 6.29 6.59 2.64 -4.83 -14.84 -26.97
-25.84 -21.53 -20.27 -17.62 -6.82 0.42 4.26 5.34 -0.86 -8.94 -16.04 -24.66
-19.34 -26.39 -26.84 -16.86 -2.62 1.89 5.19 3.63 0.62 -6.75 -13.28 -23.9
-18.18 -16.19 -17.84 -13.67 -5.47 2.27 5.93 5.13 -1.25 -7.9 -13.05 -18.65
-15.51 -21.17 -23.28 -14.35 -5.33 1.53 4.79 2.66 0.15 -9.34 -14.91 -16.99
-27.77 -29.87 -25.14 -17.91 -6.67 3.51 5.43 5.01 0.63 -6 -13.88 -20.81
-23.34 -28.39 -20.22 -15.37 -8.05 0.66 3.33 2.96 -1.2 -10.7 -9.83 -23.51
-20.51 -23.59 -24.69 -18.73 -7.19 2.59 4.86 4.13 0.83 -8.72 -9.89 -19.78
-20.39 -23.69 -14.91 -14.13 -2.36 3.49 5.91 3.91 1.41 -5.54 -16.05 -17.41
-17.64 -26.77 -19.91 -18.56 -5.31 2.04 6.26 6.41 0.63 -7.1 -13.45 -22.57
-14.92 -25.19 -23.98 -15.11 -2.7 2.83 5.51 3.72 2.51 -6.53 -20.52 -19.52
-23.73 -21.43 -22 -17.38 -4.17 3.44 3.91 3.83 0.97 -9.05 -12.38 -17.89
-21.66 -27.91 -23.47 -17.32 -6.98 2.47 5.76 4.24 1.23 -7.38 -13.01 -19.67
-22.2 -20.66 -24.81 -16.82 -4.88 1.08 6.98 5.91 1.56 -6.58 -15.18 -17.19
-24.19 -21.72 -26 -16.2 -7.36 1.74 4.64 3.46 0.71 -7.42 -11.57 -20.42
-22.27 -27.61 -20.6 -17.2 -5.78 2.23 6.46 6.76 2.81 -4.66 -14.67 -26.8
-25.67 -21.36 -20.1 -17.45 -6.65 0.59 4.43 5.51 -0.69 -8.77 -15.87 -24.49
-19.63 -22.1 -25.03 -18.15 -9.07 0.76 5.46 4.46 0.84 -5.44 -17.61 -27.72
-29.66 -15.43 -17.77 -14.14 -3.69 1.89 4.46 4.46 0.09 -6.72 -16.92 -20.84
-27.06 -22.39 -20.67 -18.15 -6.12 0.86 5.26 5.56 0.33 -7.62 -19.37 -23.98
-29.38 -25.78 -18.37 -18.95 -6.05 0.36 5.16 3.84 0.44 -7.32 -12.97 -19.63
-25.69 -24.89 -24.75 -20.25 -7.52 2.59 3.96 4.36 -0.14 -7.52 -15.17 -22.02
-22.9 -25.04 -20.44 -16.45 -5.35 1.99 5.64 5.99 0.21 -7.05 -10.94 -19.71
-19.71 -20.88 -22.03 -14.96 -8.84 1.04 3.54 3.84 0.18 -6.59 -15.73 -17.58
-24.08 -20.68 -21.34 -15.45 -4.72 2.79 5.76 6.81 1.16 -4.82 -13.22 -24.33
-25.26 -24.6 -20.11 -22.75 -6.2 1.52 4.44 4.14 0.14 -8.99 -12.32 -18.28
-25.66 -26.46 -21.04 -14.72 -4.72 3.57 6.04 5.76 1.92 -3.89 -13.32 -20.81
-20.05 -25.06 -18.27 -12.89 -6.25 3.29 5.96 5.86 3.87 -4.15 -9.4 -23.26
-21.26 -23.68 -25.5 -17.83 -6.23 3.56 6.54 6.16 0.46 -7.87 -10.29 -16.08
-21.38 -20.96 -23.87 -14.27 -5.9 2.59 5.44 4.16 0.21 -6.62 -16.42 -21.66
-17.71 -19.26 -25.32 -15.77 -5.4 2.11 4.29 3.76 1.44 -8.73 -15.29 -19.19
-11.69 -27.43 -25.79 -15.52 -6.72 2.46 5.14 4.46 0.01 -5.55 -16.85 -21.56
-19.3 -26.35 -26.8 -16.82 -2.58 1.93 5.23 3.67 0.66 -6.71 -13.24 -23.86
-18.14 -16.15 -17.8 -13.63 -5.43 2.31 5.97 5.17 -1.21 -7.86 -13.01 -18.61
-15.47 -21.13 -23.24 -14.31 -5.29 1.57 4.83 2.7 0.19 -9.3 -14.87 -16.95
-27.73 -29.83 -25.1 -17.87 -6.63 3.55 5.47 5.05 0.67 -5.96 -13.84 -20.77
-23.3 -28.35 -20.18 -15.33 -8.01 0.7 3.37 3 -1.16 -10.66 -9.79 -23.47
-20.47 -23.55 -24.65 -18.69 -7.15 2.63 4.9 4.17 0.87 -8.68 -9.85 -19.74
-20.35 -23.65 -14.87 -14.09 -2.32 3.53 5.95 3.95 1.45 -5.5 -16.01 -17.37
-17.6 -26.73 -19.87 -18.52 -5.27 2.08 6.3 6.45 0.67 -7.06 -13.41 -22.53
-14.88 -25.15 -23.94 -15.07 -2.66 2.87 5.55 3.76 2.55 -6.49 -20.48 -19.48
-23.69 -21.39 -21.96 -17.34 -4.13 3.48 3.95 3.87 1.01 -9.01 -12.34 -17.85
-21.62 -27.87 -23.43 -17.28 -6.94 2.51 5.8 4.28 1.27 -7.34 -12.97 -19.63
-22.16 -20.62 -24.77 -16.78 -4.84 1.12 7.02 5.95 1.6 -6.54 -15.14 -17.15
-24.15 -21.68 -25.96 -16.16 -7.32 1.78 4.68 3.5 0.75 -7.38 -11.53 -20.38
-22.23 -27.57 -20.56 -17.16 -5.74 2.27 6.5 6.8 2.85 -4.62 -14.63 -26.76
-25.63 -21.32 -20.06 -17.41 -6.61 0.63 4.47 5.55 -0.65 -8.73 -15.83 -24.45
-22.79 -29.78 -22.79 -21.23 -7.11 1.5 4.17 4.54 0.94 -9.09 -16.57 -24.26
-18.4 -24.33 -29.42 -18.06 -6.23 1.97 6.39 6.99 2.32 -6.52 -16.17 -18.77
-14.82 -25.19 -20.64 -14.97 -4.92 1.31 5.81 5.51 1.56 -6.53 -11.37 -22.06
-15 -21.15 -20.34 -16.37 -5.65 2.37 5.04 4.39 0.16 -6.39 -14.99 -24.05
-22.76 -21.24 -20.27 -17.47 -5.21 2.02 5.09 4.05 0.54 -7.53 -17.65 -21.43
-20.71 -22.68 -19.13 -13.54 -3.19 2.97 4.2 3.52 -0.46 -6.66 -14.72 -21.21
-19.83 -16.55 -19.94 -17.71 -8.71 1.13 4.45 4.49 0.56 -7.55 -14.81 -17.7
-23.28 -24.28 -20.64 -15.13 -4.82 1.04 5.42 3.7 -0.76 -10.15 -17.38 -12.06
-22.04 -31.38 -21.78 -20.08 -7.1 2.77 4.92 3.02 1.72 -4.33 -12.28 -20.68
-18.52 -22.33 -26.56 -22.68 -7.27 0.27 5.8 4.65 -0.61 -9.95 -10.36 -16.01
-25.26 -19.25 -23.12 -16.12 -5.09 2.73 4.89 3.02 -0.81 -8.61 -11.04 -17.35
-22.6 -27.25 -20.54 -18.17 -5.04 1.51 4.94 5.24 -1.68 -6.17 -16.97 -25.21
-17.95 -23.16 -24.8 -14.62 -5.62 1.69 5.62 3.32 0.04 -7.34 -18.29 -20.99
-29.86 -14.09 -18.14 -14.12 -6.36 2.12 4.57 4.72 2.12 -5.61 -16.27 -18.71
-25.45 -31.63 -20.99 -11.6 -2.57 2.8 5.78 6.12 0.32 -6.74 -13.87 -21.92
-19.44 -26.49 -26.94 -16.96 -2.72 1.79 5.09 3.53 0.52 -6.85 -13.38 -24
-18.28 -16.29 -17.94 -13.77 -5.57 2.17 5.83 5.03 -1.35 -8 -13.15 -18.75
-15.61 -21.27 -23.38 -14.45 -5.43 1.43 4.69 2.56 0.05 -9.44 -15.01 -17.09
-27.87 -29.97 -25.24 -18.01 -6.77 3.41 5.33 4.91 0.53 -6.1 -13.98 -20.91
-23.44 -28.49 -20.32 -15.47 -8.15 0.56 3.23 2.86 -1.3 -10.8 -9.93 -23.61
-20.61 -23.69 -24.79 -18.83 -7.29 2.49 4.76 4.03 0.73 -8.82 -9.99 -19.88
-20.49 -23.79 -15.01 -14.23 -2.46 3.39 5.81 3.81 1.31 -5.64 -16.15 -17.51
-17.74 -26.87 -20.01 -18.66 -5.41 1.94 6.16 6.31 0.53 -7.2 -13.55 -22.67
-15.02 -25.29 -24.08 -15.21 -2.8 2.73 5.41 3.62 2.41 -6.63 -20.62 -19.62
-23.83 -21.53 -22.1 -17.48 -4.27 3.34 3.81 3.73 0.87 -9.15 -12.48 -17.99
-21.76 -28.01 -23.57 -17.42 -7.08 2.37 5.66 4.14 1.13 -7.48 -13.11 -19.77
-22.3 -20.76 -24.91 -16.92 -4.98 0.98 6.88 5.81 1.46 -6.68 -15.28 -17.29
-24.29 -21.82 -26.1 -16.3 -7.46 1.64 4.54 3.36 0.61 -7.52 -11.67 -20.52
-22.37 -27.71 -20.7 -17.3 -5.88 2.13 6.36 6.66 2.71 -4.76 -14.77 -26.9
-25.77 -21.46 -20.2 -17.55 -6.75 0.49 4.33 5.41 -0.79 -8.87 -15.97 -24.59
-26.63 -27.34 -19.67 -15.32 -6.57 0.24 2.92 3.41 -1.39 -9.69 -15.92 -20.26
-27.13 -26.83 -18.3 -14.4 -8.07 1.09 4.79 3.34 -1.21 -7.25 -16.91 -20.39
-28.31 -24.26 -20.33 -15.54 -6.77 0.2 4.41 3.61 -1.53 -7.72 -17.19 -17.69
-28.72 -20.59 -22.82 -17.01 -6.57 1.64 4.39 3.84 1.03 -5.78 -12.4 -15.84
-22.78 -23.06 -16.56 -16.2 -8.66 1.24 4.91 4.21 1.01 -6.5 -14.48 -21.26
-25.93 -25.13 -25.35 -11.61 -6.37 3.24 5.06 4.61 -0.81 -6.47 -14.44 -23.26
-18.41 -21.76 -22.6 -18.37 -9.07 1.64 5.61 4.73 1.76 -3.87 -9.82 -13.34
-22.08 -18.03 -21.56 -12.28 -7.57 1.84 4.91 3.77 -0.81 -6.61 -14.07 -20.76
-30.75 -22.68 -24.55 -13.6 -6.41 2.44 5.11 3.46 1.71 -5.89 -14.72 -22.74
-21.13 -24.86 -21.53 -10.7 -2.37 3.07 5.17 5.01 0.58 -5.7 -8.92 -19.71
-23.91 -20.28 -22.27 -15.8 -6.77 2.44 4.61 5.61 1.56 -3.87 -13.22 -20.11
-17.23 -20.66 -23.32 -13.82 -7.87 1.34 3.89 3.13 1.09 -7.77 -16.62 -24.26
-24.06 -24.91 -20.4 -15.1 -2.67 3.54 4.94 3.79 0.19 -5.2 -10.42 -21.29
-25.13 -23.79 -22.97 -19.94 -5.87 1.91 4.91 4.71 0.99 -5.09 -13.4 -19.57
-22.57 -24.82 -26.37 -11.37 -6.73 0.7 5.04 3.09 1.01 -8.67 -15.23 -22.38
-22.73 -29.72 -22.73 -21.17 -7.05 1.56 4.23 4.6 1 -9.03 -16.51 -24.2
-18.34 -24.27 -29.36 -18 -6.17 2.03 6.45 7.05 2.38 -6.46 -16.11 -18.71
-14.76 -25.13 -20.58 -14.91 -4.86 1.37 5.87 5.57 1.62 -6.47 -11.31 -22
-14.94 -21.09 -20.28 -16.31 -5.59 2.43 5.1 4.45 0.22 -6.33 -14.93 -23.99
-22.7 -21.18 -20.21 -17.41 -5.15 2.08 5.15 4.11 0.6 -7.47 -17.59 -21.37
-20.65 -22.62 -19.07 -13.48 -3.13 3.03 4.26 3.58 -0.4 -6.6 -14.66 -21.15
-19.77 -16.49 -19.88 -17.65 -8.65 1.19 4.51 4.55 0.62 -7.49 -14.75 -17.64
-23.22 -24.22 -20.58 -15.07 -4.76 1.1 5.48 3.76 -0.7 -10.09 -17.32 -12
-21.98 -31.32 -21.72 -20.02 -7.04 2.83 4.98 3.08 1.78 -4.27 -12.22 -20.62
-18.46 -22.27 -26.5 -22.62 -7.21 0.33 5.86 4.71 -0.55 -9.89 -10.3 -15.95
-25.2 -19.19 -23.06 -16.06 -5.03 2.79 4.95 3.08 -0.75 -8.55 -10.98 -17.29
-22.54 -27.19 -20.48 -18.11 -4.98 1.57 5 5.3 -1.62 -6.11 -16.91 -25.15
-17.89 -23.1 -24.74 -14.56 -5.56 1.75 5.68 3.38 0.1 -7.28 -18.23 -20.93
-29.8 -14.03 -18.08 -14.06 -6.3 2.18 4.63 4.78 2.18 -5.55 -16.21 -18.65
-25.39 -31.57 -20.93 -11.54 -2.51 2.86 5.84 6.18 0.38 -6.68 -13.81 -21.86
-29.61 -25.11 -26.82 -12.36 -6.02 2.54 5.61 4.21 1.19 -5.24 -10.9 -15.08
-25.68 -30.82 -24.09 -16.62 -5.97 1.41 6.51 3.89 -0.74 -9.62 -12.92 -21.37
-31.04 -27.81 -20.45 -16.5 -7.42 0.31 5.11 4.39 1.79 -3.59 -10.39 -21.79
-27.59 -14.87 -15.27 -17.44 -6.02 0.48 5.71 3.79 0.28 -7.27 -12.8 -19.86
-20.21 -23.66 -18.92 -15.1 -9.85 0.49 3.89 4.09 0.49 -6.47 -17.88 -23.23
-25.91 -25.86 -20.4 -14.47 -8.68 0.88 3.26 4.91 2.39 -5.14 -13.72 -15.89
-19.79 -28.01 -22.58 -17.42 -5.17 1.54 4.61 4.17 -0.01 -7.15 -17.45 -24.41
-26.14 -19.11 -22.19 -21.56 -5.5 2.34 5.91 3.89 -0.64 -5.97 -16.68 -17.43
-20.1 -22.53 -27.03 -14.29 -6.98 0.21 5.41 5.34 1.01 -5.77 -11.57 -22.99
-30.19 -22.86 -24.76 -19.5 -7.7 0.31 4.51 4.41 2.21 -6.77 -13.75 -20.76
-22.21 -24.49 -26.12 -16.4 -6.64 2.87 5.01 4.61 2.21 -4.15 -12.8 -22.26
-18.18 -21.46 -18.12 -12.45 -3.07 2.54 6.51 4.71 0.99 -6.87 -12.42 -23.91
-26.76 -19.23 -15.77 -15.1 -4.65 3.26 5.71 4.39 -0.04 -6.27 -13.42 -20.48
-21.93 -20.74 -21.65 -15.07 -5.19 3.16 5.81 5.51 -0.71 -4.77 -13.82 -13.23
-23.77 -26.14 -20.97 -16.12 -4.77 2.44 5.09 4.93 0.89 -6.37 -15.35 -23.59
-22.83 -29.82 -22.83 -21.27 -7.15 1.46 4.13 4.5 0.9 -9.13 -16.61 -24.3
-18.44 -24.37 -29.46 -18.1 -6.27 1.93 6.35 6.95 2.28 -6.56 -16.21 -18.81
-14.86 -25.23 -20.68 -15.01 -4.96 1.27 5.77 5.47 1.52 -6.57 -11.41 -22.1
-15.04 -21.19 -20.38 -16.41 -5.69 2.33 5 4.35 0.12 -6.43 -15.03 -24.09
-22.8 -21.28 -20.31 -17.51 -5.25 1.98 5.05 4.01 0.5 -7.57 -17.69 -21.47
-20.75 -22.72 -19.17 -13.58 -3.23 2.93 4.16 3.48 -0.5 -6.7 -14.76 -21.25
-19.87 -16.59 -19.98 -17.75 -8.75 1.09 4.41 4.45 0.52 -7.59 -14.85 -17.74
-23.32 -24.32 -20.68 -15.17 -4.86 1 5.38 3.66 -0.8 -10.19 -17.42 -12.1
-22.08 -31.42 -21.82 -20.12 -7.14 2.73 4.88 2.98 1.68 -4.37 -12.32 -20.72
-18.56 -22.37 -26.6 -22.72 -7.31 0.23 5.76 4.61 -0.65 -9.99 -10.4 -16.05
-25.3 -19.29 -23.16 -16.16 -5.13 2.69 4.85 2.98 -0.85 -8.65 -11.08 -17.39
-22.64 -27.29 -20.58 -18.21 -5.08 1.47 4.9 5.2 -1.72 -6.21 -17.01 -25.25
-17.99 -23.2 -24.84 -14.66 -5.66 1.65 5.58 3.28 0 -7.38 -18.33 -21.03
-29.9 -14.13 -18.18 -14.16 -6.4 2.08 4.53 4.68 2.08 -5.65 -16.31 -18.75
-25.49 -31.67 -21.03 -11.64 -2.61 2.76 5.74 6.08 0.28 -6.78 -13.91 -21.96
-26.52 -27.23 -19.56 -15.21 -6.46 0.35 3.03 3.52 -1.28 -9.58 -15.81 -20.15
-27.02 -26.72 -18.19 -14.29 -7.96 1.2 4.9 3.45 -1.1 -7.14 -16.8 -20.28
-28.2 -24.15 -20.22 -15.43 -6.66 0.31 4.52 3.72 -1.42 -7.61 -17.08 -17.58
-28.61 -20.48 -22.71 -16.9 -6.46 1.75 4.5 3.95 1.14 -5.67 -12.29 -15.73
-22.67 -22.95 -16.45 -16.09 -8.55 1.35 5.02 4.32 1.12 -6.39 -14.37 -21.15
-25.82 -25.02 -25.24 -11.5 -6.26 3.35 5.17 4.72 -0.7 -6.36 -14.33 -23.15
-18.3 -21.65 -22.49 -18.26 -8.96 1.75 5.72 4.84 1.87 -3.76 -9.71 -13.23
-21.97 -17.92 -21.45 -12.17 -7.46 1.95 5.02 3.88 -0.7 -6.5 -13.96 -20.65
-30.64 -22.57 -24.44 -13.49 -6.3 2.55 5.22 3.57 1.82 -5.78 -14.61 -22.63
-21.02 -24.75 -21.42 -10.59 -2.26 3.18 5.28 5.12 0.69 -5.59 -8.81 -19.6
-23.8 -20.17 -22.16 -15.69 -6.66 2.55 4.72 5.72 1.67 -3.76 -13.11 -20
-17.12 -20.55 -23.21 -13.71 -7.76 1.45 4 3.24 1.2 -7.66 -16.51 -24.15
-23.95 -24.8 -20.29 -14.99 -2.56 3.65 5.05 3.9 0.3 -5.09 -10.31 -21.18
-25.02 -23.68 -22.86 -19.83 -5.76 2.02 5.02 4.82 1.1 -4.98 -13.29 -19.46
-22.46 -24.71 -26.26 -11.26 -6.62 0.81 5.15 3.2 1.12 -8.56 -15.12 -22.27
-19.5 -21.97 -24.9 -18.02 -8.94 0.89 5.59 4.59 0.97 -5.31 -17.48 -27.59
-29.53 -15.3 -17.64 -14.01 -3.56 2.02 4.59 4.59 0.22 -6.59 -16.79 -20.71
-26.93 -22.26 -20.54 -18.02 -5.99 0.99 5.39 5.69 0.46 -7.49 -19.24 -23.85
-29.25 -25.65 -18.24 -18.82 -5.92 0.49 5.29 3.97 0.57 -7.19 -12.84 -19.5
-25.56 -24.76 -24.62 -20.12 -7.39 2.72 4.09 4.49 -0.01 -7.39 -15.04 -21.89
-22.77 -24.91 -20.31 -16.32 -5.22 2.12 5.77 6.12 0.34 -6.92 -10.81 -19.58
-19.58 -20.75 -21.9 -14.83 -8.71 1.17 3.67 3.97 0.31 -6.46 -15.6 -17.45
-23.95 -20.55 -21.21 -15.32 -4.59 2.92 5.89 6.94 1.29 -4.69 -13.09 -24.2
-25.13 -24.47 -19.98 -22.62 -6.07 1.65 4.57 4.27 0.27 -8.86 -12.19 -18.15
-25.53 -26.33 -20.91 -14.59 -4.59 3.7 6.17 5.89 2.05 -3.76 -13.19 -20.68
-19.92 -24.93 -18.14 -12.76 -6.12 3.42 6.09 5.99 4 -4.02 -9.27 -23.13
-21.13 -23.55 -25.37 -17.7 -6.1 3.69 6.67 6.29 0.59 -7.74 -10.16 -15.95
-21.25 -20.83 -23.74 -14.14 -5.77 2.72 5.57 4.29 0.34 -6.49 -16.29 -21.53
-17.58 -19.13 -25.19 -15.64 -5.27 2.24 4.42 3.89 1.57 -8.6 -15.16 -19.06
-11.56 -27.3 -25.66 -15.39 -6.59 2.59 5.27 4.59 0.14 -5.42 -16.72 -21.43
-22.49 -27.52 -27.14 -18.62 -6.3 1.31 4.99 3.27 -0.29 -5.67 -12.57 -23.1
-25.83 -19.61 -23.72 -14.02 -4.95 1.96 3.95 4.04 -0.19 -7.51 -14.09 -22.8
-26.36 -22.28 -22.64 -11.01 -6.37 2.29 3.89 3.36 -0.88 -9.35 -17.77 -22.26
-21.28 -23.63 -17.6 -18.66 -8.61 -0.26 4.01 3.81 0.7 -5.65 -14.1 -19.02
-13.61 -20.82 -22.03 -16.3 -8.78 0.31 5 5.44 0.3 -4.9 -10.5 -19.26
-25.03 -25.39 -21.75 -14.93 -4.62 2.58 4.29 3.34 0.96 -4.68 -12.1 -18.83
-21.88 -26.25 -21.79 -16.89 -7.21 0.56 4.67 4.64 1.61 -3.99 -10.5 -19.98
-23.41 -26.41 -25.3 -15.18 -5.12 3.57 5.55 4.54 1.39 -5.31 -11.21 -23.79
-19.9 -25 -20.43 -11.18 -2.77 2.77 4.91 3.81 0.39 -6.8 -13.85 -25.33
-22.27 -27.21 -22.37 -17.61 -6.9 0.49 4.17 4.34 0.16 -10.95 -16.67 -16.99
-19.98 -24.15 -23.4 -15.14 -4.2 1.35 5.59 2.61 0.09 -8.04 -20.19 -21.03
-16.01 -22.28 -23.4 -11.6 -4.5 3.21 5.32 4.09 -0.18 -5.97 -13.16 -25.66
-25.46 -21.24 -18.17 -15.29 -8.3 3.29 5.59 4.36 0.09 -8.91 -16.13 -17.93
-16.89 -19.17 -26.67 -17.41 -3.58 2.34 4.43 4.91 1.31 -5.56 -11.07 -24.25
-23.83 -20.42 -15.99 -18.69 -5.15 1.12 5.99 4.59 0.59 -5.51 -14.93 -15.86
-26.44 -27.15 -19.48 -15.13 -6.38 0.43 3.11 3.6 -1.2 -9.5 -15.73 -20.07
-26.94 -26.64 -18.11 -14.21 -7.88 1.28 4.98 3.53 -1.02 -7.06 -16.72 -20.2
-28.12 -24.07 -20.14 -15.35 -6.58 0.39 4.6 3.8 -1.34 -7.53 -17 -17.5
-28.53 -20.4 -22.63 -16.82 -6.38 1.83 4.58 4.03 1.22 -5.59 -12.21 -15.65
-22.59 -22.87 -16.37 -16.01 -8.47 1.43 5.1 4.4 1.2 -6.31 -14.29 -21.07
-25.74 -24.94 -25.16 -11.42 -6.18 3.43 5.25 4.8 -0.62 -6.28 -14.25 -23.07
-18.22 -21.57 -22.41 -18.18 -8.88 1.83 5.8 4.92 1.95 -3.68 -9.63 -13.15
-21.89 -17.84 -21.37 -12.09 -7.38 2.03 5.1 3.96 -0.62 -6.42 -13.88 -20.57
-30.56 -22.49 -24.36 -13.41 -6.22 2.63 5.3 3.65 1.9 -5.7 -14.53 -22.55
-20.94 -24.67 -21.34 -10.51 -2.18 3.26 5.36 5.2 0.77 -5.51 -8.73 -19.52
-23.72 -20.09 -22.08 -15.61 -6.58 2.63 4.8 5.8 1.75 -3.68 -13.03 -19.92
-17.04 -20.47 -23.13 -13.63 -7.68 1.53 4.08 3.32 1.28 -7.58 -16.43 -24.07
-23.87 -24.72 -20.21 -14.91 -2.48 3.73 5.13 3.98 0.38 -5.01 -10.23 -21.1
-24.94 -23.6 -22.78 -19.75 -5.68 2.1 5.1 4.9 1.18 -4.9 -13.21 -19.38
-22.38 -24.63 -26.18 -11.18 -6.54 0.89 5.23 3.28 1.2 -8.48 -15.04 -22.19
-29.53 -25.03 -26.74 -12.28 -5.94 2.62 5.69 4.29 1.27 -5.16 -10.82 -15
-25.6 -30.74 -24.01 -16.54 -5.89 1.49 6.59 3.97 -0.66 -9.54 -12.84 -21.29
-30.96 -27.73 -20.37 -16.42 -7.34 0.39 5.19 4.47 1.87 -3.51 -10.31 -21.71
-27.51 -14.79 -15.19 -17.36 -5.94 0.56 5.79 3.87 0.36 -7.19 -12.72 -19.78
-20.13 -23.58 -18.84 -15.02 -9.77 0.57 3.97 4.17 0.57 -6.39 -17.8 -23.15
-25.83 -25.78 -20.32 -14.39 -8.6 0.96 3.34 4.99 2.47 -5.06 -13.64 -15.81
-19.71 -27.93 -22.5 -17.34 -5.09 1.62 4.69 4.25 0.07 -7.07 -17.37 -24.33
-26.06 -19.03 -22.11 -21.48 -5.42 2.42 5.99 3.97 -0.56 -5.89 -16.6 -17.35
-20.02 -22.45 -26.95 -14.21 -6.9 0.29 5.49 5.42 1.09 -5.69 -11.49 -22.91
-30.11 -22.78 -24.68 -19.42 -7.62 0.39 4.59 4.49 2.29 -6.69 -13.67 -20.68
-22.13 -24.41 -26.04 -16.32 -6.56 2.95 5.09 4.69 2.29 -4.07 -12.72 -22.18
-18.1 -21.38 -18.04 -12.37 -2.99 2.62 6.59 4.79 1.07 -6.79 -12.34 -23.83
-26.68 -19.15 -15.69 -15.02 -4.57 3.34 5.79 4.47 0.04 -6.19 -13.34 -20.4
-21.85 -20.66 -21.57 -14.99 -5.11 3.24 5.89 5.59 -0.63 -4.69 -13.74 -13.15
-23.69 -26.06 -20.89 -16.04 -4.69 2.52 5.17 5.01 0.97 -6.29 -15.27 -23.51
-29.46 -24.96 -26.67 -12.21 -5.87 2.69 5.76 4.36 1.34 -5.09 -10.75 -14.93
-25.53 -30.67 -23.94 -16.47 -5.82 1.56 6.66 4.04 -0.59 -9.47 -12.77 -21.22
-30.89 -27.66 -20.3 -16.35 -7.27 0.46 5.26 4.54 1.94 -3.44 -10.24 -21.64
-27.44 -14.72 -15.12 -17.29 -5.87 0.63 5.86 3.94 0.43 -7.12 -12.65 -19.71
-20.06 -23.51 -18.77 -14.95 -9.7 0.64 4.04 4.24 0.64 -6.32 -17.73 -23.08
-25.76 -25.71 -20.25 -14.32 -8.53 1.03 3.41 5.06 2.54 -4.99 -13.57 -15.74
-19.64 -27.86 -22.43 -17.27 -5.02 1.69 4.76 4.32 0.14 -7 -17.3 -24.26
-25.99 -18.96 -22.04 -21.41 -5.35 2.49 6.06 4.04 -0.49 -5.82 -16.53 -17.28
-19.95 -22.38 -26.88 -14.14 -6.83 0.36 5.56 5.49 1.16 -5.62 -11.42 -22.84
-30.04 -22.71 -24.61 -19.35 -7.55 0.46 4.66 4.56 2.36 -6.62 -13.6 -20.61
-22.06 -24.34 -25.97 -16.25 -6.49 3.02 5.16 4.76 2.36 -4 -12.65 -22.11
-18.03 -21.31 -17.97 -12.3 -2.92 2.69 6.66 4.86 1.14 -6.72 -12.27 -23.76
-26.61 -19.08 -15.62 -14.95 -4.5 3.41 5.86 4.54 0.11 -6.12 -13.27 -20.33
-21.78 -20.59 -21.5 -14.92 -5.04 3.31 5.96 5.66 -0.56 -4.62 -13.67 -13.08
-23.62 -25.99 -20.82 -15.97 -4.62 2.59 5.24 5.08 1.04 -6.22 -15.2 -23.44
-19.46 -26.51 -26.96 -16.98 -2.74 1.77 5.07 3.51 0.5 -6.87 -13.4 -24.02
-18.3 -16.31 -17.96 -13.79 -5.59 2.15 5.81 5.01 -1.37 -8.02 -13.17 -18.77
-15.63 -21.29 -23.4 -14.47 -5.45 1.41 4.67 2.54 0.03 -9.46 -15.03 -17.11
-27.89 -29.99 -25.26 -18.03 -6.79 3.39 5.31 4.89 0.51 -6.12 -14 -20.93
-23.46 -28.51 -20.34 -15.49 -8.17 0.54 3.21 2.84 -1.32 -10.82 -9.95 -23.63
-20.63 -23.71 -24.81 -18.85 -7.31 2.47 4.74 4.01 0.71 -8.84 -10.01 -19.9
-20.51 -23.81 -15.03 -14.25 -2.48 3.37 5.79 3.79 1.29 -5.66 -16.17 -17.53
-17.76 -26.89 -20.03 -18.68 -5.43 1.92 6.14 6.29 0.51 -7.22 -13.57 -22.69
-15.04 -25.31 -24.1 -15.23 -2.82 2.71 5.39 3.6 2.39 -6.65 -20.64 -19.64
-23.85 -21.55 -22.12 -17.5 -4.29 3.32 3.79 3.71 0.85 -9.17 -12.5 -18.01
-21.78 -28.03 -23.59 -17.44 -7.1 2.35 5.64 4.12 1.11 -7.5 -13.13 -19.79
-22.32 -20.78 -24.93 -16.94 -5 0.96 6.86 5.79 1.44 -6.7 -15.3 -17.31
-24.31 -21.84 -26.12 -16.32 -7.48 1.62 4.52 3.34 0.59 -7.54 -11.69 -20.54
-22.39 -27.73 -20.72 -17.32 -5.9 2.11 6.34 6.64 2.69 -4.78 -14.79 -26.92
-25.79 -21.48 -20.22 -17.57 -6.77 0.47 4.31 5.39 -0.81 -8.89 -15.99 -24.61
-26.51 -27.22 -19.55 -15.2 -6.45 0.36 3.04 3.53 -1.27 -9.57 -15.8 -20.14
-27.01 -26.71 -18.18 -14.28 -7.95 1.21 4.91 3.46 -1.09 -7.13 -16.79 -20.27
-28.19 -24.14 -20.21 -15.42 -6.65 0.32 4.53 3.73 -1.41 -7.6 -17.07 -17.57
-28.6 -20.47 -22.7 -16.89 -6.45 1.76 4.51 3.96 1.15 -5.66 -12.28 -15.72
-22.66 -22.94 -16.44 -16.08 -8.54 1.36 5.03 4.33 1.13 -6.38 -14.36 -21.14
-25.81 -25.01 -25.23 -11.49 -6.25 3.36 5.18 4.73 -0.69 -6.35 -14.32 -23.14
-18.29 -21.64 -22.48 -18.25 -8.95 1.76 5.73 4.85 1.88 -3.75 -9.7 -13.22
-21.96 -17.91 -21.44 -12.16 -7.45 1.96 5.03 3.89 -0.69 -6.49 -13.95 -20.64
-30.63 -22.56 -24.43 -13.48 -6.29 2.56 5.23 3.58 1.83 -5.77 -14.6 -22.62
-21.01 -24.74 -21.41 -10.58 -2.25 3.19 5.29 5.13 0.7 -5.58 -8.8 -19.59
-23.79 -20.16 -22.15 -15.68 -6.65 2.56 4.73 5.73 1.68 -3.75 -13.1 -19.99
-17.11 -20.54 -23.2 -13.7 -7.75 1.46 4.01 3.25 1.21 -7.65 -16.5 -24.14
-23.94 -24.79 -20.28 -14.98 -2.55 3.66 5.06 3.91 0.31 -5.08 -10.3 -21.17
-25.01 -23.67 -22.85 -19.82 -5.75 2.03 5.03 4.83 1.11 -4.97 -13.28 -19.45
-22.45 -24.7 -26.25 -11.25 -6.61 0.82 5.16 3.21 1.13 -8.55 -15.11 -22.26
-29.72 -25.22 -26.93 -12.47 -6.13 2.43 5.5 4.1 1.08 -5.35 -11.01 -15.19
-25.79 -30.93 -24.2 -16.73 -6.08 1.3 6.4 3.78 -0.85 -9.73 -13.03 -21.48
-31.15 -27.92 -20.56 -16.61 -7.53 0.2 5 4.28 1.68 -3.7 -10.5 -21.9
-27.7 -14.98 -15.38 -17.55 -6.13 0.37 5.6 3.68 0.17 -7.38 -12.91 -19.97
-20.32 -23.77 -19.03 -15.21 -9.96 0.38 3.78 3.98 0.38 -6.58 -17.99 -23.34
-26.02 -25.97 -20.51 -14.58 -8.79 0.77 3.15 4.8 2.28 -5.25 -13.83 -16
-19.9 -28.12 -22.69 -17.53 -5.28 1.43 4.5 4.06 -0.12 -7.26 -17.56 -24.52
-26.25 -19.22 -22.3 -21.67 -5.61 2.23 5.8 3.78 -0.75 -6.08 -16.79 -17.54
-20.21 -22.64 -27.14 -14.4 -7.09 0.1 5.3 5.23 0.9 -5.88 -11.68 -23.1
-30.3 -22.97 -24.87 -19.61 -7.81 0.2 4.4 4.3 2.1 -6.88 -13.86 -20.87
-22.32 -24.6 -26.23 -16.51 -6.75 2.76 4.9 4.5 2.1 -4.26 -12.91 -22.37
-18.29 -21.57 -18.23 -12.56 -3.18 2.43 6.4 4.6 0.88 -6.98 -12.53 -24.02
-26.87 -19.34 -15.88 -15.21 -4.76 3.15 5.6 4.28 -0.15 -6.38 -13.53 -20.59
-22.04 -20.85 -21.76 -15.18 -5.3 3.05 5.7 5.4 -0.82 -4.88 -13.93 -13.34
-23.88 -26.25 -21.08 -16.23 -4.88 2.33 4.98 4.82 0.78 -6.48 -15.46 -23.7
-19.38 -26.43 -26.88 -16.9 -2.66 1.85 5.15 3.59 0.58 -6.79 -13.32 -23.94
-18.22 -16.23 -17.88 -13.71 -5.51 2.23 5.89 5.09 -1.29 -7.94 -13.09 -18.69
-15.55 -21.21 -23.32 -14.39 -5.37 1.49 4.75 2.62 0.11 -9.38 -14.95 -17.03
-27.81 -29.91 -25.18 -17.95 -6.71 3.47 5.39 4.97 0.59 -6.04 -13.92 -20.85
-23.38 -28.43 -20.26 -15.41 -8.09 0.62 3.29 2.92 -1.24 -10.74 -9.87 -23.55
-20.55 -23.63 -24.73 -18.77 -7.23 2.55 4.82 4.09 0.79 -8.76 -9.93 -19.82
-20.43 -23.73 -14.95 -14.17 -2.4 3.45 5.87 3.87 1.37 -5.58 -16.09 -17.45
-17.68 -26.81 -19.95 -18.6 -5.35 2 6.22 6.37 0.59 -7.14 -13.49 -22.61
-14.96 -25.23 -24.02 -15.15 -2.74 2.79 5.47 3.68 2.47 -6.57 -20.56 -19.56
-23.77 -21.47 -22.04 -17.42 -4.21 3.4 3.87 3.79 0.93 -9.09 -12.42 -17.93
-21.7 -27.95 -23.51 -17.36 -7.02 2.43 5.72 4.2 1.19 -7.42 -13.05 -19.71
-22.24 -20.7 -24.85 -16.86 -4.92 1.04 6.94 5.87 1.52 -6.62 -15.22 -17.23
-24.23 -21.76 -26.04 -16.24 -7.4 1.7 4.6 3.42 0.67 -7.46 -11.61 -20.46
-22.31 -27.65 -20.64 -17.24 -5.82 2.19 6.42 6.72 2.77 -4.7 -14.71 -26.84
-25.71 -21.4 -20.14 -17.49 -6.69 0.55 4.39 5.47 -0.73 -8.81 -15.91 -24.53
-26.49 -27.2 -19.53 -15.18 -6.43 0.38 3.06 3.55 -1.25 -9.55 -15.78 -20.12
-26.99 -26.69 -18.16 -14.26 -7.93 1.23 4.93 3.48 -1.07 -7.11 -16.77 -20.25
-28.17 -24.12 -20.19 -15.4 -6.63 0.34 4.55 3.75 -1.39 -7.58 -17.05 -17.55
-28.58 -20.45 -22.68 -16.87 -6.43 1.78 4.53 3.98 1.17 -5.64 -12.26 -15.7
-22.64 -22.92 -16.42 -16.06 -8.52 1.38 5.05 4.35 1.15 -6.36 -14.34 -21.12
-25.79 -24.99 -25.21 -11.47 -6.23 3.38 5.2 4.75 -0.67 -6.33 -14.3 -23.12
-18.27 -21.62 -22.46 -18.23 -8.93 1.78 5.75 4.87 1.9 -3.73 -9.68 -13.2
-21.94 -17.89 -21.42 -12.14 -7.43 1.98 5.05 3.91 -0.67 -6.47 -13.93 -20.62
-30.61 -22.54 -24.41 -13.46 -6.27 2.58 5.25 3.6 1.85 -5.75 -14.58 -22.6
-20.99 -24.72 -21.39 -10.56 -2.23 3.21 5.31 5.15 0.72 -5.56 -8.78 -19.57
-23.77 -20.14 -22.13 -15.66 -6.63 2.58 4.75 5.75 1.7 -3.73 -13.08 -19.97
-17.09 -20.52 -23.18 -13.68 -7.73 1.48 4.03 3.27 1.23 -7.63 -16.48 -24.12
-23.92 -24.77 -20.26 -14.96 -2.53 3.68 5.08 3.93 0.33 -5.06 -10.28 -21.15
-24.99 -23.65 -22.83 -19.8 -5.73 2.05 5.05 4.85 1.13 -4.95 -13.26 -19.43
-22.43 -24.68 -26.23 -11.23 -6.59 0.84 5.18 3.23 1.15 -8.53 -15.09 -22.24
-22.88 -29.87 -22.88 -21.32 -7.2 1.41 4.08 4.45 0.85 -9.18 -16.66 -24.35
-18.49 -24.42 -29.51 -18.15 -6.32 1.88 6.3 6.9 2.23 -6.61 -16.26 -18.86
-14.91 -25.28 -20.73 -15.06 -5.01 1.22 5.72 5.42 1.47 -6.62 -11.46 -22.15
-15.09 -21.24 -20.43 -16.46 -5.74 2.28 4.95 4.3 0.07 -6.48 -15.08 -24.14
-22.85 -21.33 -20.36 -17.56 -5.3 1.93 5 3.96 0.45 -7.62 -17.74 -21.52
-20.8 -22.77 -19.22 -13.63 -3.28 2.88 4.11 3.43 -0.55 -6.75 -14.81 -21.3
-19.92 -16.64 -20.03 -17.8 -8.8 1.04 4.36 4.4 0.47 -7.64 -14.9 -17.79
-23.37 -24.37 -20.73 -15.22 -4.91 0.95 5.33 3.61 -0.85 -10.24 -17.47 -12.15
-22.13 -31.47 -21.87 -20.17 -7.19 2.68 4.83 2.93 1.63 -4.42 -12.37 -20.77
-18.61 -22.42 -26.65 -22.77 -7.36 0.18 5.71 4.56 -0.7 -10.04 -10.45 -16.1
-25.35 -19.34 -23.21 -16.21 -5.18 2.64 4.8 2.93 -0.9 -8.7 -11.13 -17.44
-22.69 -27.34 -20.63 -18.26 -5.13 1.42 4.85 5.15 -1.77 -6.26 -17.06 -25.3
-18.04 -23.25 -24.89 -14.71 -5.71 1.6 5.53 3.23 -0.05 -7.43 -18.38 -21.08
-29.95 -14.18 -18.23 -14.21 -6.45 2.03 4.48 4.63 2.03 -5.7 -16.36 -18.8
-25.54 -31.72 -21.08 -11.69 -2.66 2.71 5.69 6.03 0.23 -6.83 -13.96 -22.01
-19.42 -26.47 -26.92 -16.94 -2.7 1.81 5.11 3.55 0.54 -6.83 -13.36 -23.98
-18.26 -16.27 -17.92 -13.75 -5.55 2.19 5.85 5.05 -1.33 -7.98 -13.13 -18.73
-15.59 -21.25 -23.36 -14.43 -5.41 1.45 4.71 2.58 0.07 -9.42 -14.99 -17.07
-27.85 -29.95 -25.22 -17.99 -6.75 3.43 5.35 4.93 0.55 -6.08 -13.96 -20.89
-23.42 -28.47 -20.3 -15.45 -8.13 0.58 3.25 2.88 -1.28 -10.78 -9.91 -23.59
-20.59 -23.67 -24.77 -18.81 -7.27 2.51 4.78 4.05 0.75 -8.8 -9.97 -19.86
-20.47 -23.77 -14.99 -14.21 -2.44 3.41 5.83 3.83 1.33 -5.62 -16.13 -17.49
-17.72 -26.85 -19.99 -18.64 -5.39 1.96 6.18 6.33 0.55 -7.18 -13.53 -22.65
-15 -25.27 -24.06 -15.19 -2.78 2.75 5.43 3.64 2.43 -6.61 -20.6 -19.6
-23.81 -21.51 -22.08 -17.46 -4.25 3.36 3.83 3.75 0.89 -9.13 -12.46 -17.97
-21.74 -27.99 -23.55 -17.4 -7.06 2.39 5.68 4.16 1.15 -7.46 -13.09 -19.75
-22.28 -20.74 -24.89 -16.9 -4.96 1 6.9 5.83 1.48 -6.66 -15.26 -17.27
-24.27 -21.8 -26.08 -16.28 -7.44 1.66 4.56 3.38 0.63 -7.5 -11.65 -20.5
-22.35 -27.69 -20.68 -17.28 -5.86 2.15 6.38 6.68 2.73 -4.74 -14.75 -26.88
-25.75 -21.44 -20.18 -17.53 -6.73 0.51 4.35 5.43 -0.77 -8.85 -15.95 -24.57
-19.41 -26.46 -26.91 -16.93 -2.69 1.82 5.12 3.56 0.55 -6.82 -13.35 -23.97
-18.25 -16.26 -17.91 -13.74 -5.54 2.2 5.86 5.06 -1.32 -7.97 -13.12 -18.72
-15.58 -21.24 -23.35 -14.42 -5.4 1.46 4.72 2.59 0.08 -9.41 -14.98 -17.06
-27.84 -29.94 -25.21 -17.98 -6.74 3.44 5.36 4.94 0.56 -6.07 -13.95 -20.88
-23.41 -28.46 -20.29 -15.44 -8.12 0.59 3.26 2.89 -1.27 -10.77 -9.9 -23.58
-20.58 -23.66 -24.76 -18.8 -7.26 2.52 4.79 4.06 0.76 -8.79 -9.96 -19.85
-20.46 -23.76 -14.98 -14.2 -2.43 3.42 5.84 3.84 1.34 -5.61 -16.12 -17.48
-17.71 -26.84 -19.98 -18.63 -5.38 1.97 6.19 6.34 0.56 -7.17 -13.52 -22.64
-14.99 -25.26 -24.05 -15.18 -2.77 2.76 5.44 3.65 2.44 -6.6 -20.59 -19.59
-23.8 -21.5 -22.07 -17.45 -4.24 3.37 3.84 3.76 0.9 -9.12 -12.45 -17.96
-21.73 -27.98 -23.54 -17.39 -7.05 2.4 5.69 4.17 1.16 -7.45 -13.08 -19.74
-22.27 -20.73 -24.88 -16.89 -4.95 1.01 6.91 5.84 1.49 -6.65 -15.25 -17.26
-24.26 -21.79 -26.07 -16.27 -7.43 1.67 4.57 3.39 0.64 -7.49 -11.64 -20.49
-22.34 -27.68 -20.67 -17.27 -5.85 2.16 6.39 6.69 2.74 -4.73 -14.74 -26.87
-25.74 -21.43 -20.17 -17.52 -6.72 0.52 4.36 5.44 -0.76 -8.84 -15.94 -24.56
-19.49 -26.54 -26.99 -17.01 -2.77 1.74 5.04 3.48 0.47 -6.9 -13.43 -24.05
-18.33 -16.34 -17.99 -13.82 -5.62 2.12 5.78 4.98 -1.4 -8.05 -13.2 -18.8
-15.66 -21.32 -23.43 -14.5 -5.48 1.38 4.64 2.51 0 -9.49 -15.06 -17.14
-27.92 -30.02 -25.29 -18.06 -6.82 3.36 5.28 4.86 0.48 -6.15 -14.03 -20.96
-23.49 -28.54 -20.37 -15.52 -8.2 0.51 3.18 2.81 -1.35 -10.85 -9.98 -23.66
-20.66 -23.74 -24.84 -18.88 -7.34 2.44 4.71 3.98 0.68 -8.87 -10.04 -19.93
-20.54 -23.84 -15.06 -14.28 -2.51 3.34 5.76 3.76 1.26 -5.69 -16.2 -17.56
-17.79 -26.92 -20.06 -18.71 -5.46 1.89 6.11 6.26 0.48 -7.25 -13.6 -22.72
-15.07 -25.34 -24.13 -15.26 -2.85 2.68 5.36 3.57 2.36 -6.68 -20.67 -19.67
-23.88 -21.58 -22.15 -17.53 -4.32 3.29 3.76 3.68 0.82 -9.2 -12.53 -18.04
-21.81 -28.06 -23.62 -17.47 -7.13 2.32 5.61 4.09 1.08 -7.53 -13.16 -19.82
-22.35 -20.81 -24.96 -16.97 -5.03 0.93 6.83 5.76 1.41 -6.73 -15.33 -17.34
-24.34 -21.87 -26.15 -16.35 -7.51 1.59 4.49 3.31 0.56 -7.57 -11.72 -20.57
-22.42 -27.76 -20.75 -17.35 -5.93 2.08 6.31 6.61 2.66 -4.81 -14.82 -26.95
-25.82 -21.51 -20.25 -17.6 -6.8 0.44 4.28 5.36 -0.84 -8.92 -16.02 -24.64
-19.38 -26.43 -26.88 -16.9 -2.66 1.85 5.15 3.59 0.58 -6.79 -13.32 -23.94
-18.22 -16.23 -17.88 -13.71 -5.51 2.23 5.89 5.09 -1.29 -7.94 -13.09 -18.69
-15.55 -21.21 -23.32 -14.39 -5.37 1.49 4.75 2.62 0.11 -9.38 -14.95 -17.03
-27.81 -29.91 -25.18 -17.95 -6.71 3.47 5.39 4.97 0.59 -6.04 -13.92 -20.85
-23.38 -28.43 -20.26 -15.41 -8.09 0.62 3.29 2.92 -1.24 -10.74 -9.87 -23.55
-20.55 -23.63 -24.73 -18.77 -7.23 2.55 4.82 4.09 0.79 -8.76 -9.93 -19.82
-20.43 -23.73 -14.95 -14.17 -2.4 3.45 5.87 3.87 1.37 -5.58 -16.09 -17.45
-17.68 -26.81 -19.95 -18.6 -5.35 2 6.22 6.37 0.59 -7.14 -13.49 -22.61
-14.96 -25.23 -24.02 -15.15 -2.74 2.79 5.47 3.68 2.47 -6.57 -20.56 -19.56
-23.77 -21.47 -22.04 -17.42 -4.21 3.4 3.87 3.79 0.93 -9.09 -12.42 -17.93
-21.7 -27.95 -23.51 -17.36 -7.02 2.43 5.72 4.2 1.19 -7.42 -13.05 -19.71
-22.24 -20.7 -24.85 -16.86 -4.92 1.04 6.94 5.87 1.52 -6.62 -15.22 -17.23
-24.23 -21.76 -26.04 -16.24 -7.4 1.7 4.6 3.42 0.67 -7.46 -11.61 -20.46
-22.31 -27.65 -20.64 -17.24 -5.82 2.19 6.42 6.72 2.77 -4.7 -14.71 -26.84
-25.71 -21.4 -20.14 -17.49 -6.69 0.55 4.39 5.47 -0.73 -8.81 -15.91 -24.53
-19.7 -22.17 -25.1 -18.22 -9.14 0.69 5.39 4.39 0.77 -5.51 -17.68 -27.79
-29.73 -15.5 -17.84 -14.21 -3.76 1.82 4.39 4.39 0.02 -6.79 -16.99 -20.91
-27.13 -22.46 -20.74 -18.22 -6.19 0.79 5.19 5.49 0.26 -7.69 -19.44 -24.05
-29.45 -25.85 -18.44 -19.02 -6.12 0.29 5.09 3.77 0.37 -7.39 -13.04 -19.7
-25.76 -24.96 -24.82 -20.32 -7.59 2.52 3.89 4.29 -0.21 -7.59 -15.24 -22.09
-22.97 -25.11 -20.51 -16.52 -5.42 1.92 5.57 5.92 0.14 -7.12 -11.01 -19.78
-19.78 -20.95 -22.1 -15.03 -8.91 0.97 3.47 3.77 0.11 -6.66 -15.8 -17.65
-24.15 -20.75 -21.41 -15.52 -4.79 2.72 5.69 6.74 1.09 -4.89 -13.29 -24.4
-25.33 -24.67 -20.18 -22.82 -6.27 1.45 4.37 4.07 0.07 -9.06 -12.39 -18.35
-25.73 -26.53 -21.11 -14.79 -4.79 3.5 5.97 5.69 1.85 -3.96 -13.39 -20.88
-20.12 -25.13 -18.34 -12.96 -6.32 3.22 5.89 5.79 3.8 -4.22 -9.47 -23.33
-21.33 -23.75 -25.57 -17.9 -6.3 3.49 6.47 6.09 0.39 -7.94 -10.36 -16.15
-21.45 -21.03 -23.94 -14.34 -5.97 2.52 5.37 4.09 0.14 -6.69 -16.49 -21.73
-17.78 -19.33 -25.39 -15.84 -5.47 2.04 4.22 3.69 1.37 -8.8 -15.36 -19.26
-11.76 -27.5 -25.86 -15.59 -6.79 2.39 5.07 4.39 -0.06 -5.62 -16.92 -21.63
-29.7 -25.2 -26.91 -12.45 -6.11 2.45 5.52 4.12 1.1 -5.33 -10.99 -15.17
-25.77 -30.91 -24.18 -16.71 -6.06 1.32 6.42 3.8 -0.83 -9.71 -13.01 -21.46
-31.13 -27.9 -20.54 -16.59 -7.51 0.22 5.02 4.3 1.7 -3.68 -10.48 -21.88
-27.68 -14.96 -15.36 -17.53 -6.11 0.39 5.62 3.7 0.19 -7.36 -12.89 -19.95
-20.3 -23.75 -19.01 -15.19 -9.94 0.4 3.8 4 0.4 -6.56 -17.97 -23.32
-26 -25.95 -20.49 -14.56 -8.77 0.79 3.17 4.82 2.3 -5.23 -13.81 -15.98
-19.88 -28.1 -22.67 -17.51 -5.26 1.45 4.52 4.08 -0.1 -7.24 -17.54 -24.5
-26.23 -19.2 -22.28 -21.65 -5.59 2.25 5.82 3.8 -0.73 -6.06 -16.77 -17.52
-20.19 -22.62 -27.12 -14.38 -7.07 0.12 5.32 5.25 0.92 -5.86 -11.66 -23.08
-30.28 -22.95 -24.85 -19.59 -7.79 0.22 4.42 4.32 2.12 -6.86 -13.84 -20.85
-22.3 -24.58 -26.21 -16.49 -6.73 2.78 4.92 4.52 2.12 -4.24 -12.89 -22.35
-18.27 -21.55 -18.21 -12.54 -3.16 2.45 6.42 4.62 0.9 -6.96 -12.51 -24
-26.85 -19.32 -15.86 -15.19 -4.74 3.17 5.62 4.3 -0.13 -6.36 -13.51 -20.57
-22.02 -20.83 -21.74 -15.16 -5.28 3.07 5.72 5.42 -0.8 -4.86 -13.91 -13.32
-23.86 -26.23 -21.06 -16.21 -4.86 2.35 5 4.84 0.8 -6.46 -15.44 -23.68
-22.49 -27.52 -27.14 -18.62 -6.3 1.31 4.99 3.27 -0.29 -5.67 -12.57 -23.1
-25.83 -19.61 -23.72 -14.02 -4.95 1.96 3.95 4.04 -0.19 -7.51 -14.09 -22.8
-26.36 -22.28 -22.64 -11.01 -6.37 2.29 3.89 3.36 -0.88 -9.35 -17.77 -22.26
-21.28 -23.63 -17.6 -18.66 -8.61 -0.26 4.01 3.81 0.7 -5.65 -14.1 -19.02
-13.61 -20.82 -22.03 -16.3 -8.78 0.31 5 5.44 0.3 -4.9 -10.5 -19.26
-25.03 -25.39 -21.75 -14.93 -4.62 2.58 4.29 3.34 0.96 -4.68 -12.1 -18.83
-21.88 -26.25 -21.79 -16.89 -7.21 0.56 4.67 4.64 1.61 -3.99 -10.5 -19.98
-23.41 -26.41 -25.3 -15.18 -5.12 3.57 5.55 4.54 1.39 -5.31 -11.21 -23.79
-19.9 -25 -20.43 -11.18 -2.77 2.77 4.91 3.81 0.39 -6.8 -13.85 -25.33
-22.27 -27.21 -22.37 -17.61 -6.9 0.49 4.17 4.34 0.16 -10.95 -16.67 -16.99
-19.98 -24.15 -23.4 -15.14 -4.2 1.35 5.59 2.61 0.09 -8.04 -20.19 -21.03
-16.01 -22.28 -23.4 -11.6 -4.5 3.21 5.32 4.09 -0.18 -5.97 -13.16 -25.66
-25.46 -21.24 -18.17 -15.29 -8.3 3.29 5.59 4.36 0.09 -8.91 -16.13 -17.93
-16.89 -19.17 -26.67 -17.41 -3.58 2.34 4.43 4.91 1.31 -5.56 -11.07 -24.25
-23.83 -20.42 -15.99 -18.69 -5.15 1.12 5.99 4.59 0.59 -5.51 -14.93 -15.86
-29.43 -24.93 -26.64 -12.18 -5.84 2.72 5.79 4.39 1.37 -5.06 -10.72 -14.9
-25.5 -30.64 -23.91 -16.44 -5.79 1.59 6.69 4.07 -0.56 -9.44 -12.74 -21.19
-30.86 -27.63 -20.27 -16.32 -7.24 0.49 5.29 4.57 1.97 -3.41 -10.21 -21.61
-27.41 -14.69 -15.09 -17.26 -5.84 0.66 5.89 3.97 0.46 -7.09 -12.62 -19.68
-20.03 -23.48 -18.74 -14.92 -9.67 0.67 4.07 4.27 0.67 -6.29 -17.7 -23.05
-25.73 -25.68 -20.22 -14.29 -8.5 1.06 3.44 5.09 2.57 -4.96 -13.54 -15.71
-19.61 -27.83 -22.4 -17.24 -4.99 1.72 4.79 4.35 0.17 -6.97 -17.27 -24.23
-25.96 -18.93 -22.01 -21.38 -5.32 2.52 6.09 4.07 -0.46 -5.79 -16.5 -17.25
-19.92 -22.35 -26.85 -14.11 -6.8 0.39 5.59 5.52 1.19 -5.59 -11.39 -22.81
-30.01 -22.68 -24.58 -19.32 -7.52 0.49 4.69 4.59 2.39 -6.59 -13.57 -20.58
-22.03 -24.31 -25.94 -16.22 -6.46 3.05 5.19 4.79 2.39 -3.97 -12.62 -22.08
-18 -21.28 -17.94 -12.27 -2.89 2.72 6.69 4.89 1.17 -6.69 -12.24 -23.73
-26.58 -19.05 -15.59 -14.92 -4.47 3.44 5.89 4.57 0.14 -6.09 -13.24 -20.3
-21.75 -20.56 -21.47 -14.89 -5.01 3.34 5.99 5.69 -0.53 -4.59 -13.64 -13.05
-23.59 -25.96 -20.79 -15.94 -4.59 2.62 5.27 5.11 1.07 -6.19 -15.17 -23.41
-22.96 -29.95 -22.96 -21.4 -7.28 1.33 4 4.37 0.77 -9.26 -16.74 -24.43
-18.57 -24.5 -29.59 -18.23 -6.4 1.8 6.22 6.82 2.15 -6.69 -16.34 -18.94
-14.99 -25.36 -20.81 -15.14 -5.09 1.14 5.64 5.34 1.39 -6.7 -11.54 -22.23
-15.17 -21.32 -20.51 -16.54 -5.82 2.2 4.87 4.22 -0.01 -6.56 -15.16 -24.22
-22.93 -21.41 -20.44 -17.64 -5.38 1.85 4.92 3.88 0.37 -7.7 -17.82 -21.6
-20.88 -22.85 -19.3 -13.71 -3.36 2.8 4.03 3.35 -0.63 -6.83 -14.89 -21.38
-20 -16.72 -20.11 -17.88 -8.88 0.96 4.28 4.32 0.39 -7.72 -14.98 -17.87
-23.45 -24.45 -20.81 -15.3 -4.99 0.87 5.25 3.53 -0.93 -10.32 -17.55 -12.23
-22.21 -31.55 -21.95 -20.25 -7.27 2.6 4.75 2.85 1.55 -4.5 -12.45 -20.85
-18.69 -22.5 -26.73 -22.85 -7.44 0.1 5.63 4.48 -0.78 -10.12 -10.53 -16.18
-25.43 -19.42 -23.29 -16.29 -5.26 2.56 4.72 2.85 -0.98 -8.78 -11.21 -17.52
-22.77 -27.42 -20.71 -18.34 -5.21 1.34 4.77 5.07 -1.85 -6.34 -17.14 -25.38
-18.12 -23.33 -24.97 -14.79 -5.79 1.52 5.45 3.15 -0.13 -7.51 -18.46 -21.16
-30.03 -14.26 -18.31 -14.29 -6.53 1.95 4.4 4.55 1.95 -5.78 -16.44 -18.88
-25.62 -31.8 -21.16 -11.77 -2.74 2.63 5.61 5.95 0.15 -6.91 -14.04 -22.09
-19.6 -26.65 -27.1 -17.12 -2.88 1.63 4.93 3.37 0.36 -7.01 -13.54 -24.16
-18.44 -16.45 -18.1 -13.93 -5.73 2.01 5.67 4.87 -1.51 -8.16 -13.31 -18.91
-15.77 -21.43 -23.54 -14.61 -5.59 1.27 4.53 2.4 -0.11 -9.6 -15.17 -17.25
-28.03 -30.13 -25.4 -18.17 -6.93 3.25 5.17 4.75 0.37 -6.26 -14.14 -21.07
-23.6 -28.65 -20.48 -15.63 -8.31 0.4 3.07 2.7 -1.46 -10.96 -10.09 -23.77
-20.77 -23.85 -24.95 -18.99 -7.45 2.33 4.6 3.87 0.57 -8.98 -10.15 -20.04
-20.65 -23.95 -15.17 -14.39 -2.62 3.23 5.65 3.65 1.15 -5.8 -16.31 -17.67
-17.9 -27.03 -20.17 -18.82 -5.57 1.78 6 6.15 0.37 -7.36 -13.71 -22.83
-15.18 -25.45 -24.24 -15.37 -2.96 2.57 5.25 3.46 2.25 -6.79 -20.78 -19.78
-23.99 -21.69 -22.26 -17.64 -4.43 3.18 3.65 3.57 0.71 -9.31 -12.64 -18.15
-21.92 -28.17 -23.73 -17.58 -7.24 2.21 5.5 3.98 0.97 -7.64 -13.27 -19.93
-22.46 -20.92 -25.07 -17.08 -5.14 0.82 6.72 5.65 1.3 -6.84 -15.44 -17.45
-24.45 -21.98 -26.26 -16.46 -7.62 1.48 4.38 3.2 0.45 -7.68 -11.83 -20.68
-22.53 -27.87 -20.86 -17.46 -6.04 1.97 6.2 6.5 2.55 -4.92 -14.93 -27.06
-25.93 -21.62 -20.36 -17.71 -6.91 0.33 4.17 5.25 -0.95 -9.03 -16.13 -24.75
-29.54 -25.04 -26.75 -12.29 -5.95 2.61 5.68 4.28 1.26 -5.17 -10.83 -15.01
-25.61 -30.75 -24.02 -16.55 -5.9 1.48 6.58 3.96 -0.67 -9.55 -12.85 -21.3
-30.97 -27.74 -20.38 -16.43 -7.35 0.38 5.18 4.46 1.86 -3.52 -10.32 -21.72
-27.52 -14.8 -15.2 -17.37 -5.95 0.55 5.78 3.86 0.35 -7.2 -12.73 -19.79
-20.14 -23.59 -18.85 -15.03 -9.78 0.56 3.96 4.16 0.56 -6.4 -17.81 -23.16
-25.84 -25.79 -20.33 -14.4 -8.61 0.95 3.33 4.98 2.46 -5.07 -13.65 -15.82
-19.72 -27.94 -22.51 -17.35 -5.1 1.61 4.68 4.24 0.06 -7.08 -17.38 -24.34
-26.07 -19.04 -22.12 -21.49 -5.43 2.41 5.98 3.96 -0.57 -5.9 -16.61 -17.36
-20.03 -22.46 -26.96 -14.22 -6.91 0.28 5.48 5.41 1.08 -5.7 -11.5 -22.92
-30.12 -22.79 -24.69 -19.43 -7.63 0.38 4.58 4.48 2.28 -6.7 -13.68 -20.69
-22.14 -24.42 -26.05 -16.33 -6.57 2.94 5.08 4.68 2.28 -4.08 -12.73 -22.19
-18.11 -21.39 -18.05 -12.38 -3 2.61 6.58 4.78 1.06 -6.8 -12.35 -23.84
-26.69 -19.16 -15.7 -15.03 -4.58 3.33 5.78 4.46 0.03 -6.2 -13.35 -20.41
-21.86 -20.67 -21.58 -15 -5.12 3.23 5.88 5.58 -0.64 -4.7 -13.75 -13.16
-23.7 -26.07 -20.9 -16.05 -4.7 2.51 5.16 5 0.96 -6.3 -15.28 -23.52
-19.48 -26.53 -26.98 -17 -2.76 1.75 5.05 3.49 0.48 -6.89 -13.42 -24.04
-18.32 -16.33 -17.98 -13.81 -5.61 2.13 5.79 4.99 -1.39 -8.04 -13.19 -18.79
-15.65 -21.31 -23.42 -14.49 -5.47 1.39 4.65 2.52 0.01 -9.48 -15.05 -17.13
-27.91 -30.01 -25.28 -18.05 -6.81 3.37 5.29 4.87 0.49 -6.14 -14.02 -20.95
-23.48 -28.53 -20.36 -15.51 -8.19 0.52 3.19 2.82 -1.34 -10.84 -9.97 -23.65
-20.65 -23.73 -24.83 -18.87 -7.33 2.45 4.72 3.99 0.69 -8.86 -10.03 -19.92
-20.53 -23.83 -15.05 -14.27 -2.5 3.35 5.77 3.77 1.27 -5.68 -16.19 -17.55
-17.78 -26.91 -20.05 -18.7 -5.45 1.9 6.12 6.27 0.49 -7.24 -13.59 -22.71
-15.06 -25.33 -24.12 -15.25 -2.84 2.69 5.37 3.58 2.37 -6.67 -20.66 -19.66
-23.87 -21.57 -22.14 -17.52 -4.31 3.3 3.77 3.69 0.83 -9.19 -12.52 -18.03
-21.8 -28.05 -23.61 -17.46 -7.12 2.33 5.62 4.1 1.09 -7.52 -13.15 -19.81
-22.34 -20.8 -24.95 -16.96 -5.02 0.94 6.84 5.77 1.42 -6.72 -15.32 -17.33
-24.33 -21.86 -26.14 -16.34 -7.5 1.6 4.5 3.32 0.57 -7.56 -11.71 -20.56
-22.41 -27.75 -20.74 -17.34 -5.92 2.09 6.32 6.62 2.67 -4.8 -14.81 -26.94
-25.81 -21.5 -20.24 -17.59 -6.79 0.45 4.29 5.37 -0.83 -8.91 -16.01 -24.63
-19.82 -22.29 -25.22 -18.34 -9.26 0.57 5.27 4.27 0.65 -5.63 -17.8 -27.91
-29.85 -15.62 -17.96 -14.33 -3.88 1.7 4.27 4.27 -0.1 -6.91 -17.11 -21.03
-27.25 -22.58 -20.86 -18.34 -6.31 0.67 5.07 5.37 0.14 -7.81 -19.56 -24.17
-29.57 -25.97 -18.56 -19.14 -6.24 0.17 4.97 3.65 0.25 -7.51 -13.16 -19.82
-25.88 -25.08 -24.94 -20.44 -7.71 2.4 3.77 4.17 -0.33 -7.71 -15.36 -22.21
-23.09 -25.23 -20.63 -16.64 -5.54 1.8 5.45 5.8 0.02 -7.24 -11.13 -19.9
-19.9 -21.07 -22.22 -15.15 -9.03 0.85 3.35 3.65 -0.01 -6.78 -15.92 -17.77
-24.27 -20.87 -21.53 -15.64 -4.91 2.6 5.57 6.62 0.97 -5.01 -13.41 -24.52
-25.45 -24.79 -20.3 -22.94 -6.39 1.33 4.25 3.95 -0.05 -9.18 -12.51 -18.47
-25.85 -26.65 -21.23 -14.91 -4.91 3.38 5.85 5.57 1.73 -4.08 -13.51 -21
-20.24 -25.25 -18.46 -13.08 -6.44 3.1 5.77 5.67 3.68 -4.34 -9.59 -23.45
-21.45 -23.87 -25.69 -18.02 -6.42 3.37 6.35 5.97 0.27 -8.06 -10.48 -16.27
-21.57 -21.15 -24.06 -14.46 -6.09 2.4 5.25 3.97 0.02 -6.81 -16.61 -21.85
-17.9 -19.45 -25.51 -15.96 -5.59 1.92 4.1 3.57 1.25 -8.92 -15.48 -19.38
-11.88 -27.62 -25.98 -15.71 -6.91 2.27 4.95 4.27 -0.18 -5.74 -17.04 -21.75
-22.63 -27.66 -27.28 -18.76 -6.44 1.17 4.85 3.13 -0.43 -5.81 -12.71 -23.24
-25.97 -19.75 -23.86 -14.16 -5.09 1.82 3.81 3.9 -0.33 -7.65 -14.23 -22.94
-26.5 -22.42 -22.78 -11.15 -6.51 2.15 3.75 3.22 -1.02 -9.49 -17.91 -22.4
-21.42 -23.77 -17.74 -18.8 -8.75 -0.4 3.87 3.67 0.56 -5.79 -14.24 -19.16
-13.75 -20.96 -22.17 -16.44 -8.92 0.17 4.86 5.3 0.16 -5.04 -10.64 -19.4
-25.17 -25.53 -21.89 -15.07 -4.76 2.44 4.15 3.2 0.82 -4.82 -12.24 -18.97
-22.02 -26.39 -21.93 -17.03 -7.35 0.42 4.53 4.5 1.47 -4.13 -10.64 -20.12
-23.55 -26.55 -25.44 -15.32 -5.26 3.43 5.41 4.4 1.25 -5.45 -11.35 -23.93
-20.04 -25.14 -20.57 -11.32 -2.91 2.63 4.77 3.67 0.25 -6.94 -13.99 -25.47
-22.41 -27.35 -22.51 -17.75 -7.04 0.35 4.03 4.2 0.02 -11.09 -16.81 -17.13
-20.12 -24.29 -23.54 -15.28 -4.34 1.21 5.45 2.47 -0.05 -8.18 -20.33 -21.17
-16.15 -22.42 -23.54 -11.74 -4.64 3.07 5.18 3.95 -0.32 -6.11 -13.3 -25.8
-25.6 -21.38 -18.31 -15.43 -8.44 3.15 5.45 4.22 -0.05 -9.05 -16.27 -18.07
-17.03 -19.31 -26.81 -17.55 -3.72 2.2 4.29 4.77 1.17 -5.7 -11.21 -24.39
-23.97 -20.56 -16.13 -18.83 -5.29 0.98 5.85 4.45 0.45 -5.65 -15.07 -16
-19.64 -22.11 -25.04 -18.16 -9.08 0.75 5.45 4.45 0.83 -5.45 -17.62 -27.73
-29.67 -15.44 -17.78 -14.15 -3.7 1.88 4.45 4.45 0.08 -6.73 -16.93 -20.85
-27.07 -22.4 -20.68 -18.16 -6.13 0.85 5.25 5.55 0.32 -7.63 -19.38 -23.99
-29.39 -25.79 -18.38 -18.96 -6.06 0.35 5.15 3.83 0.43 -7.33 -12.98 -19.64
-25.7 -24.9 -24.76 -20.26 -7.53 2.58 3.95 4.35 -0.15 -7.53 -15.18 -22.03
-22.91 -25.05 -20.45 -16.46 -5.36 1.98 5.63 5.98 0.2 -7.06 -10.95 -19.72
-19.72 -20.89 -22.04 -14.97 -8.85 1.03 3.53 3.83 0.17 -6.6 -15.74 -17.59
-24.09 -20.69 -21.35 -15.46 -4.73 2.78 5.75 6.8 1.15 -4.83 -13.23 -24.34
-25.27 -24.61 -20.12 -22.76 -6.21 1.51 4.43 4.13 0.13 -9 -12.33 -18.29
-25.67 -26.47 -21.05 -14.73 -4.73 3.56 6.03 5.75 1.91 -3.9 -13.33 -20.82
-20.06 -25.07 -18.28 -12.9 -6.26 3.28 5.95 5.85 3.86 -4.16 -9.41 -23.27
-21.27 -23.69 -25.51 -17.84 -6.24 3.55 6.53 6.15 0.45 -7.88 -10.3 -16.09
-21.39 -20.97 -23.88 -14.28 -5.91 2.58 5.43 4.15 0.2 -6.63 -16.43 -21.67
-17.72 -19.27 -25.33 -15.78 -5.41 2.1 4.28 3.75 1.43 -8.74 -15.3 -19.2
-11.7 -27.44 -25.8 -15.53 -6.73 2.45 5.13 4.45 0 -5.56 -16.86 -21.57
-29.7 -25.2 -26.91 -12.45 -6.11 2.45 5.52 4.12 1.1 -5.33 -10.99 -15.17
-25.77 -30.91 -24.18 -16.71 -6.06 1.32 6.42 3.8 -0.83 -9.71 -13.01 -21.46
-31.13 -27.9 -20.54 -16.59 -7.51 0.22 5.02 4.3 1.7 -3.68 -10.48 -21.88
-27.68 -14.96 -15.36 -17.53 -6.11 0.39 5.62 3.7 0.19 -7.36 -12.89 -19.95
-20.3 -23.75 -19.01 -15.19 -9.94 0.4 3.8 4 0.4 -6.56 -17.97 -23.32
-26 -25.95 -20.49 -14.56 -8.77 0.79 3.17 4.82 2.3 -5.23 -13.81 -15.98
-19.88 -28.1 -22.67 -17.51 -5.26 1.45 4.52 4.08 -0.1 -7.24 -17.54 -24.5
-26.23 -19.2 -22.28 -21.65 -5.59 2.25 5.82 3.8 -0.73 -6.06 -16.77 -17.52
-20.19 -22.62 -27.12 -14.38 -7.07 0.12 5.32 5.25 0.92 -5.86 -11.66 -23.08
-30.28 -22.95 -24.85 -19.59 -7.79 0.22 4.42 4.32 2.12 -6.86 -13.84 -20.85
-22.3 -24.58 -26.21 -16.49 -6.73 2.78 4.92 4.52 2.12 -4.24 -12.89 -22.35
-18.27 -21.55 -18.21 -12.54 -3.16 2.45 6.42 4.62 0.9 -6.96 -12.51 -24
-26.85 -19.32 -15.86 -15.19 -4.74 3.17 5.62 4.3 -0.13 -6.36 -13.51 -20.57
-22.02 -20.83 -21.74 -15.16 -5.28 3.07 5.72 5.42 -0.8 -4.86 -13.91 -13.32
-23.86 -26.23 -21.06 -16.21 -4.86 2.35 5 4.84 0.8 -6.46 -15.44 -23.68
-19.37 -26.42 -26.87 -16.89 -2.65 1.86 5.16 3.6 0.59 -6.78 -13.31 -23.93
-18.21 -16.22 -17.87 -13.7 -5.5 2.24 5.9 5.1 -1.28 -7.93 -13.08 -18.68
-15.54 -21.2 -23.31 -14.38 -5.36 1.5 4.76 2.63 0.12 -9.37 -14.94 -17.02
-27.8 -29.9 -25.17 -17.94 -6.7 3.48 5.4 4.98 0.6 -6.03 -13.91 -20.84
-23.37 -28.42 -20.25 -15.4 -8.08 0.63 3.3 2.93 -1.23 -10.73 -9.86 -23.54
-20.54 -23.62 -24.72 -18.76 -7.22 2.56 4.83 4.1 0.8 -8.75 -9.92 -19.81
-20.42 -23.72 -14.94 -14.16 -2.39 3.46 5.88 3.88 1.38 -5.57 -16.08 -17.44
-17.67 -26.8 -19.94 -18.59 -5.34 2.01 6.23 6.38 0.6 -7.13 -13.48 -22.6
-14.95 -25.22 -24.01 -15.14 -2.73 2.8 5.48 3.69 2.48 -6.56 -20.55 -19.55
-23.76 -21.46 -22.03 -17.41 -4.2 3.41 3.88 3.8 0.94 -9.08 -12.41 -17.92
-21.69 -27.94 -23.5 -17.35 -7.01 2.44 5.73 4.21 1.2 -7.41 -13.04 -19.7
-22.23 -20.69 -24.84 -16.85 -4.91 1.05 6.95 5.88 1.53 -6.61 -15.21 -17.22
-24.22 -21.75 -26.03 -16.23 -7.39 1.71 4.61 3.43 0.68 -7.45 -11.6 -20.45
-22.3 -27.64 -20.63 -17.23 -5.81 2.2 6.43 6.73 2.78 -4.69 -14.7 -26.83
-25.7 -21.39 -20.13 -17.48 -6.68 0.56 4.4 5.48 -0.72 -8.8 -15.9 -24.52
-26.72 -27.43 -19.76 -15.41 -6.66 0.15 2.83 3.32 -1.48 -9.78 -16.01 -20.35
-27.22 -26.92 -18.39 -14.49 -8.16 1 4.7 3.25 -1.3 -7.34 -17 -20.48
-28.4 -24.35 -20.42 -15.63 -6.86 0.11 4.32 3.52 -1.62 -7.81 -17.28 -17.78
-28.81 -20.68 -22.91 -17.1 -6.66 1.55 4.3 3.75 0.94 -5.87 -12.49 -15.93
-22.87 -23.15 -16.65 -16.29 -8.75 1.15 4.82 4.12 0.92 -6.59 -14.57 -21.35
-26.02 -25.22 -25.44 -11.7 -6.46 3.15 4.97 4.52 -0.9 -6.56 -14.53 -23.35
-18.5 -21.85 -22.69 -18.46 -9.16 1.55 5.52 4.64 1.67 -3.96 -9.91 -13.43
-22.17 -18.12 -21.65 -12.37 -7.66 1.75 4.82 3.68 -0.9 -6.7 -14.16 -20.85
-30.84 -22.77 -24.64 -13.69 -6.5 2.35 5.02 3.37 1.62 -5.98 -14.81 -22.83
-21.22 -24.95 -21.62 -10.79 -2.46 2.98 5.08 4.92 0.49 -5.79 -9.01 -19.8
-24 -20.37 -22.36 -15.89 -6.86 2.35 4.52 5.52 1.47 -3.96 -13.31 -20.2
-17.32 -20.75 -23.41 -13.91 -7.96 1.25 3.8 3.04 1 -7.86 -16.71 -24.35
-24.15 -25 -20.49 -15.19 -2.76 3.45 4.85 3.7 0.1 -5.29 -10.51 -21.38
-25.22 -23.88 -23.06 -20.03 -5.96 1.82 4.82 4.62 0.9 -5.18 -13.49 -19.66
-22.66 -24.91 -26.46 -11.46 -6.82 0.61 4.95 3 0.92 -8.76 -15.32 -22.47
-22.87 -29.86 -22.87 -21.31 -7.19 1.42 4.09 4.46 0.86 -9.17 -16.65 -24.34
-18.48 -24.41 -29.5 -18.14 -6.31 1.89 6.31 6.91 2.24 -6.6 -16.25 -18.85
-14.9 -25.27 -20.72 -15.05 -5 1.23 5.73 5.43 1.48 -6.61 -11.45 -22.14
-15.08 -21.23 -20.42 -16.45 -5.73 2.29 4.96 4.31 0.08 -6.47 -15.07 -24.13
-22.84 -21.32 -20.35 -17.55 -5.29 1.94 5.01 3.97 0.46 -7.61 -17.73 -21.51
-20.79 -22.76 -19.21 -13.62 -3.27 2.89 4.12 3.44 -0.54 -6.74 -14.8 -21.29
-19.91 -16.63 -20.02 -17.79 -8.79 1.05 4.37 4.41 0.48 -7.63 -14.89 -17.78
-23.36 -24.36 -20.72 -15.21 -4.9 0.96 5.34 3.62 -0.84 -10.23 -17.46 -12.14
-22.12 -31.46 -21.86 -20.16 -7.18 2.69 4.84 2.94 1.64 -4.41 -12.36 -20.76
-18.6 -22.41 -26.64 -22.76 -7.35 0.19 5.72 4.57 -0.69 -10.03 -10.44 -16.09
-25.34 -19.33 -23.2 -16.2 -5.17 2.65 4.81 2.94 -0.89 -8.69 -11.12 -17.43
-22.68 -27.33 -20.62 -18.25 -5.12 1.43 4.86 5.16 -1.76 -6.25 -17.05 -25.29
-18.03 -23.24 -24.88 -14.7 -5.7 1.61 5.54 3.24 -0.04 -7.42 -18.37 -21.07
-29.94 -14.17 -18.22 -14.2 -6.44 2.04 4.49 4.64 2.04 -5.69 -16.35 -18.79
-25.53 -31.71 -21.07 -11.68 -2.65 2.72 5.7 6.04 0.24 -6.82 -13.95 -22
-26.69 -27.4 -19.73 -15.38 -6.63 0.18 2.86 3.35 -1.45 -9.75 -15.98 -20.32
-27.19 -26.89 -18.36 -14.46 -8.13 1.03 4.73 3.28 -1.27 -7.31 -16.97 -20.45
-28.37 -24.32 -20.39 -15.6 -6.83 0.14 4.35 3.55 -1.59 -7.78 -17.25 -17.75
-28.78 -20.65 -22.88 -17.07 -6.63 1.58 4.33 3.78 0.97 -5.84 -12.46 -15.9
-22.84 -23.12 -16.62 -16.26 -8.72 1.18 4.85 4.15 0.95 -6.56 -14.54 -21.32
-25.99 -25.19 -25.41 -11.67 -6.43 3.18 5 4.55 -0.87 -6.53 -14.5 -23.32
-18.47 -21.82 -22.66 -18.43 -9.13 1.58 5.55 4.67 1.7 -3.93 -9.88 -13.4
-22.14 -18.09 -21.62 -12.34 -7.63 1.78 4.85 3.71 -0.87 -6.67 -14.13 -20.82
-30.81 -22.74 -24.61 -13.66 -6.47 2.38 5.05 3.4 1.65 -5.95 -14.78 -22.8
-21.19 -24.92 -21.59 -10.76 -2.43 3.01 5.11 4.95 0.52 -5.76 -8.98 -19.77
-23.97 -20.34 -22.33 -15.86 -6.83 2.38 4.55 5.55 1.5 -3.93 -13.28 -20.17
-17.29 -20.72 -23.38 -13.88 -7.93 1.28 3.83 3.07 1.03 -7.83 -16.68 -24.32
-24.12 -24.97 -20.46 -15.16 -2.73 3.48 4.88 3.73 0.13 -5.26 -10.48 -21.35
-25.19 -23.85 -23.03 -20 -5.93 1.85 4.85 4.65 0.93 -5.15 -13.46 -19.63
-22.63 -24.88 -26.43 -11.43 -6.79 0.64 4.98 3.03 0.95 -8.73 -15.29 -22.44
-22.62 -27.65 -27.27 -18.75 -6.43 1.18 4.86 3.14 -0.42 -5.8 -12.7 -23.23
-25.96 -19.74 -23.85 -14.15 -5.08 1.83 3.82 3.91 -0.32 -7.64 -14.22 -22.93
-26.49 -22.41 -22.77 -11.14 -6.5 2.16 3.76 3.23 -1.01 -9.48 -17.9 -22.39
-21.41 -23.76 -17.73 -18.79 -8.74 -0.39 3.88 3.68 0.57 -5.78 -14.23 -19.15
-13.74 -20.95 -22.16 -16.43 -8.91 0.18 4.87 5.31 0.17 -5.03 -10.63 -19.39
-25.16 -25.52 -21.88 -15.06 -4.75 2.45 4.16 3.21 0.83 -4.81 -12.23 -18.96
-22.01 -26.38 -21.92 -17.02 -7.34 0.43 4.54 4.51 1.48 -4.12 -10.63 -20.11
-23.54 -26.54 -25.43 -15.31 -5.25 3.44 5.42 4.41 1.26 -5.44 -11.34 -23.92
-20.03 -25.13 -20.56 -11.31 -2.9 2.64 4.78 3.68 0.26 -6.93 -13.98 -25.46
-22.4 -27.34 -22.5 -17.74 -7.03 0.36 4.04 4.21 0.03 -11.08 -16.8 -17.12
-20.11 -24.28 -23.53 -15.27 -4.33 1.22 5.46 2.48 -0.04 -8.17 -20.32 -21.16
-16.14 -22.41 -23.53 -11.73 -4.63 3.08 5.19 3.96 -0.31 -6.1 -13.29 -25.79
-25.59 -21.37 -18.3 -15.42 -8.43 3.16 5.46 4.23 -0.04 -9.04 -16.26 -18.06
-17.02 -19.3 -26.8 -17.54 -3.71 2.21 4.3 4.78 1.18 -5.69 -11.2 -24.38
-23.96 -20.55 -16.12 -18.82 -5.28 0.99 5.86 4.46 0.46 -5.64 -15.06 -15.99
-19.74 -22.21 -25.14 -18.26 -9.18 0.65 5.35 4.35 0.73 -5.55 -17.72 -27.83
-29.77 -15.54 -17.88 -14.25 -3.8 1.78 4.35 4.35 -0.02 -6.83 -17.03 -20.95
-27.17 -22.5 -20.78 -18.26 -6.23 0.75 5.15 5.45 0.22 -7.73 -19.48 -24.09
-29.49 -25.89 -18.48 -19.06 -6.16 0.25 5.05 3.73 0.33 -7.43 -13.08 -19.74
-25.8 -25 -24.86 -20.36 -7.63 2.48 3.85 4.25 -0.25 -7.63 -15.28 -22.13
-23.01 -25.15 -20.55 -16.56 -5.46 1.88 5.53 5.88 0.1 -7.16 -11.05 -19.82
-19.82 -20.99 -22.14 -15.07 -8.95 0.93 3.43 3.73 0.07 -6.7 -15.84 -17.69
-24.19 -20.79 -21.45 -15.56 -4.83 2.68 5.65 6.7 1.05 -4.93 -13.33 -24.44
-25.37 -24.71 -20.22 -22.86 -6.31 1.41 4.33 4.03 0.03 -9.1 -12.43 -18.39
-25.77 -26.57 -21.15 -14.83 -4.83 3.46 5.93 5.65 1.81 -4 -13.43 -20.92
-20.16 -25.17 -18.38 -13 -6.36 3.18 5.85 5.75 3.76 -4.26 -9.51 -23.37
-21.37 -23.79 -25.61 -17.94 -6.34 3.45 6.43 6.05 0.35 -7.98 -10.4 -16.19
-21.49 -21.07 -23.98 -14.38 -6.01 2.48 5.33 4.05 0.1 -6.73 -16.53 -21.77
-17.82 -19.37 -25.43 -15.88 -5.51 2 4.18 3.65 1.33 -8.84 -15.4 -19.3
-11.8 -27.54 -25.9 -15.63 -6.83 2.35 5.03 4.35 -0.1 -5.66 -16.96 -21.67
-19.49 -26.54 -26.99 -17.01 -2.77 1.74 5.04 3.48 0.47 -6.9 -13.43 -24.05
-18.33 -16.34 -17.99 -13.82 -5.62 2.12 5.78 4.98 -1.4 -8.05 -13.2 -18.8
-15.66 -21.32 -23.43 -14.5 -5.48 1.38 4.64 2.51 0 -9.49 -15.06 -17.14
-27.92 -30.02 -25.29 -18.06 -6.82 3.36 5.28 4.86 0.48 -6.15 -14.03 -20.96
-23.49 -28.54 -20.37 -15.52 -8.2 0.51 3.18 2.81 -1.35 -10.85 -9.98 -23.66
-20.66 -23.74 -24.84 -18.88 -7.34 2.44 4.71 3.98 0.68 -8.87 -10.04 -19.93
-20.54 -23.84 -15.06 -14.28 -2.51 3.34 5.76 3.76 1.26 -5.69 -16.2 -17.56
-17.79 -26.92 -20.06 -18.71 -5.46 1.89 6.11 6.26 0.48 -7.25 -13.6 -22.72
-15.07 -25.34 -24.13 -15.26 -2.85 2.68 5.36 3.57 2.36 -6.68 -20.67 -19.67
-23.88 -21.58 -22.15 -17.53 -4.32 3.29 3.76 3.68 0.82 -9.2 -12.53 -18.04
-21.81 -28.06 -23.62 -17.47 -7.13 2.32 5.61 4.09 1.08 -7.53 -13.16 -19.82
-22.35 -20.81 -24.96 -16.97 -5.03 0.93 6.83 5.76 1.41 -6.73 -15.33 -17.34
-24.34 -21.87 -26.15 -16.35 -7.51 1.59 4.49 3.31 0.56 -7.57 -11.72 -20.57
-22.42 -27.76 -20.75 -17.35 -5.93 2.08 6.31 6.61 2.66 -4.81 -14.82 -26.95
-25.82 -21.51 -20.25 -17.6 -6.8 0.44 4.28 5.36 -0.84 -8.92 -16.02 -24.64
-29.64 -25.14 -26.85 -12.39 -6.05 2.51 5.58 4.18 1.16 -5.27 -10.93 -15.11
-25.71 -30.85 -24.12 -16.65 -6 1.38 6.48 3.86 -0.77 -9.65 -12.95 -21.4
-31.07 -27.84 -20.48 -16.53 -7.45 0.28 5.08 4.36 1.76 -3.62 -10.42 -21.82
-27.62 -14.9 -15.3 -17.47 -6.05 0.45 5.68 3.76 0.25 -7.3 -12.83 -19.89
-20.24 -23.69 -18.95 -15.13 -9.88 0.46 3.86 4.06 0.46 -6.5 -17.91 -23.26
-25.94 -25.89 -20.43 -14.5 -8.71 0.85 3.23 4.88 2.36 -5.17 -13.75 -15.92
-19.82 -28.04 -22.61 -17.45 -5.2 1.51 4.58 4.14 -0.04 -7.18 -17.48 -24.44
-26.17 -19.14 -22.22 -21.59 -5.53 2.31 5.88 3.86 -0.67 -6 -16.71 -17.46
-20.13 -22.56 -27.06 -14.32 -7.01 0.18 5.38 5.31 0.98 -5.8 -11.6 -23.02
-30.22 -22.89 -24.79 -19.53 -7.73 0.28 4.48 4.38 2.18 -6.8 -13.78 -20.79
-22.24 -24.52 -26.15 -16.43 -6.67 2.84 4.98 4.58 2.18 -4.18 -12.83 -22.29
-18.21 -21.49 -18.15 -12.48 -3.1 2.51 6.48 4.68 0.96 -6.9 -12.45 -23.94
-26.79 -19.26 -15.8 -15.13 -4.68 3.23 5.68 4.36 -0.07 -6.3 -13.45 -20.51
-21.96 -20.77 -21.68 -15.1 -5.22 3.13 5.78 5.48 -0.74 -4.8 -13.85 -13.26
-23.8 -26.17 -21 -16.15 -4.8 2.41 5.06 4.9 0.86 -6.4 -15.38 -23.62
-29.59 -25.09 -26.8 -12.34 -6 2.56 5.63 4.23 1.21 -5.22 -10.88 -15.06
-25.66 -30.8 -24.07 -16.6 -5.95 1.43 6.53 3.91 -0.72 -9.6 -12.9 -21.35
-31.02 -27.79 -20.43 -16.48 -7.4 0.33 5.13 4.41 1.81 -3.57 -10.37 -21.77
-27.57 -14.85 -15.25 -17.42 -6 0.5 5.73 3.81 0.3 -7.25 -12.78 -19.84
-20.19 -23.64 -18.9 -15.08 -9.83 0.51 3.91 4.11 0.51 -6.45 -17.86 -23.21
-25.89 -25.84 -20.38 -14.45 -8.66 0.9 3.28 4.93 2.41 -5.12 -13.7 -15.87
-19.77 -27.99 -22.56 -17.4 -5.15 1.56 4.63 4.19 0.01 -7.13 -17.43 -24.39
-26.12 -19.09 -22.17 -21.54 -5.48 2.36 5.93 3.91 -0.62 -5.95 -16.66 -17.41
-20.08 -22.51 -27.01 -14.27 -6.96 0.23 5.43 5.36 1.03 -5.75 -11.55 -22.97
-30.17 -22.84 -24.74 -19.48 -7.68 0.33 4.53 4.43 2.23 -6.75 -13.73 -20.74
-22.19 -24.47 -26.1 -16.38 -6.62 2.89 5.03 4.63 2.23 -4.13 -12.78 -22.24
-18.16 -21.44 -18.1 -12.43 -3.05 2.56 6.53 4.73 1.01 -6.85 -12.4 -23.89
-26.74 -19.21 -15.75 -15.08 -4.63 3.28 5.73 4.41 -0.02 -6.25 -13.4 -20.46
-21.91 -20.72 -21.63 -15.05 -5.17 3.18 5.83 5.53 -0.69 -4.75 -13.8 -13.21
-23.75 -26.12 -20.95 -16.1 -4.75 2.46 5.11 4.95 0.91 -6.35 -15.33 -23.57
-26.71 -27.42 -19.75 -15.4 -6.65 0.16 2.84 3.33 -1.47 -9.77 -16 -20.34
-27.21 -26.91 -18.38 -14.48 -8.15 1.01 4.71 3.26 -1.29 -7.33 -16.99 -20.47
-28.39 -24.34 -20.41 -15.62 -6.85 0.12 4.33 3.53 -1.61 -7.8 -17.27 -17.77
-28.8 -20.67 -22.9 -17.09 -6.65 1.56 4.31 3.76 0.95 -5.86 -12.48 -15.92
-22.86 -23.14 -16.64 -16.28 -8.74 1.16 4.83 4.13 0.93 -6.58 -14.56 -21.34
-26.01 -25.21 -25.43 -11.69 -6.45 3.16 4.98 4.53 -0.89 -6.55 -14.52 -23.34
-18.49 -21.84 -22.68 -18.45 -9.15 1.56 5.53 4.65 1.68 -3.95 -9.9 -13.42
-22.16 -18.11 -21.64 -12.36 -7.65 1.76 4.83 3.69 -0.89 -6.69 -14.15 -20.84
-30.83 -22.76 -24.63 -13.68 -6.49 2.36 5.03 3.38 1.63 -5.97 -14.8 -22.82
-21.21 -24.94 -21.61 -10.78 -2.45 2.99 5.09 4.93 0.5 -5.78 -9 -19.79
-23.99 -20.36 -22.35 -15.88 -6.85 2.36 4.53 5.53 1.48 -3.95 -13.3 -20.19
-17.31 -20.74 -23.4 -13.9 -7.95 1.26 3.81 3.05 1.01 -7.85 -16.7 -24.34
-24.14 -24.99 -20.48 -15.18 -2.75 3.46 4.86 3.71 0.11 -5.28 -10.5 -21.37
-25.21 -23.87 -23.05 -20.02 -5.95 1.83 4.83 4.63 0.91 -5.17 -13.48 -19.65
-22.65 -24.9 -26.45 -11.45 -6.81 0.62 4.96 3.01 0.93 -8.75 -15.31 -22.46
-22.5 -27.53 -27.15 -18.63 -6.31 1.3 4.98 3.26 -0.3 -5.68 -12.58 -23.11
-25.84 -19.62 -23.73 -14.03 -4.96 1.95 3.94 4.03 -0.2 -7.52 -14.1 -22.81
-26.37 -22.29 -22.65 -11.02 -6.38 2.28 3.88 3.35 -0.89 -9.36 -17.78 -22.27
-21.29 -23.64 -17.61 -18.67 -8.62 -0.27 4 3.8 0.69 -5.66 -14.11 -19.03
-13.62 -20.83 -22.04 -16.31 -8.79 0.3 4.99 5.43 0.29 -4.91 -10.51 -19.27
-25.04 -25.4 -21.76 -14.94 -4.63 2.57 4.28 3.33 0.95 -4.69 -12.11 -18.84
-21.89 -26.26 -21.8 -16.9 -7.22 0.55 4.66 4.63 1.6 -4 -10.51 -19.99
-23.42 -26.42 -25.31 -15.19 -5.13 3.56 5.54 4.53 1.38 -5.32 -11.22 -23.8
-19.91 -25.01 -20.44 -11.19 -2.78 2.76 4.9 3.8 0.38 -6.81 -13.86 -25.34
-22.28 -27.22 -22.38 -17.62 -6.91 0.48 4.16 4.33 0.15 -10.96 -16.68 -17
-19.99 -24.16 -23.41 -15.15 -4.21 1.34 5.58 2.6 0.08 -8.05 -20.2 -21.04
-16.02 -22.29 -23.41 -11.61 -4.51 3.2 5.31 4.08 -0.19 -5.98 -13.17 -25.67
-25.47 -21.25 -18.18 -15.3 -8.31 3.28 5.58 4.35 0.08 -8.92 -16.14 -17.94
-16.9 -19.18 -26.68 -17.42 -3.59 2.33 4.42 4.9 1.3 -5.57 -11.08 -24.26
-23.84 -20.43 -16 -18.7 -5.16 1.11 5.98 4.58 0.58 -5.52 -14.94 -15.87
-19.66 -26.71 -27.16 -17.18 -2.94 1.57 4.87 3.31 0.3 -7.07 -13.6 -24.22
-18.5 -16.51 -18.16 -13.99 -5.79 1.95 5.61 4.81 -1.57 -8.22 -13.37 -18.97
-15.83 -21.49 -23.6 -14.67 -5.65 1.21 4.47 2.34 -0.17 -9.66 -15.23 -17.31
-28.09 -30.19 -25.46 -18.23 -6.99 3.19 5.11 4.69 0.31 -6.32 -14.2 -21.13
-23.66 -28.71 -20.54 -15.69 -8.37 0.34 3.01 2.64 -1.52 -11.02 -10.15 -23.83
-20.83 -23.91 -25.01 -19.05 -7.51 2.27 4.54 3.81 0.51 -9.04 -10.21 -20.1
-20.71 -24.01 -15.23 -14.45 -2.68 3.17 5.59 3.59 1.09 -5.86 -16.37 -17.73
-17.96 -27.09 -20.23 -18.88 -5.63 1.72 5.94 6.09 0.31 -7.42 -13.77 -22.89
-15.24 -25.51 -24.3 -15.43 -3.02 2.51 5.19 3.4 2.19 -6.85 -20.84 -19.84
-24.05 -21.75 -22.32 -17.7 -4.49 3.12 3.59 3.51 0.65 -9.37 -12.7 -18.21
-21.98 -28.23 -23.79 -17.64 -7.3 2.15 5.44 3.92 0.91 -7.7 -13.33 -19.99
-22.52 -20.98 -25.13 -17.14 -5.2 0.76 6.66 5.59 1.24 -6.9 -15.5 -17.51
-24.51 -22.04 -26.32 -16.52 -7.68 1.42 4.32 3.14 0.39 -7.74 -11.89 -20.74
-22.59 -27.93 -20.92 -17.52 -6.1 1.91 6.14 6.44 2.49 -4.98 -14.99 -27.12
-25.99 -21.68 -20.42 -17.77 -6.97 0.27 4.11 5.19 -1.01 -9.09 -16.19 -24.81
-22.85 -27.88 -27.5 -18.98 -6.66 0.95 4.63 2.91 -0.65 -6.03 -12.93 -23.46
-26.19 -19.97 -24.08 -14.38 -5.31 1.6 3.59 3.68 -0.55 -7.87 -14.45 -23.16
-26.72 -22.64 -23 -11.37 -6.73 1.93 3.53 3 -1.24 -9.71 -18.13 -22.62
-21.64 -23.99 -17.96 -19.02 -8.97 -0.62 3.65 3.45 0.34 -6.01 -14.46 -19.38
-13.97 -21.18 -22.39 -16.66 -9.14 -0.05 4.64 5.08 -0.06 -5.26 -10.86 -19.62
-25.39 -25.75 -22.11 -15.29 -4.98 2.22 3.93 2.98 0.6 -5.04 -12.46 -19.19
-22.24 -26.61 -22.15 -17.25 -7.57 0.2 4.31 4.28 1.25 -4.35 -10.86 -20.34
-23.77 -26.77 -25.66 -15.54 -5.48 3.21 5.19 4.18 1.03 -5.67 -11.57 -24.15
-20.26 -25.36 -20.79 -11.54 -3.13 2.41 4.55 3.45 0.03 -7.16 -14.21 -25.69
-22.63 -27.57 -22.73 -17.97 -7.26 0.13 3.81 3.98 -0.2 -11.31 -17.03 -17.35
-20.34 -24.51 -23.76 -15.5 -4.56 0.99 5.23 2.25 -0.27 -8.4 -20.55 -21.39
-16.37 -22.64 -23.76 -11.96 -4.86 2.85 4.96 3.73 -0.54 -6.33 -13.52 -26.02
-25.82 -21.6 -18.53 -15.65 -8.66 2.93 5.23 4 -0.27 -9.27 -16.49 -18.29
-17.25 -19.53 -27.03 -17.77 -3.94 1.98 4.07 4.55 0.95 -5.92 -11.43 -24.61
-24.19 -20.78 -16.35 -19.05 -5.51 0.76 5.63 4.23 0.23 -5.87 -15.29 -16.22
-26.82 -27.53 -19.86 -15.51 -6.76 0.05 2.73 3.22 -1.58 -9.88 -16.11 -20.45
-27.32 -27.02 -18.49 -14.59 -8.26 0.9 4.6 3.15 -1.4 -7.44 -17.1 -20.58
-28.5 -24.45 -20.52 -15.73 -6.96 0.01 4.22 3.42 -1.72 -7.91 -17.38 -17.88
-28.91 -20.78 -23.01 -17.2 -6.76 1.45 4.2 3.65 0.84 -5.97 -12.59 -16.03
-22.97 -23.25 -16.75 -16.39 -8.85 1.05 4.72 4.02 0.82 -6.69 -14.67 -21.45
-26.12 -25.32 -25.54 -11.8 -6.56 3.05 4.87 4.42 -1 -6.66 -14.63 -23.45
-18.6 -21.95 -22.79 -18.56 -9.26 1.45 5.42 4.54 1.57 -4.06 -10.01 -13.53
-22.27 -18.22 -21.75 -12.47 -7.76 1.65 4.72 3.58 -1 -6.8 -14.26 -20.95
-30.94 -22.87 -24.74 -13.79 -6.6 2.25 4.92 3.27 1.52 -6.08 -14.91 -22.93
-21.32 -25.05 -21.72 -10.89 -2.56 2.88 4.98 4.82 0.39 -5.89 -9.11 -19.9
-24.1 -20.47 -22.46 -15.99 -6.96 2.25 4.42 5.42 1.37 -4.06 -13.41 -20.3
-17.42 -20.85 -23.51 -14.01 -8.06 1.15 3.7 2.94 0.9 -7.96 -16.81 -24.45
-24.25 -25.1 -20.59 -15.29 -2.86 3.35 4.75 3.6 0 -5.39 -10.61 -21.48
-25.32 -23.98 -23.16 -20.13 -6.06 1.72 4.72 4.52 0.8 -5.28 -13.59 -19.76
-22.76 -25.01 -26.56 -11.56 -6.92 0.51 4.85 2.9 0.82 -8.86 -15.42 -22.57
-23.03 -30.02 -23.03 -21.47 -7.35 1.26 3.93 4.3 0.7 -9.33 -16.81 -24.5
-18.64 -24.57 -29.66 -18.3 -6.47 1.73 6.15 6.75 2.08 -6.76 -16.41 -19.01
-15.06 -25.43 -20.88 -15.21 -5.16 1.07 5.57 5.27 1.32 -6.77 -11.61 -22.3
-15.24 -21.39 -20.58 -16.61 -5.89 2.13 4.8 4.15 -0.08 -6.63 -15.23 -24.29
-23 -21.48 -20.51 -17.71 -5.45 1.78 4.85 3.81 0.3 -7.77 -17.89 -21.67
-20.95 -22.92 -19.37 -13.78 -3.43 2.73 3.96 3.28 -0.7 -6.9 -14.96 -21.45
-20.07 -16.79 -20.18 -17.95 -8.95 0.89 4.21 4.25 0.32 -7.79 -15.05 -17.94
-23.52 -24.52 -20.88 -15.37 -5.06 0.8 5.18 3.46 -1 -10.39 -17.62 -12.3
-22.28 -31.62 -22.02 -20.32 -7.34 2.53 4.68 2.78 1.48 -4.57 -12.52 -20.92
-18.76 -22.57 -26.8 -22.92 -7.51 0.03 5.56 4.41 -0.85 -10.19 -10.6 -16.25
-25.5 -19.49 -23.36 -16.36 -5.33 2.49 4.65 2.78 -1.05 -8.85 -11.28 -17.59
-22.84 -27.49 -20.78 -18.41 -5.28 1.27 4.7 5 -1.92 -6.41 -17.21 -25.45
-18.19 -23.4 -25.04 -14.86 -5.86 1.45 5.38 3.08 -0.2 -7.58 -18.53 -21.23
-30.1 -14.33 -18.38 -14.36 -6.6 1.88 4.33 4.48 1.88 -5.85 -16.51 -18.95
-25.69 -31.87 -21.23 -11.84 -2.81 2.56 5.54 5.88 0.08 -6.98 -14.11 -22.16
-19.56 -26.61 -27.06 -17.08 -2.84 1.67 4.97 3.41 0.4 -6.97 -13.5 -24.12
-18.4 -16.41 -18.06 -13.89 -5.69 2.05 5.71 4.91 -1.47 -8.12 -13.27 -18.87
-15.73 -21.39 -23.5 -14.57 -5.55 1.31 4.57 2.44 -0.07 -9.56 -15.13 -17.21
-27.99 -30.09 -25.36 -18.13 -6.89 3.29 5.21 4.79 0.41 -6.22 -14.1 -21.03
-23.56 -28.61 -20.44 -15.59 -8.27 0.44 3.11 2.74 -1.42 -10.92 -10.05 -23.73
-20.73 -23.81 -24.91 -18.95 -7.41 2.37 4.64 3.91 0.61 -8.94 -10.11 -20
-20.61 -23.91 -15.13 -14.35 -2.58 3.27 5.69 3.69 1.19 -5.76 -16.27 -17.63
-17.86 -26.99 -20.13 -18.78 -5.53 1.82 6.04 6.19 0.41 -7.32 -13.67 -22.79
-15.14 -25.41 -24.2 -15.33 -2.92 2.61 5.29 3.5 2.29 -6.75 -20.74 -19.74
-23.95 -21.65 -22.22 -17.6 -4.39 3.22 3.69 3.61 0.75 -9.27 -12.6 -18.11
-21.88 -28.13 -23.69 -17.54 -7.2 2.25 5.54 4.02 1.01 -7.6 -13.23 -19.89
-22.42 -20.88 -25.03 -17.04 -5.1 0.86 6.76 5.69 1.34 -6.8 -15.4 -17.41
-24.41 -21.94 -26.22 -16.42 -7.58 1.52 4.42 3.24 0.49 -7.64 -11.79 -20.64
-22.49 -27.83 -20.82 -17.42 -6 2.01 6.24 6.54 2.59 -4.88 -14.89 -27.02
-25.89 -21.58 -20.32 -17.67 -6.87 0.37 4.21 5.29 -0.91 -8.99 -16.09 -24.71
-19.46 -26.51 -26.96 -16.98 -2.74 1.77 5.07 3.51 0.5 -6.87 -13.4 -24.02
-18.3 -16.31 -17.96 -13.79 -5.59 2.15 5.81 5.01 -1.37 -8.02 -13.17 -18.77
-15.63 -21.29 -23.4 -14.47 -5.45 1.41 4.67 2.54 0.03 -9.46 -15.03 -17.11
-27.89 -29.99 -25.26 -18.03 -6.79 3.39 5.31 4.89 0.51 -6.12 -14 -20.93
-23.46 -28.51 -20.34 -15.49 -8.17 0.54 3.21 2.84 -1.32 -10.82 -9.95 -23.63
-20.63 -23.71 -24.81 -18.85 -7.31 2.47 4.74 4.01 0.71 -8.84 -10.01 -19.9
-20.51 -23.81 -15.03 -14.25 -2.48 3.37 5.79 3.79 1.29 -5.66 -16.17 -17.53
-17.76 -26.89 -20.03 -18.68 -5.43 1.92 6.14 6.29 0.51 -7.22 -13.57 -22.69
-15.04 -25.31 -24.1 -15.23 -2.82 2.71 5.39 3.6 2.39 -6.65 -20.64 -19.64
-23.85 -21.55 -22.12 -17.5 -4.29 3.32 3.79 3.71 0.85 -9.17 -12.5 -18.01
-21.78 -28.03 -23.59 -17.44 -7.1 2.35 5.64 4.12 1.11 -7.5 -13.13 -19.79
-22.32 -20.78 -24.93 -16.94 -5 0.96 6.86 5.79 1.44 -6.7 -15.3 -17.31
-24.31 -21.84 -26.12 -16.32 -7.48 1.62 4.52 3.34 0.59 -7.54 -11.69 -20.54
-22.39 -27.73 -20.72 -17.32 -5.9 2.11 6.34 6.64 2.69 -4.78 -14.79 -26.92
-25.79 -21.48 -20.22 -17.57 -6.77 0.47 4.31 5.39 -0.81 -8.89 -15.99 -24.61
-29.62 -25.12 -26.83 -12.37 -6.03 2.53 5.6 4.2 1.18 -5.25 -10.91 -15.09
-25.69 -30.83 -24.1 -16.63 -5.98 1.4 6.5 3.88 -0.75 -9.63 -12.93 -21.38
-31.05 -27.82 -20.46 -16.51 -7.43 0.3 5.1 4.38 1.78 -3.6 -10.4 -21.8
-27.6 -14.88 -15.28 -17.45 -6.03 0.47 5.7 3.78 0.27 -7.28 -12.81 -19.87
-20.22 -23.67 -18.93 -15.11 -9.86 0.48 3.88 4.08 0.48 -6.48 -17.89 -23.24
-25.92 -25.87 -20.41 -14.48 -8.69 0.87 3.25 4.9 2.38 -5.15 -13.73 -15.9
-19.8 -28.02 -22.59 -17.43 -5.18 1.53 4.6 4.16 -0.02 -7.16 -17.46 -24.42
-26.15 -19.12 -22.2 -21.57 -5.51 2.33 5.9 3.88 -0.65 -5.98 -16.69 -17.44
-20.11 -22.54 -27.04 -14.3 -6.99 0.2 5.4 5.33 1 -5.78 -11.58 -23
-30.2 -22.87 -24.77 -19.51 -7.71 0.3 4.5 4.4 2.2 -6.78 -13.76 -20.77
-22.22 -24.5 -26.13 -16.41 -6.65 2.86 5 4.6 2.2 -4.16 -12.81 -22.27
-18.19 -21.47 -18.13 -12.46 -3.08 2.53 6.5 4.7 0.98 -6.88 -12.43 -23.92
-26.77 -19.24 -15.78 -15.11 -4.66 3.25 5.7 4.38 -0.05 -6.28 -13.43 -20.49
-21.94 -20.75 -21.66 -15.08 -5.2 3.15 5.8 5.5 -0.72 -4.78 -13.83 -13.24
-23.78 -26.15 -20.98 -16.13 -4.78 2.43 5.08 4.92 0.88 -6.38 -15.36 -23.6
-19.44 -26.49 -26.94 -16.96 -2.72 1.79 5.09 3.53 0.52 -6.85 -13.38 -24
-18.28 -16.29 -17.94 -13.77 -5.57 2.17 5.83 5.03 -1.35 -8 -13.15 -18.75
-15.61 -21.27 -23.38 -14.45 -5.43 1.43 4.69 2.56 0.05 -9.44 -15.01 -17.09
-27.87 -29.97 -25.24 -18.01 -6.77 3.41 5.33 4.91 0.53 -6.1 -13.98 -20.91
-23.44 -28.49 -20.32 -15.47 -8.15 0.56 3.23 2.86 -1.3 -10.8 -9.93 -23.61
-20.61 -23.69 -24.79 -18.83 -7.29 2.49 4.76 4.03 0.73 -8.82 -9.99 -19.88
-20.49 -23.79 -15.01 -14.23 -2.46 3.39 5.81 3.81 1.31 -5.64 -16.15 -17.51
-17.74 -26.87 -20.01 -18.66 -5.41 1.94 6.16 6.31 0.53 -7.2 -13.55 -22.67
-15.02 -25.29 -24.08 -15.21 -2.8 2.73 5.41 3.62 2.41 -6.63 -20.62 -19.62
-23.83 -21.53 -22.1 -17.48 -4.27 3.34 3.81 3.73 0.87 -9.15 -12.48 -17.99
-21.76 -28.01 -23.57 -17.42 -7.08 2.37 5.66 4.14 1.13 -7.48 -13.11 -19.77
-22.3 -20.76 -24.91 -16.92 -4.98 0.98 6.88 5.81 1.46 -6.68 -15.28 -17.29
-24.29 -21.82 -26.1 -16.3 -7.46 1.64 4.54 3.36 0.61 -7.52 -11.67 -20.52
-22.37 -27.71 -20.7 -17.3 -5.88 2.13 6.36 6.66 2.71 -4.76 -14.77 -26.9
-25.77 -21.46 -20.2 -17.55 -6.75 0.49 4.33 5.41 -0.79 -8.87 -15.97 -24.59
-26.59 -27.3 -19.63 -15.28 -6.53 0.28 2.96 3.45 -1.35 -9.65 -15.88 -20.22
-27.09 -26.79 -18.26 -14.36 -8.03 1.13 4.83 3.38 -1.17 -7.21 -16.87 -20.35
-28.27 -24.22 -20.29 -15.5 -6.73 0.24 4.45 3.65 -1.49 -7.68 -17.15 -17.65
-28.68 -20.55 -22.78 -16.97 -6.53 1.68 4.43 3.88 1.07 -5.74 -12.36 -15.8
-22.74 -23.02 -16.52 -16.16 -8.62 1.28 4.95 4.25 1.05 -6.46 -14.44 -21.22
-25.89 -25.09 -25.31 -11.57 -6.33 3.28 5.1 4.65 -0.77 -6.43 -14.4 -23.22
-18.37 -21.72 -22.56 -18.33 -9.03 1.68 5.65 4.77 1.8 -3.83 -9.78 -13.3
-22.04 -17.99 -21.52 -12.24 -7.53 1.88 4.95 3.81 -0.77 -6.57 -14.03 -20.72
-30.71 -22.64 -24.51 -13.56 -6.37 2.48 5.15 3.5 1.75 -5.85 -14.68 -22.7
-21.09 -24.82 -21.49 -10.66 -2.33 3.11 5.21 5.05 0.62 -5.66 -8.88 -19.67
-23.87 -20.24 -22.23 -15.76 -6.73 2.48 4.65 5.65 1.6 -3.83 -13.18 -20.07
-17.19 -20.62 -23.28 -13.78 -7.83 1.38 3.93 3.17 1.13 -7.73 -16.58 -24.22
-24.02 -24.87 -20.36 -15.06 -2.63 3.58 4.98 3.83 0.23 -5.16 -10.38 -21.25
-25.09 -23.75 -22.93 -19.9 -5.83 1.95 4.95 4.75 1.03 -5.05 -13.36 -19.53
-22.53 -24.78 -26.33 -11.33 -6.69 0.74 5.08 3.13 1.05 -8.63 -15.19 -22.34
-29.71 -25.21 -26.92 -12.46 -6.12 2.44 5.51 4.11 1.09 -5.34 -11 -15.18
-25.78 -30.92 -24.19 -16.72 -6.07 1.31 6.41 3.79 -0.84 -9.72 -13.02 -21.47
-31.14 -27.91 -20.55 -16.6 -7.52 0.21 5.01 4.29 1.69 -3.69 -10.49 -21.89
-27.69 -14.97 -15.37 -17.54 -6.12 0.38 5.61 3.69 0.18 -7.37 -12.9 -19.96
-20.31 -23.76 -19.02 -15.2 -9.95 0.39 3.79 3.99 0.39 -6.57 -17.98 -23.33
-26.01 -25.96 -20.5 -14.57 -8.78 0.78 3.16 4.81 2.29 -5.24 -13.82 -15.99
-19.89 -28.11 -22.68 -17.52 -5.27 1.44 4.51 4.07 -0.11 -7.25 -17.55 -24.51
-26.24 -19.21 -22.29 -21.66 -5.6 2.24 5.81 3.79 -0.74 -6.07 -16.78 -17.53
-20.2 -22.63 -27.13 -14.39 -7.08 0.11 5.31 5.24 0.91 -5.87 -11.67 -23.09
-30.29 -22.96 -24.86 -19.6 -7.8 0.21 4.41 4.31 2.11 -6.87 -13.85 -20.86
-22.31 -24.59 -26.22 -16.5 -6.74 2.77 4.91 4.51 2.11 -4.25 -12.9 -22.36
-18.28 -21.56 -18.22 -12.55 -3.17 2.44 6.41 4.61 0.89 -6.97 -12.52 -24.01
-26.86 -19.33 -15.87 -15.2 -4.75 3.16 5.61 4.29 -0.14 -6.37 -13.52 -20.58
-22.03 -20.84 -21.75 -15.17 -5.29 3.06 5.71 5.41 -0.81 -4.87 -13.92 -13.33
-23.87 -26.24 -21.07 -16.22 -4.87 2.34 4.99 4.83 0.79 -6.47 -15.45 -23.69
-19.78 -22.25 -25.18 -18.3 -9.22 0.61 5.31 4.31 0.69 -5.59 -17.76 -27.87
-29.81 -15.58 -17.92 -14.29 -3.84 1.74 4.31 4.31 -0.06 -6.87 -17.07 -20.99
-27.21 -22.54 -20.82 -18.3 -6.27 0.71 5.11 5.41 0.18 -7.77 -19.52 -24.13
-29.53 -25.93 -18.52 -19.1 -6.2 0.21 5.01 3.69 0.29 -7.47 -13.12 -19.78
-25.84 -25.04 -24.9 -20.4 -7.67 2.44 3.81 4.21 -0.29 -7.67 -15.32 -22.17
-23.05 -25.19 -20.59 -16.6 -5.5 1.84 5.49 5.84 0.06 -7.2 -11.09 -19.86
-19.86 -21.03 -22.18 -15.11 -8.99 0.89 3.39 3.69 0.03 -6.74 -15.88 -17.73
-24.23 -20.83 -21.49 -15.6 -4.87 2.64 5.61 6.66 1.01 -4.97 -13.37 -24.48
-25.41 -24.75 -20.26 -22.9 -6.35 1.37 4.29 3.99 -0.01 -9.14 -12.47 -18.43
-25.81 -26.61 -21.19 -14.87 -4.87 3.42 5.89 5.61 1.77 -4.04 -13.47 -20.96
-20.2 -25.21 -18.42 -13.04 -6.4 3.14 5.81 5.71 3.72 -4.3 -9.55 -23.41
-21.41 -23.83 -25.65 -17.98 -6.38 3.41 6.39 6.01 0.31 -8.02 -10.44 -16.23
-21.53 -21.11 -24.02 -14.42 -6.05 2.44 5.29 4.01 0.06 -6.77 -16.57 -21.81
-17.86 -19.41 -25.47 -15.92 -5.55 1.96 4.14 3.61 1.29 -8.88 -15.44 -19.34
-11.84 -27.58 -25.94 -15.67 -6.87 2.31 4.99 4.31 -0.14 -5.7 -17 -21.71
-26.13 -26.84 -19.17 -14.82 -6.07 0.74 3.42 3.91 -0.89 -9.19 -15.42 -19.76
-26.63 -26.33 -17.8 -13.9 -7.57 1.59 5.29 3.84 -0.71 -6.75 -16.41 -19.89
-27.81 -23.76 -19.83 -15.04 -6.27 0.7 4.91 4.11 -1.03 -7.22 -16.69 -17.19
-28.22 -20.09 -22.32 -16.51 -6.07 2.14 4.89 4.34 1.53 -5.28 -11.9 -15.34
-22.28 -22.56 -16.06 -15.7 -8.16 1.74 5.41 4.71 1.51 -6 -13.98 -20.76
-25.43 -24.63 -24.85 -11.11 -5.87 3.74 5.56 5.11 -0.31 -5.97 -13.94 -22.76
-17.91 -21.26 -22.1 -17.87 -8.57 2.14 6.11 5.23 2.26 -3.37 -9.32 -12.84
-21.58 -17.53 -21.06 -11.78 -7.07 2.34 5.41 4.27 -0.31 -6.11 -13.57 -20.26
-30.25 -22.18 -24.05 -13.1 -5.91 2.94 5.61 3.96 2.21 -5.39 -14.22 -22.24
-20.63 -24.36 -21.03 -10.2 -1.87 3.57 5.67 5.51 1.08 -5.2 -8.42 -19.21
-23.41 -19.78 -21.77 -15.3 -6.27 2.94 5.11 6.11 2.06 -3.37 -12.72 -19.61
-16.73 -20.16 -22.82 -13.32 -7.37 1.84 4.39 3.63 1.59 -7.27 -16.12 -23.76
-23.56 -24.41 -19.9 -14.6 -2.17 4.04 5.44 4.29 0.69 -4.7 -9.92 -20.79
-24.63 -23.29 -22.47 -19.44 -5.37 2.41 5.41 5.21 1.49 -4.59 -12.9 -19.07
-22.07 -24.32 -25.87 -10.87 -6.23 1.2 5.54 3.59 1.51 -8.17 -14.73 -21.88
-22.29 -27.32 -26.94 -18.42 -6.1 1.51 5.19 3.47 -0.09 -5.47 -12.37 -22.9
-25.63 -19.41 -23.52 -13.82 -4.75 2.16 4.15 4.24 0.01 -7.31 -13.89 -22.6
-26.16 -22.08 -22.44 -10.81 -6.17 2.49 4.09 3.56 -0.68 -9.15 -17.57 -22.06
-21.08 -23.43 -17.4 -18.46 -8.41 -0.06 4.21 4.01 0.9 -5.45 -13.9 -18.82
-13.41 -20.62 -21.83 -16.1 -8.58 0.51 5.2 5.64 0.5 -4.7 -10.3 -19.06
-24.83 -25.19 -21.55 -14.73 -4.42 2.78 4.49 3.54 1.16 -4.48 -11.9 -18.63
-21.68 -26.05 -21.59 -16.69 -7.01 0.76 4.87 4.84 1.81 -3.79 -10.3 -19.78
-23.21 -26.21 -25.1 -14.98 -4.92 3.77 5.75 4.74 1.59 -5.11 -11.01 -23.59
-19.7 -24.8 -20.23 -10.98 -2.57 2.97 5.11 4.01 0.59 -6.6 -13.65 -25.13
-22.07 -27.01 -22.17 -17.41 -6.7 0.69 4.37 4.54 0.36 -10.75 -16.47 -16.79
-19.78 -23.95 -23.2 -14.94 -4 1.55 5.79 2.81 0.29 -7.84 -19.99 -20.83
-15.81 -22.08 -23.2 -11.4 -4.3 3.41 5.52 4.29 0.02 -5.77 -12.96 -25.46
-25.26 -21.04 -17.97 -15.09 -8.1 3.49 5.79 4.56 0.29 -8.71 -15.93 -17.73
-16.69 -18.97 -26.47 -17.21 -3.38 2.54 4.63 5.11 1.51 -5.36 -10.87 -24.05
-23.63 -20.22 -15.79 -18.49 -4.95 1.32 6.19 4.79 0.79 -5.31 -14.73 -15.66
-19.26 -26.31 -26.76 -16.78 -2.54 1.97 5.27 3.71 0.7 -6.67 -13.2 -23.82
-18.1 -16.11 -17.76 -13.59 -5.39 2.35 6.01 5.21 -1.17 -7.82 -12.97 -18.57
-15.43 -21.09 -23.2 -14.27 -5.25 1.61 4.87 2.74 0.23 -9.26 -14.83 -16.91
-27.69 -29.79 -25.06 -17.83 -6.59 3.59 5.51 5.09 0.71 -5.92 -13.8 -20.73
-23.26 -28.31 -20.14 -15.29 -7.97 0.74 3.41 3.04 -1.12 -10.62 -9.75 -23.43
-20.43 -23.51 -24.61 -18.65 -7.11 2.67 4.94 4.21 0.91 -8.64 -9.81 -19.7
-20.31 -23.61 -14.83 -14.05 -2.28 3.57 5.99 3.99 1.49 -5.46 -15.97 -17.33
-17.56 -26.69 -19.83 -18.48 -5.23 2.12 6.34 6.49 0.71 -7.02 -13.37 -22.49
-14.84 -25.11 -23.9 -15.03 -2.62 2.91 5.59 3.8 2.59 -6.45 -20.44 -19.44
-23.65 -21.35 -21.92 -17.3 -4.09 3.52 3.99 3.91 1.05 -8.97 -12.3 -17.81
-21.58 -27.83 -23.39 -17.24 -6.9 2.55 5.84 4.32 1.31 -7.3 -12.93 -19.59
-22.12 -20.58 -24.73 -16.74 -4.8 1.16 7.06 5.99 1.64 -6.5 -15.1 -17.11
-24.11 -21.64 -25.92 -16.12 -7.28 1.82 4.72 3.54 0.79 -7.34 -11.49 -20.34
-22.19 -27.53 -20.52 -17.12 -5.7 2.31 6.54 6.84 2.89 -4.58 -14.59 -26.72
-25.59 -21.28 -20.02 -17.37 -6.57 0.67 4.51 5.59 -0.61 -8.69 -15.79 -24.41
-22.22 -29.21 -22.22 -20.66 -6.54 2.07 4.74 5.11 1.51 -8.52 -16 -23.69
-17.83 -23.76 -28.85 -17.49 -5.66 2.54 6.96 7.56 2.89 -5.95 -15.6 -18.2
-14.25 -24.62 -20.07 -14.4 -4.35 1.88 6.38 6.08 2.13 -5.96 -10.8 -21.49
-14.43 -20.58 -19.77 -15.8 -5.08 2.94 5.61 4.96 0.73 -5.82 -14.42 -23.48
-22.19 -20.67 -19.7 -16.9 -4.64 2.59 5.66 4.62 1.11 -6.96 -17.08 -20.86
-20.14 -22.11 -18.56 -12.97 -2.62 3.54 4.77 4.09 0.11 -6.09 -14.15 -20.64
-19.26 -15.98 -19.37 -17.14 -8.14 1.7 5.02 5.06 1.13 -6.98 -14.24 -17.13
-22.71 -23.71 -20.07 -14.56 -4.25 1.61 5.99 4.27 -0.19 -9.58 -16.81 -11.49
-21.47 -30.81 -21.21 -19.51 -6.53 3.34 5.49 3.59 2.29 -3.76 -11.71 -20.11
-17.95 -21.76 -25.99 -22.11 -6.7 0.84 6.37 5.22 -0.04 -9.38 -9.79 -15.44
-24.69 -18.68 -22.55 -15.55 -4.52 3.3 5.46 3.59 -0.24 -8.04 -10.47 -16.78
-22.03 -26.68 -19.97 -17.6 -4.47 2.08 5.51 5.81 -1.11 -5.6 -16.4 -24.64
-17.38 -22.59 -24.23 -14.05 -5.05 2.26 6.19 3.89 0.61 -6.77 -17.72 -20.42
-29.29 -13.52 -17.57 -13.55 -5.79 2.69 5.14 5.29 2.69 -5.04 -15.7 -18.14
-24.88 -31.06 -20.42 -11.03 -2 3.37 6.35 6.69 0.89 -6.17 -13.3 -21.35
-23.06 -24.09 -21.19 -14.3 -3.1 4.24 7.12 6.44 2.29 -3.42 -10.07 -20.06
-22.81 -23.23 -24.86 -13.4 -6.05 3.34 6.41 4.21 -1.41 -8.07 -13.7 -22.09
-25.08 -17.93 -21.57 -13.37 -4.27 3.94 8.31 3.89 -1.57 -6.28 -13.54 -22.74
-21.93 -19.06 -25.9 -16.8 -5.5 3.14 5.01 4.71 0.41 -9.11 -18.81 -23.59
-22.61 -21.64 -21.12 -14.4 -2.97 2.44 5.91 5.62 3.28 -5.1 -9.39 -18.43
-18.05 -22.26 -14.79 -15.77 -1.88 3.64 5.71 4.51 0.41 -7.86 -9.28 -16.85
-22.73 -21.39 -19.19 -14.04 -2.45 3.66 6.59 6.51 2.99 -5.87 -11.88 -23.31
-24.41 -24.51 -18.2 -13.45 -6.82 2.44 6.91 3.39 1.04 -4.42 -10.38 -18.06
-25.88 -26.43 -23.25 -16.6 -5.87 2.44 5.37 4.89 1.89 -7.87 -14.28 -26.53
-25.78 -18.71 -18.73 -15.09 -5.81 3.34 4.39 3.81 0.19 -6.28 -12.02 -13.88
-21.66 -16.56 -21.48 -14.27 -6.01 3.34 5.21 4.56 0.66 -8.74 -13.05 -23.59
-25.03 -24.84 -12.89 -12.69 -2.07 4.44 6.31 5.84 2.27 -3.59 -9.97 -16.16
-20.13 -23.91 -18.92 -10.7 -3.07 4.61 6.81 4.61 2.91 -3.71 -10.82 -18.99
-18.61 -24.84 -19.72 -12.21 -2.07 5.14 8.31 7.88 1.74 -3.32 -11.2 -19.28
-20.99 -24.17 -19.68 -16.8 -3.72 3.61 6.84 6.99 3.16 -2.85 -13.4 -21.77
-26.51 -20.13 -20.21 -19.23 -4.57 2.82 5.49 4.67 3.09 -2.5 -12.27 -19.57
-23.25 -17.18 -21.43 -12.13 -4.14 4.57 8.31 7.71 4.11 -3.49 -8.84 -15.08
-24.61 -25.49 -21.95 -14.89 -4.34 2.49 5.19 4.94 2.49 -6.26 -13.13 -15.14
-23.4 -24.92 -21.65 -15.24 -2.11 2.64 5.9 5.94 2.01 -3.31 -14.06 -14.03
-23.43 -22.2 -22.04 -15.68 -3.41 3.32 6.27 5.79 4.61 -3.03 -9.9 -15.1
-18.61 -19.89 -16.36 -14.78 -3.6 4.04 5.99 4.41 2.87 -4.07 -13.53 -20.09
-25.83 -24.05 -24.62 -14.14 -5.61 3.24 5.51 4.74 -0.46 -3.65 -10.07 -18.75
-20.21 -27.09 -18.67 -12.23 -4.73 4.11 6.44 5.61 0.69 -5.12 -12.68 -14.29
-17.86 -15.27 -18.08 -12.7 -3.48 2.24 6.61 7.51 2.79 -3.05 -6.21 -16.74
-18.51 -19.31 -22.99 -13.72 -2.82 4.91 7.51 5.41 1.91 -2.98 -12.07 -19.76
-17.72 -17.59 -20.28 -12 -1.68 5.16 7.11 6.86 2.99 -2.52 -8.48 -13.39
-18.96 -19.09 -17.55 -10.52 -3.27 4.14 7.01 5.71 2.48 -3.7 -5.83 -14.35
-17.63 -13.14 -16.4 -10.08 -4.52 3.94 6.51 5.63 3.86 -1 -10.08 -21.13
-21.34 -21.91 -21.44 -12.17 -5.26 4.07 7.93 6.08 1.6 -2.62 -11.56 -17.73
-22.96 -21.53 -20.37 -12.19 -4.78 3.4 7.31 5 1.41 -2.44 -6.85 -14.17
-25.02 -23.32 -22.28 -12.93 -3.88 4.31 5.77 5.17 3.61 -3.26 -3.9 -16
-24.53 -21.99 -19.3 -13.78 -4.88 3.54 6.12 5.2 3.88 -1.51 -5.49 -12.74
-22.01 -21.62 -20.95 -15.31 -4.75 2.66 8.57 6.23 1.9 -1.17 -5.91 -11.99
-22.53 -22.74 -19.95 -15.03 -3.61 4.55 6.02 6.27 1.66 -2.47 -7.92 -17.25
-22.02 -20.64 -22 -16.02 -4.08 3.87 6.39 3.62 0.29 -3.45 -10.99 -19.74
-18.94 -22.68 -20.96 -13.99 -4.69 4.2 8.08 5.14 1.95 -2.17 -8.87 -11.77
-20.5 -20.76 -22.05 -13.42 -3.56 4.46 8.23 5.69 1.69 -1.77 -9.84 -13.54
-19.59 -19.18 -18.75 -12.88 -2.89 5.22 7.74 7.65 3.86 -0.63 -5.35 -11.3
-21.22 -21.55 -20.22 -13.54 -5.62 3.7 6.88 4.82 2.36 -4.93 -9.99 -13.06
-22.42 -19.6 -19.4 -12.71 -3.69 4.2 6.45 5.13 1.95 -4.08 -7.21 -17.43
-22.76 -20.97 -20.11 -13.65 -3.04 4.07 5.74 6.28 2.91 -3.45 -8.73 -14.66
-21.62 -20.54 -20.07 -14.48 -3.84 3.79 5.09 4.83 2.87 -2.13 -9 -17.65
-23.49 -20.61 -21.61 -12.12 -4.07 4.34 9.5 6.76 3.84 -1.81 -4.12 -11.69
-21.46 -21.46 -19.72 -13.68 -4.35 3.94 6.16 4.55 1.37 -2.88 -11.45 -14.22
-19.78 -20.93 -18.41 -13.83 -2.98 4.42 7.71 5.45 3.41 -1.56 -8.1 -12.76
-24.05 -20.92 -19.56 -12.68 -5.17 3.63 6.54 6.15 2.78 -2.26 -9.39 -12.56
-23.96 -20.12 -18.73 -13.39 -4.27 4.03 5.64 5.41 3.13 -3.09 -4.7 -12.83
-21.42 -21.44 -19.38 -13.35 -3.48 3.65 8.84 7.16 4.76 -1.62 -5.76 -11.49
-19.66 -18.94 -20.06 -11.58 -3.76 3.69 7.93 6.92 2.86 -2.18 -6.77 -15.97
-21.68 -22.23 -19.73 -12.49 -3.17 4.15 8.5 5.57 3.66 -2.38 -6.33 -13.55
-20.21 -21.27 -23.05 -11.9 -4.23 3.54 8.55 6.57 2.74 -2.29 -7.06 -13.38
-22.05 -21.89 -18.89 -12.12 -2.69 4.79 6.43 6.1 3.45 -1.74 -6.52 -15.51
-22.05 -21.81 -19.83 -12.4 -2.98 4.31 7.77 6.29 3.99 -1.89 -4.02 -8.64
-17.67 -22.92 -22.89 -11.98 -3 6.13 9.98 7.19 2.8 -1.38 -6.36 -14.72
-21.39 -22.96 -20.23 -14.65 -4.01 4.69 5.05 5.28 2.81 -2.46 -7.53 -15.8
-17.36 -21.08 -20.25 -14.32 -3.95 3.31 5.6 6.2 2.87 -2.35 -9.06 -13.72
-21.02 -20.57 -17.72 -12.06 -3.96 4.72 7.14 5.07 3.39 -0.88 -6.68 -13.47
-21.44 -20.66 -20.33 -13 -4.72 3.72 7.4 5.14 4.23 -2.38 -6.57 -12.8
-21.56 -22.55 -21.63 -11.28 -4.19 4.56 8.44 6.21 3.24 -1.52 -5.89 -12.32
-19.46 -22.56 -19.3 -14.1 -3.5 4.52 6.09 5.2 1.59 -4.59 -7.37 -15.7
-23.42 -19.26 -22.46 -11.07 -3.61 6.71 6.08 4.34 2.83 -0.12 -7.87 -14.17
-23.53 -21.92 -21.06 -14.98 -3.86 4.3 5.97 5.13 3.26 -2.24 -5.23 -12.82
-21.83 -20.93 -20.18 -13.48 -4.3 2.85 6.93 7.21 3.54 -3.21 -3.48 -8.72
-18.65 -20.76 -21.69 -12.63 -3.87 4.71 6.1 6.89 3.22 -2.46 -7.18 -15.34
-22.09 -21.77 -20.91 -14.61 -3.66 5.84 6.18 4.72 2.24 -1.73 -8.18 -15.94
-19.46 -22.44 -21.8 -13.82 -4.76 4.14 5.6 5.02 2.88 -0.54 -9.04 -17.36
-21.91 -23.46 -19.33 -14.86 -4.92 2.75 6.03 4.48 0.9 -2.4 -10.37 -12.26
-23.81 -22.59 -18.25 -13.18 -3.31 3.77 9.68 5.11 2.8 -3.36 -8.9 -13.75
-21.28 -22.06 -18.5 -13.84 -2.76 4.92 6.46 5.74 2.47 -1.7 -6.92 -13.24
-21.84 -22.45 -21.17 -15.17 -4.01 3.84 6.69 3.89 3.37 -1.44 -5.36 -19.27
-19.13 -20.59 -18.21 -13.33 -3.82 4.59 7.53 6.82 3.89 -1.65 -4.7 -11.79
-20.29 -24.34 -23.46 -13.33 -3.18 4.82 9.69 5.65 2.95 -2.21 -6.66 -15.73
-23.3 -18.1 -18.99 -12.73 -3.83 6.12 6.68 5.54 3.17 0.14 -6.53 -13.69
-21.62 -24.86 -21.44 -11.75 -3.2 5.48 6.9 5.24 2.11 -3.59 -6.93 -14.55
-20.65 -21.54 -19.84 -11.94 -4.86 3.37 6 6.13 1.6 -3.71 -5.84 -12.93
-22.14 -23.29 -20.85 -13.62 -3.99 4.42 6.66 6.15 2.69 -2.81 -7.37 -16.35
-20.86 -22.46 -18.99 -13.56 -3.38 4.3 8.16 6.12 3 -1.77 -4.38 -15.84
-18.01 -18.78 -22.32 -10.28 -4.65 3.81 8.73 6.05 3.13 -0.4 -5.8 -14.63
-24.09 -22.01 -21.07 -13.24 -3.65 3.58 4.79 5.18 2.69 -2.57 -10.01 -13.46
-23.7 -25.57 -19.66 -13.43 -3.9 7.15 6.37 4.37 0.54 -3.52 -11.49 -17.78
-19.37 -23.71 -20.9 -12.22 -2.5 5.78 7.51 5.98 2.52 -0.96 -4.83 -13
-19.77 -23.96 -19.19 -9.65 -2.79 3.5 6.62 6.47 2.52 -0.84 -6.06 -11.38
-21.19 -18.52 -17.8 -11.12 -3.14 5.2 8.58 6.76 3.28 -0.52 -3.26 -14.26
-21.7 -21.35 -18.01 -14.02 -4.9 4.47 6.61 4.79 2.81 -2.28 -7.3 -18.87
-23.31 -19.01 -20.08 -11.53 -1.72 5.7 6.91 5.29 3.67 -0.01 -4.6 -14.22
-19.9 -19.38 -19.85 -13.38 -3.1 4 5.42 6.75 4.29 -2.17 -8.37 -15.5
-22.74 -23.29 -19.95 -12.74 -2.93 4.97 6.96 4.45 2.86 -2.49 -6.57 -11.53
-24.82 -23.77 -21.21 -13.96 -3.4 3.86 9.02 5.53 2.19 -2.44 -8.05 -15.4
-19.51 -19.42 -20.86 -13.13 -4 4.03 8.64 4.97 3.02 -1.79 -5.76 -12.48
-21.84 -22.99 -19.71 -13.47 -3.34 5.14 7.57 5.7 3.09 -1.02 -4.61 -11.97
-18.86 -19.82 -20.33 -12.35 -5.35 4.72 7.18 4.9 2.55 -1.59 -6.61 -12.64
-23.42 -20.87 -19.87 -13.43 -3.8 3.63 6.11 5.58 2.38 -2.19 -8.25 -13.8
-23.26 -22.46 -22.19 -15.05 -4.33 5.31 6.05 4.8 1.58 -2.06 -3.57 -15.43
-21.76 -20.85 -22.51 -12.38 -4.99 3.91 7.56 4.46 2.28 -2.08 -6.64 -15.01
-21.86 -24 -22.49 -14.12 -3.5 4.98 8.28 5.26 3.21 -2.88 -6.83 -14.13
-20.59 -23.15 -18.7 -14.1 -4.45 5.28 7.16 5.35 3.25 -0.88 -2.52 -13.22
-21.58 -20.31 -17.07 -14.55 -3.39 2.73 5.84 4.97 3.74 -1.7 -7.13 -16.43
-20.3 -20.12 -21.71 -11.9 -3.57 4.58 5.38 4.76 3.53 -2.94 -7.37 -11.57
-23.99 -22.95 -20.86 -14.18 -4.53 5.27 6.39 5.14 3.46 -1.75 -6.53 -12.75
-21.26 -22.15 -20.98 -12.51 -3.99 3.85 5.23 4.99 3.07 -2.88 -7.62 -17.36
-21.05 -20.94 -16.26 -12.73 -3.28 4.39 6.67 5.41 3.12 -0.86 -5.74 -13.44
-22.75 -22.44 -20.3 -12.6 -3.62 4.02 6.49 5.72 2.93 -2.13 -6.22 -14.03
-22.05 -23.11 -20.94 -14.95 -2.96 5.05 7.14 5.9 2.15 -0.93 -4.63 -15.13
-21.44 -22.41 -18.42 -13.78 -4.09 5.15 7.75 4.11 2.2 -1.67 -4.41 -14.84
-20.6 -21.24 -22.21 -13.93 -4.43 4.16 6.87 6.5 2.88 -2.88 -8.04 -19.06
-21.05 -20.54 -18.18 -14.5 -4.24 4.31 5.81 4.45 2 -4.47 -9.97 -14.66
-21.85 -22.37 -20.37 -13.01 -3.82 4.05 6.16 5.34 4.01 -3.62 -8.88 -13.11
-23.54 -18.97 -21.34 -13.43 -3.33 4.91 6.29 5.25 2.19 -2.22 -6.43 -19.54
-21.42 -21 -19.98 -13.15 -3.57 3.52 5.83 4.87 2.39 -3.34 -7.2 -15.42
-22.21 -19.35 -18.66 -12.32 -4.41 3.69 7.1 4.63 2.28 -3.55 -7.2 -14.36
-17.88 -18.92 -20.18 -12.99 -3.83 6.06 7.82 6.63 3.87 -2.74 -4.13 -12.53
-22.89 -21.85 -22.47 -14.25 -2.82 4.91 8.34 5.93 3.02 -1.45 -3.92 -12.04
-17.01 -21.37 -16.24 -14.19 -3.99 3.78 6.72 5.5 2.71 -2.88 -4.29 -13.15
-22.26 -23.07 -19.51 -14.75 -3.21 4.44 7.57 6.68 3.26 -1.49 -4.84 -11.89
-20.92 -19.57 -21.67 -12.14 -3.08 4.34 7.05 5.22 2.24 -2.63 -5.07 -14.81
-23.7 -24.02 -19.56 -14.7 -4.45 3.87 7.48 4.05 3.3 -4.4 -6.07 -10.59
-22.39 -23.13 -17.2 -12.57 -3.77 3.94 7.77 8 3.84 -1.42 -7.16 -13.24
-16.65 -20.82 -18.43 -13.35 -4.03 4.02 7.53 6.79 4.25 -0.32 -4.73 -14.39
-22.9 -20.19 -21.56 -14.13 -4.8 5.87 7.35 5.69 3.99 -0.1 -6.21 -16.29
-20.76 -16.66 -21 -12.66 -4.66 3.05 6.4 6.93 4.05 -2.55 -3.88 -15.63
-21.7 -20.37 -17.58 -11.39 -3.21 4.86 6.06 4.99 3.04 -0.28 -5.65 -11.8
-20.61 -21.11 -19.48 -12.17 -4.34 4.28 5.81 4.98 3.33 -2.63 -5.91 -12.26
-22.02 -21.34 -21.86 -12.93 -4.32 4.79 7.68 6.41 2.29 -1.97 -7.59 -12.07
-16.1 -23.46 -20.53 -13.91 -4.84 4.51 8.84 7.1 4.38 -2.32 -5.91 -12.94
-23.76 -21.91 -18.38 -12.34 -3.48 4.35 7.7 4.91 3.26 -0.27 -3.73 -11.02
-18.63 -21.85 -18.5 -11.45 -2.86 4.26 7.98 6.62 3.77 -2.8 -4.52 -14.97
-18.87 -19.32 -19.9 -14.18 -2.91 3.47 5.72 5.88 2.78 -1.01 -8.63 -11.17
-17.64 -20.45 -19.17 -16.35 -3.91 4.31 7.4 4.68 2.88 -1.21 -6.64 -16.32
-23.36 -16.96 -18.46 -12.24 -5.14 6.09 7.63 5.2 3.04 -0.57 -5.13 -14.95
-21.46 -20.47 -22.49 -11.42 -4.1 3.72 7.44 5.04 3.46 -2.32 -4.74 -12.65
-20.7 -20.37 -19.44 -15.11 -2.93 3.6 7.63 4.83 1.81 -4.24 -13.29 -18.11
-19.24 -19.75 -19.23 -11.7 -2.52 4.92 6.99 4.27 2.72 -2.76 -9.64 -16.18
-23.98 -21.98 -18.98 -12.88 -4.3 4.81 6.49 6 2.87 -2.64 -7.76 -16.32
-18.61 -19.18 -19.92 -14.08 -4.62 4.06 6.86 4.54 2.44 -2.94 -7.23 -15.74
-19.65 -20.78 -18.82 -12.46 -4.23 3.12 6.57 4.91 2.29 -1.37 -6.77 -11.52
-21.23 -22.44 -22.07 -13.04 -4.73 2.31 7.31 5.17 2.73 -3.35 -7.44 -13.78
-19.03 -21.47 -21.65 -14.49 -4.05 4.36 5.87 5.86 2.93 -0.63 -6.28 -13.09
-22.83 -20.56 -18.42 -12.55 -2.64 5.6 7.38 5.68 3.99 -1.45 -4.56 -10.73
-18.39 -18.21 -21.76 -13.62 -3.44 5.02 6.82 6.62 2.92 -0.39 -4.8 -12.91
-24.34 -23.47 -20.94 -13.59 -4.53 3.8 5.88 5.82 2.17 -1.71 -6.49 -16.4
-21.26 -24.98 -22.47 -13.98 -3.84 3.88 6.49 6.39 2.64 -2.43 -7.86 -14.99
-20.79 -22.99 -19.2 -13.48 -3.76 4.31 6.96 5.47 2.26 -2.64 -6.02 -12.55
-23.42 -23.56 -19.68 -12.5 -2.61 5.23 6.26 6.43 4.36 -2.11 -6.96 -9.64
-20.81 -20.84 -19.25 -13.07 -3.46 4.78 7.59 5.5 4.04 -0.85 -5.86 -10.37
-20.13 -21.88 -21.31 -13.23 -4.72 2.66 6.87 5.12 3.75 -3.36 -6.06 -13.31
-25.69 -20.79 -22.29 -14.15 -2.41 5.09 6.6 4.77 1.65 -2.76 -4.91 -14.44
-23.19 -25.45 -22.71 -12.63 -4.98 3.55 8.8 5.84 2.75 -1.57 -7 -7.74
-19.2 -16.74 -21.56 -12.59 -4.31 3.5 8.28 5.64 3.28 -1.11 -3.96 -10.26
-16.89 -18.6 -21.63 -11.97 -2.88 3.8 6.15 4.88 3.03 -2.15 -6.71 -14.65
-23.86 -22.15 -19.36 -13.96 -3.7 4.42 7.2 5.21 2.35 -2.16 -5.21 -13.83
-22.96 -17.92 -18.76 -12.24 -3.07 3.17 6.49 5.56 2.47 -2.46 -6 -13.81
-21.62 -22.26 -22.12 -10.72 -2.83 5.89 7.56 5.99 2.53 -1.88 -5.29 -13.47
-18.61 -21.49 -18.13 -13.76 -4.89 3.58 6.11 5.01 2.18 -3.72 -10.87 -16.07
-21.2 -21.3 -21.65 -12.04 -3.52 4.39 6.99 5.31 2.3 -3.45 -5.88 -16.8
-22.6 -22.92 -20.55 -12.68 -3.44 4.44 6.49 5.85 2.44 -2.15 -4.6 -10.4
-23.44 -23.94 -21.8 -14.33 -3.4 3.34 6.16 4.75 2.94 -1.06 -6.7 -15.16
-22.09 -23.28 -22.6 -14.69 -3.17 3.96 5.75 5.35 2.17 -0.26 -7.07 -14.75
-18.33 -19.98 -19.55 -13.72 -3.32 3.42 6.76 5.5 3.48 -3 -9.06 -13.43
-21.13 -22.95 -20.32 -12.16 -4.25 2.86 7.52 5.7 2.44 -2.81 -5.2 -16.82
-18.73 -21.27 -16.34 -11.12 -2.91 5.02 7.95 5.85 3.13 -0.95 -5.68 -11.16
-20.24 -17.45 -19.82 -13.53 -3.32 3.51 5.71 5.06 3.71 -0.98 -7.07 -12.7
-23.93 -17.67 -19.92 -13.7 -4.65 3.26 6.67 4.7 2.77 -1.76 -6.89 -16.4
-20.61 -21.77 -22.43 -12.11 -3.09 3.26 5.33 5.57 2.61 -2.79 -4.9 -14.74
-23.69 -23.09 -19.71 -12.08 -3.74 4.3 7.98 5.54 3.18 -1.58 -8.1 -13.71
-19.38 -18.62 -23 -14.15 -2.95 4.25 6.84 5.45 2.2 -3.42 -8.87 -14.9
-19.3 -23.71 -21.8 -14.37 -4.5 2.72 7.51 4.44 2.51 -2.86 -8.74 -16.5
-23.71 -20.81 -21.54 -14.92 -3.77 3.8 6.1 3.61 1.59 -4.13 -7.93 -17.47
-22.37 -21.78 -20.98 -15.2 -5.43 3.97 7.01 4.89 0.55 -3.47 -9.61 -12.55
-24.22 -24.47 -23.2 -14.69 -3.81 3.26 7.56 4.29 2.19 -1.57 -8.32 -16.2
-18.28 -22.27 -22.82 -11.78 -4.88 3.62 8.77 7.01 2.42 -2.29 -10.33 -16.51
-21.86 -20.51 -18.97 -14.37 -4.84 2.97 5.27 4.53 2.9 -1.46 -7.77 -17.11
-22.73 -23.36 -21.21 -13.46 -3.65 5.2 6.66 5.77 1.55 -2.64 -7.18 -15.8
-19.45 -20.66 -20.3 -13.4 -3.04 5.22 6.27 7.44 3.11 -2.63 -7.79 -15.88
-20.98 -22.84 -23.69 -14.7 -4.4 3.23 6.7 4.91 2.91 -2.01 -7.45 -15.93
-21.88 -25.38 -18.78 -12.68 -4.73 4.86 7.88 5.71 1.92 -4.04 -5.39 -13.82
-21.99 -23.81 -22.24 -12.63 -4.18 3.24 9.09 6.1 3.77 -1.09 -6.65 -12.83
-20.36 -23.68 -19.15 -12.59 -4.41 4.4 5.8 5.48 1.82 -2.43 -7.95 -17.86
-20.41 -23.24 -22.94 -13.22 -4.5 3.08 7.01 4.97 1.69 -4.33 -7.68 -16.84
-22.9 -22.41 -18.13 -13.71 -5.07 4.25 8.71 5.66 2.15 -2.95 -6.14 -16.4
-25.9 -24.22 -19.6 -15.47 -3.94 2.63 5.82 5.04 2.54 -4.01 -7.44 -19.06
-23.68 -23.9 -20.34 -13.11 -4.09 4.39 5.84 5.15 3.72 -2.15 -7.34 -10.99
-22.91 -23.75 -20.53 -12 -3.76 4.2 7.09 6.09 2.1 -2.71 -9.14 -18.48
-22.58 -20.34 -19.95 -13.83 -3.57 3.87 7.09 5.02 1.87 -2.05 -4.93 -15.25
-20.3 -21.29 -20.57 -14.47 -4.3 4.57 7.76 4.89 2.31 -4.51 -11.25 -17.13
-21.05 -21.93 -21.29 -14.6 -4.34 3.12 5.65 4.65 2.7 -3.37 -8.77 -18.82
-25.58 -17.56 -23.31 -15.4 -3.85 4.93 7.3 4.95 1.24 -4.51 -6.15 -12.74
-21.33 -22.26 -18.9 -15.19 -3.91 3.1 5.38 4.68 1.44 -2.7 -10.04 -18.33
-24.5 -20.94 -21.93 -13.77 -4.49 4.49 8.63 4.99 2.28 -2.18 -7.92 -15.73
-21.42 -22.82 -21.45 -14.11 -3.93 7.39 7.23 4.62 2.21 -3.09 -5.22 -15.76
-19.64 -23.68 -19.34 -12.5 -3.47 2.71 5.74 5.41 2 -2.93 -8.7 -16.3
-22.53 -21.97 -20.73 -11.96 -4.52 4.96 5.8 4.51 2.17 -1.75 -6.38 -14.5
-20.12 -20.54 -16.6 -14.55 -3.69 3.83 7.48 6.47 2.82 -1.14 -5.22 -14.14
-20.02 -24.15 -21 -12.11 -4.57 2.7 7.85 5.81 3.33 -2.14 -6.12 -12.44
-23.04 -23.48 -21.75 -15.42 -4.14 4.36 6.36 5.31 2.88 -4.05 -8.73 -15.81
-23.28 -21 -21.51 -14.98 -4.9 3.7 7.78 4.53 1.22 -6.63 -8.55 -18.08
-20.6 -20.92 -20.97 -14.28 -3.55 4.34 6.96 4.39 2.16 -3.89 -10.59 -15.96
-24.01 -21.05 -20.74 -13.65 -3.67 4.4 6.27 4.79 3.75 -1.42 -6 -12.55
-19.98 -23.33 -17.84 -12.12 -4.72 2.69 4.72 6.84 3.43 -2.75 -7.24 -15.74
-22.94 -21.77 -19.33 -14.32 -4.36 3.94 7.97 5.53 3.16 -2.74 -4.21 -9.88
-20.74 -24.62 -20.58 -14.4 -2.16 4.94 6.73 5.5 2.62 -0.89 -5.98 -12.97
-20.87 -17.93 -21.57 -12.53 -5.18 4.09 8.12 4.69 2.89 -1.58 -6.09 -14.24
-21.85 -20.75 -19.57 -11.46 -4.24 2.87 7.16 5.62 3.06 -1.82 -3.97 -18.02
-23.8 -22.2 -22.93 -15.33 -4.39 4.16 5.9 5.82 3.64 -3.25 -11.95 -16.1
-24.58 -25.09 -21 -15.57 -2.85 4.86 7.12 5.6 2.39 -2.32 -5.37 -17.81
-22.58 -20.28 -21.73 -13.99 -3.95 3.71 5.42 5.57 3.04 -2.85 -6.32 -12.25
-23.5 -19.62 -21.33 -12.23 -4.09 3.29 5.19 5.5 3.2 -2.76 -8.51 -16.43
-23.61 -20.71 -22.69 -11.93 -4.16 3.92 5.56 4.89 1.55 -3.86 -6.9 -13.47
-22.76 -23.86 -22.55 -14.6 -5.72 2.94 5.35 4.28 1.56 -3.34 -9.06 -15.78
-22.22 -21.3 -19.52 -16.41 -3 3.35 7.83 5.53 2.58 -2.87 -7.77 -16.25
-24.36 -22.28 -24.43 -12.44 -4.32 4.55 6.09 5.51 2.56 -1.95 -4.07 -12.91
-20.25 -22.15 -16.85 -12.05 -3 4.35 9.04 6.43 3.79 -3.3 -7.22 -13.6
-23.09 -22.29 -22.83 -14.27 -5.15 5.6 7.68 5.03 1.97 -0.91 -5.39 -13.13
-19.08 -20.8 -19.71 -11.54 -3.16 4.16 6.66 4.35 3.73 -2.69 -8.24 -16.73
-22.42 -20.27 -17.92 -13.64 -3.55 5.5 7.32 6.2 4.39 -1.45 -6.51 -13.8
-20.53 -21.59 -19.62 -13.71 -3.41 4.27 8.65 6.2 3.27 0.06 -4.76 -16.18
-21.51 -20.42 -21.32 -14.79 -3.7 3.14 7.35 4.99 2.68 -5.15 -6.06 -15.54
-20.33 -22.93 -20.5 -13.4 -2.76 6.39 10.72 6.97 3.25 -3.97 -6.13 -14.29
-19.44 -23.52 -20.85 -14.26 -4.97 2.06 5.98 4.87 0.88 -3.95 -9.66 -16.24
-22.36 -23.12 -16.7 -12.71 -3.88 4.38 8.13 5.65 3.55 -3.07 -9.99 -17.57
-21.56 -25.19 -17.85 -14.26 -3.59 5.82 8.18 5.87 3.38 -2.11 -5.4 -16.38
-22.67 -21.5 -21.05 -11.15 -4.17 3.1 6.53 4.42 2.36 -3.92 -10.91 -16.22
-22.83 -24.26 -17.84 -12.76 -4.49 4.65 7.72 4.95 2.26 -1.31 -7.94 -11.94
-17.95 -20.93 -18.68 -13.04 -4.2 5.66 7.37 5.73 2.74 -1.71 -4.91 -11.46
-17.17 -23.92 -20.41 -16.22 -4.42 3.31 8.49 4.82 1.84 -1.84 -8.82 -17.53
-23.81 -21.81 -18.53 -11.9 -3.93 4.28 8.56 7.7 2.3 -0.84 -6.75 -13.89
-19.7 -22.63 -16.7 -14 -3.66 4.73 6.4 5.13 2.96 -3.59 -5.44 -15.02
-22.58 -23.47 -18.04 -13.53 -4.54 5.51 5.53 4.72 1.83 -1.01 -10.13 -12.15
-24.83 -21.16 -20.14 -13.25 -3.01 4.47 6.62 6.17 3.03 0.32 -5.58 -11.12
-22.24 -21.62 -17.44 -13.92 -4.13 4.63 8.77 7.32 3.86 -2.17 -7.38 -12.11
-21.2 -21.27 -20.05 -13.24 -3.62 4.23 6.98 5.13 2.4 -3.83 -8.87 -14.7
-22.02 -21.92 -22.33 -15.2 -3.58 3.68 7.06 5.78 4.76 -1.77 -4.92 -7.02
-19.01 -22.09 -21.45 -14.58 -4.58 3.77 7.44 5.65 2.97 -1.86 -4.37 -14.73
-21.86 -18.19 -22.45 -14.72 -4.79 4.17 9.31 7.36 3.87 -1.84 -6.76 -16.17
-23.47 -17.5 -21.08 -12.48 -4.14 4.31 6.61 5.09 3.6 -1.16 -7.76 -12.86
-22.41 -22.72 -19.06 -13.13 -3.6 5.22 7.09 6.37 4.66 -0.23 -3.1 -12.49
-21.72 -22.52 -20.94 -11.87 -4.85 4.96 5.82 5.3 2.56 -3.65 -7.23 -18.28
-19.37 -21.73 -21.53 -14.78 -2.87 5.09 8.43 5.06 2.32 -4.34 -9.27 -11.54
-20.98 -21.13 -20.2 -13.53 -3.02 4.19 6.97 5.03 2.01 -3.73 -8.67 -15.8
-21.66 -23.06 -22.93 -13.66 -4.29 3.45 5.13 5 3.11 0.32 -7.66 -16.39
-20.77 -19.65 -18.69 -13.67 -4.82 3.97 6.68 4.58 2.04 -3.21 -7.12 -16.22
-22.11 -21.33 -19.02 -11.81 -5.61 3.92 5.25 4.85 2.42 -3.49 -10 -16.81
-22.67 -20.41 -24.09 -14.76 -4.85 5.72 8.56 5.28 1.39 -3.13 -6.23 -15.41
-20.86 -23.93 -19.32 -14.63 -4.46 2.67 5.41 4.71 1.26 -3.86 -10.69 -16.24
-25.25 -22.28 -22.42 -14.35 -4.33 5.24 6.93 5.9 1.48 -2.93 -5.32 -17.58
-25.3 -22.52 -20.56 -17.49 -3.35 5.33 6.88 5.9 1.03 -4.78 -11.91 -18.96
-24.03 -22.86 -20.79 -11.86 -4.52 4.5 6.31 4.83 1.85 -2.86 -7.81 -15.16
-20.14 -18.06 -19.49 -13.64 -3.98 4.1 6.74 4.66 3.02 -1.66 -5.41 -11.91
-24.86 -21.66 -19.7 -12.84 -3.88 2.64 6.64 4.8 2.31 -4.72 -7.38 -16.28
-19.94 -23.51 -21.12 -12.72 -3.59 3.98 6.48 6.82 3.42 -0.7 -6.23 -16.82
-20.33 -21.91 -21.24 -13.83 -4.2 5.46 6.73 6.87 4.64 -2.36 -7.93 -17.57
-22.51 -19.29 -18.39 -13.73 -4.45 3.5 6.06 4.85 4.03 -4.27 -8.61 -14.32
-22.86 -20.79 -19.74 -11.84 -4.15 2.62 6.67 5.69 2.23 -1.6 -7.56 -13.42
-22.89 -23.77 -21.78 -13.48 -4.22 3.79 7.86 6.11 2.96 -2.55 -10.17 -17.06
-24.45 -20.78 -22.24 -12.84 -4.41 2.87 5.81 5.57 2.66 -2.49 -5.31 -14.68
-23.85 -22.5 -24.36 -12.69 -4.57 4.1 6.38 4.71 2.04 -3.03 -9.09 -14.68
-22.48 -21.83 -20.16 -13.13 -4.61 3.69 5.58 4.98 1.72 -4 -7.93 -9.1
-19.54 -21.18 -20.66 -16.56 -4.34 4.49 8.91 6.54 2.13 -0.9 -5.19 -16.14
-19.88 -23.39 -23.38 -13.3 -4.25 4.01 6.37 4.73 2.12 -3.27 -7.03 -14.54
-20.21 -21.85 -18.68 -14.8 -4.95 5.19 6.98 4.97 2.92 -0.83 -8.72 -16.55
-21.91 -18.94 -19.65 -13.7 -4.2 5.03 6.4 5.07 2.83 -1.55 -7.77 -10.4
-21.74 -18.97 -21.5 -13.47 -4.77 3.44 6.2 5.3 2.04 -5.01 -11.96 -16.24
-22.1 -19.81 -21.55 -11.12 -3.56 3.39 6.67 4.6 2.16 -1.8 -5.69 -15.36
-22.36 -17.73 -22.81 -13.21 -5.19 3.57 5.59 5.57 2.42 -3.29 -10.5 -12.96
-23.41 -22.6 -22.46 -16.49 -4.34 2.98 5.36 4.53 3.51 -2.28 -12.4 -11.23
-17.29 -19.58 -20.72 -14.93 -3.41 3.21 6.24 5.89 2.51 -1.82 -6.69 -16.22
-25.04 -21.25 -22.54 -14.45 -4.41 3.94 5.98 5.43 1.76 -2.65 -8.09 -14.85
-20.85 -20.35 -21.87 -13.71 -3.88 2.34 5.84 6.11 1.7 -3.14 -9.04 -14.03
-25.46 -23.98 -17.76 -14.97 -4.75 3.32 6.13 5.15 1.86 -2.49 -6.98 -17.82
-22.09 -19.52 -18.03 -16.4 -4.11 2.16 5.29 4.63 0.88 -4.62 -8.6 -14.84
-22.84 -25.33 -21.53 -12.99 -4.07 3.08 5.36 4.05 1.34 -5.1 -11.87 -17.9
-20.16 -18.48 -19.33 -12.68 -3.55 3.27 7.54 4.87 2.14 -2.87 -7.16 -15.95
-21.98 -21.41 -19.64 -10.72 -4.29 4.85 5.99 5.09 2.36 -2.82 -8.32 -17.77
-23.79 -22.75 -21.68 -14.88 -3.92 3.04 6.27 4.67 2.33 -3.86 -5.2 -15.46
-17.89 -22.63 -20.66 -14.36 -4.51 3.79 5.54 3.99 3.39 -3.3 -8.65 -15.72
-21.32 -19.52 -19.97 -15.59 -2.94 4.59 6.15 4.5 1.8 -3.23 -7.62 -16.95
-22.42 -19.59 -21.19 -16.29 -3.84 3.3 5.56 4.5 2.66 -3.1 -11.69 -12.89
-20.67 -21.12 -19.68 -12.49 -3.8 3.73 7.47 5.49 3.26 -0.8 -4.02 -16.55
-23.94 -20.56 -18.15 -12.9 -3.5 3.87 5.77 4.64 2.47 -3.49 -5.63 -14.97
-21.32 -19.61 -20.91 -16.15 -3.66 3.82 5.66 6.35 2.87 -3.27 -5.13 -18.43
-20.2 -21.4 -22.61 -14.47 -5.48 3.08 6.14 4.63 1.72 -2.83 -8.36 -16.59
-24.59 -20.84 -23.3 -15.65 -4.36 4.48 7.03 4.25 1.19 -3.99 -10.84 -13.29
-19.57 -23.38 -22.83 -11.74 -3.9 3.7 5.42 4.33 1.99 -1.94 -10.4 -18.26
-23.06 -19.61 -21.3 -13.2 -4.75 4.91 6.98 5.16 2.99 -2.25 -6.52 -17.67
-24.43 -21.73 -21.92 -13.21 -4.56 3.37 5.73 4.05 2.71 -0.89 -7.07 -13.54
-20.88 -21.72 -24.05 -11.98 -3.44 2.95 5.66 5.2 1.48 -1.91 -7.94 -16.17
-17.57 -22.86 -23.73 -14.36 -4.9 4.26 5.88 5.01 2.36 -1.55 -10.49 -16.41
-23.22 -22.31 -19.82 -12.03 -3.87 3.94 8.21 5.72 2.99 -1.5 -6.29 -14.94
-21.95 -22.57 -20.5 -13.19 -5.65 2.83 5.73 4.84 1.64 -2.68 -9.01 -16.72
-23 -20.59 -18.07 -13.19 -2.72 5.01 7.4 4.93 3.78 -0.51 -5.95 -12.85
-21.86 -17.22 -18.59 -13.31 -2.91 4.82 7.35 5.44 2.35 -0.87 -5.52 -14.1
-21.5 -24.61 -21.21 -11.65 -3.85 3.64 6.58 4.4 2.79 -3.09 -8.16 -14.79
-24 -24.28 -24.69 -12.96 -3.64 5.98 5.91 5.97 3.34 -2.06 -5.45 -13.39
-22.56 -22.22 -22.92 -14.59 -5.85 3.59 5.57 4.01 0.68 -4.13 -11.2 -17.46
-19.88 -20.84 -19.56 -14.99 -4.01 4.17 8.28 4.62 2.6 -2.57 -8.48 -16.52
-23.46 -23.7 -19.68 -14.89 -4.04 3.8 7.46 5.21 2.35 -2.9 -6.67 -15.63
-25.75 -20.58 -20.98 -14.24 -3.8 3.61 5.75 5.58 1.96 -2.63 -8.81 -17.49
-20.93 -23.96 -19.56 -13.68 -5.37 3.14 7.6 6.93 2.24 -3.59 -7.4 -14.12
-20.34 -22.94 -20.36 -14.81 -4.04 2.98 7.1 5.77 2.56 -3.29 -9.63 -15.85
-19.42 -19.7 -21.29 -13.59 -4.32 3.07 5.24 5.29 3.16 -2.37 -9.32 -15.04
-23.22 -20.74 -20.56 -12.93 -3.56 3.24 7.41 5.25 2.67 -2.14 -7.57 -14.97
-24.74 -23 -23.44 -15.94 -3.57 3.11 5.03 4.43 1.03 -2.41 -12.41 -12.52
-24.08 -24.31 -23.46 -15.76 -4.87 3.35 5.7 4.43 2.18 -4.81 -12.72 -16.25
-21.94 -20.66 -20.54 -15.04 -4.34 2.92 5.69 4.88 2.12 -5.39 -9.02 -16.11
-23.47 -23.84 -24.64 -14.55 -5.23 3.07 5.61 4.32 0.59 -6.53 -10.68 -14.11
-25.45 -26.31 -19.45 -13.04 -3.57 3.73 5.49 5.11 2.46 -2.22 -10.01 -17.07
-20.62 -20.95 -21.7 -11.69 -3.77 4.54 7.87 7.97 2.94 -2.4 -7.73 -13.48
-22.89 -19.58 -18.43 -15.46 -4.72 3.45 6.07 4.62 1.33 -2.65 -7.33 -15.95
-22.19 -21.25 -20.97 -13.7 -3.23 3.74 6.44 5.06 2.17 -2.93 -5.62 -13.48
-23.15 -24.11 -22.92 -12.07 -3.48 4.37 6.66 4.45 3.15 -2.22 -5.35 -12.97
-22.58 -18.85 -17.54 -10.4 -3.44 4.05 8.25 4.71 2.18 -1.94 -7.06 -17.71
-23.94 -20.56 -18.15 -12.9 -3.5 3.87 5.77 4.64 2.47 -3.49 -5.63 -14.97
-24.08 -24.31 -23.46 -15.76 -4.87 3.35 5.7 4.43 2.18 -4.81 -12.72 -16.25
-23.47 -23.84 -24.64 -14.55 -5.23 3.07 5.61 4.32 0.59 -6.53 -10.68 -14.11
-19.57 -23.38 -22.83 -11.74 -3.9 3.7 5.42 4.33 1.99 -1.94 -10.4 -18.26
-20.2 -21.4 -22.61 -14.47 -5.48 3.08 6.14 4.63 1.72 -2.83 -8.36 -16.59
-22.19 -21.25 -20.97 -13.7 -3.23 3.74 6.44 5.06 2.17 -2.93 -5.62 -13.48
-22.56 -22.22 -22.92 -14.59 -5.85 3.59 5.57 4.01 0.68 -4.13 -11.2 -17.46
-24 -24.28 -24.69 -12.96 -3.64 5.98 5.91 5.97 3.34 -2.06 -5.45 -13.39
-23.46 -23.7 -19.68 -14.89 -4.04 3.8 7.46 5.21 2.35 -2.9 -6.67 -15.63
-21.5 -24.61 -21.21 -11.65 -3.85 3.64 6.58 4.4 2.79 -3.09 -8.16 -14.79
-19.88 -20.84 -19.56 -14.99 -4.01 4.17 8.28 4.62 2.6 -2.57 -8.48 -16.52
-23.15 -24.11 -22.92 -12.07 -3.48 4.37 6.66 4.45 3.15 -2.22 -5.35 -12.97
-22.84 -25.33 -21.53 -12.99 -4.07 3.08 5.36 4.05 1.34 -5.1 -11.87 -17.9
-21.95 -22.57 -20.5 -13.19 -5.65 2.83 5.73 4.84 1.64 -2.68 -9.01 -16.72
-17.57 -22.86 -23.73 -14.36 -4.9 4.26 5.88 5.01 2.36 -1.55 -10.49 -16.41
-23.41 -22.6 -22.46 -16.49 -4.34 2.98 5.36 4.53 3.51 -2.28 -12.4 -11.23
-23.06 -19.61 -21.3 -13.2 -4.75 4.91 6.98 5.16 2.99 -2.25 -6.52 -17.67
-22.36 -17.73 -22.81 -13.21 -5.19 3.57 5.59 5.57 2.42 -3.29 -10.5 -12.96
-23.22 -20.74 -20.56 -12.93 -3.56 3.24 7.41 5.25 2.67 -2.14 -7.57 -14.97
-22.89 -19.58 -18.43 -15.46 -4.72 3.45 6.07 4.62 1.33 -2.65 -7.33 -15.95
-24.43 -21.73 -21.92 -13.21 -4.56 3.37 5.73 4.05 2.71 -0.89 -7.07 -13.54
-21.32 -19.61 -20.91 -16.15 -3.66 3.82 5.66 6.35 2.87 -3.27 -5.13 -18.43
-19.42 -19.7 -21.29 -13.59 -4.32 3.07 5.24 5.29 3.16 -2.37 -9.32 -15.04
-25.46 -23.98 -17.76 -14.97 -4.75 3.32 6.13 5.15 1.86 -2.49 -6.98 -17.82
-25.04 -21.25 -22.54 -14.45 -4.41 3.94 5.98 5.43 1.76 -2.65 -8.09 -14.85
-20.93 -23.96 -19.56 -13.68 -5.37 3.14 7.6 6.93 2.24 -3.59 -7.4 -14.12
-22.1 -19.81 -21.55 -11.12 -3.56 3.39 6.67 4.6 2.16 -1.8 -5.69 -15.36
-21.74 -18.97 -21.5 -13.47 -4.77 3.44 6.2 5.3 2.04 -5.01 -11.96 -16.24
-20.16 -18.48 -19.33 -12.68 -3.55 3.27 7.54 4.87 2.14 -2.87 -7.16 -15.95
-25.45 -26.31 -19.45 -13.04 -3.57 3.73 5.49 5.11 2.46 -2.22 -10.01 -17.07
-23 -20.59 -18.07 -13.19 -2.72 5.01 7.4 4.93 3.78 -0.51 -5.95 -12.85
-22.42 -19.59 -21.19 -16.29 -3.84 3.3 5.56 4.5 2.66 -3.1 -11.69 -12.89
-24.74 -23 -23.44 -15.94 -3.57 3.11 5.03 4.43 1.03 -2.41 -12.41 -12.52
-25.75 -20.58 -20.98 -14.24 -3.8 3.61 5.75 5.58 1.96 -2.63 -8.81 -17.49
-20.67 -21.12 -19.68 -12.49 -3.8 3.73 7.47 5.49 3.26 -0.8 -4.02 -16.55
-20.88 -21.72 -24.05 -11.98 -3.44 2.95 5.66 5.2 1.48 -1.91 -7.94 -16.17
-20.85 -20.35 -21.87 -13.71 -3.88 2.34 5.84 6.11 1.7 -3.14 -9.04 -14.03
-22.09 -19.52 -18.03 -16.4 -4.11 2.16 5.29 4.63 0.88 -4.62 -8.6 -14.84
-23.79 -22.75 -21.68 -14.88 -3.92 3.04 6.27 4.67 2.33 -3.86 -5.2 -15.46
-21.98 -21.41 -19.64 -10.72 -4.29 4.85 5.99 5.09 2.36 -2.82 -8.32 -17.77
-23.22 -22.31 -19.82 -12.03 -3.87 3.94 8.21 5.72 2.99 -1.5 -6.29 -14.94
-21.32 -19.52 -19.97 -15.59 -2.94 4.59 6.15 4.5 1.8 -3.23 -7.62 -16.95
-22.58 -18.85 -17.54 -10.4 -3.44 4.05 8.25 4.71 2.18 -1.94 -7.06 -17.71
-20.34 -22.94 -20.36 -14.81 -4.04 2.98 7.1 5.77 2.56 -3.29 -9.63 -15.85
-20.62 -20.95 -21.7 -11.69 -3.77 4.54 7.87 7.97 2.94 -2.4 -7.73 -13.48
-17.29 -19.58 -20.72 -14.93 -3.41 3.21 6.24 5.89 2.51 -1.82 -6.69 -16.22
-21.94 -20.66 -20.54 -15.04 -4.34 2.92 5.69 4.88 2.12 -5.39 -9.02 -16.11
-24.59 -20.84 -23.3 -15.65 -4.36 4.48 7.03 4.25 1.19 -3.99 -10.84 -13.29
-21.86 -17.22 -18.59 -13.31 -2.91 4.82 7.35 5.44 2.35 -0.87 -5.52 -14.1
-17.89 -22.63 -20.66 -14.36 -4.51 3.79 5.54 3.99 3.39 -3.3 -8.65 -15.72
-23 -20.59 -18.07 -13.19 -2.72 5.01 7.4 4.93 3.78 -0.51 -5.95 -12.85
-20.93 -23.96 -19.56 -13.68 -5.37 3.14 7.6 6.93 2.24 -3.59 -7.4 -14.12
-24.74 -23 -23.44 -15.94 -3.57 3.11 5.03 4.43 1.03 -2.41 -12.41 -12.52
-22.09 -19.52 -18.03 -16.4 -4.11 2.16 5.29 4.63 0.88 -4.62 -8.6 -14.84
-19.42 -19.7 -21.29 -13.59 -4.32 3.07 5.24 5.29 3.16 -2.37 -9.32 -15.04
-25.45 -26.31 -19.45 -13.04 -3.57 3.73 5.49 5.11 2.46 -2.22 -10.01 -17.07
-22.56 -22.22 -22.92 -14.59 -5.85 3.59 5.57 4.01 0.68 -4.13 -11.2 -17.46
-20.62 -20.95 -21.7 -11.69 -3.77 4.54 7.87 7.97 2.94 -2.4 -7.73 -13.48
-23.41 -22.6 -22.46 -16.49 -4.34 2.98 5.36 4.53 3.51 -2.28 -12.4 -11.23
-19.57 -23.38 -22.83 -11.74 -3.9 3.7 5.42 4.33 1.99 -1.94 -10.4 -18.26
-17.89 -22.63 -20.66 -14.36 -4.51 3.79 5.54 3.99 3.39 -3.3 -8.65 -15.72
-25.46 -23.98 -17.76 -14.97 -4.75 3.32 6.13 5.15 1.86 -2.49 -6.98 -17.82
-17.29 -19.58 -20.72 -14.93 -3.41 3.21 6.24 5.89 2.51 -1.82 -6.69 -16.22
-20.85 -20.35 -21.87 -13.71 -3.88 2.34 5.84 6.11 1.7 -3.14 -9.04 -14.03
-23.47 -23.84 -24.64 -14.55 -5.23 3.07 5.61 4.32 0.59 -6.53 -10.68 -14.11
-21.74 -18.97 -21.5 -13.47 -4.77 3.44 6.2 5.3 2.04 -5.01 -11.96 -16.24
-23.94 -20.56 -18.15 -12.9 -3.5 3.87 5.77 4.64 2.47 -3.49 -5.63 -14.97
-21.32 -19.61 -20.91 -16.15 -3.66 3.82 5.66 6.35 2.87 -3.27 -5.13 -18.43
-23.06 -19.61 -21.3 -13.2 -4.75 4.91 6.98 5.16 2.99 -2.25 -6.52 -17.67
-23.79 -22.75 -21.68 -14.88 -3.92 3.04 6.27 4.67 2.33 -3.86 -5.2 -15.46
-21.98 -21.41 -19.64 -10.72 -4.29 4.85 5.99 5.09 2.36 -2.82 -8.32 -17.77
-22.19 -21.25 -20.97 -13.7 -3.23 3.74 6.44 5.06 2.17 -2.93 -5.62 -13.48
-22.84 -25.33 -21.53 -12.99 -4.07 3.08 5.36 4.05 1.34 -5.1 -11.87 -17.9
-20.67 -21.12 -19.68 -12.49 -3.8 3.73 7.47 5.49 3.26 -0.8 -4.02 -16.55
-22.1 -19.81 -21.55 -11.12 -3.56 3.39 6.67 4.6 2.16 -1.8 -5.69 -15.36
-21.86 -17.22 -18.59 -13.31 -2.91 4.82 7.35 5.44 2.35 -0.87 -5.52 -14.1
-25.04 -21.25 -22.54 -14.45 -4.41 3.94 5.98 5.43 1.76 -2.65 -8.09 -14.85
-21.95 -22.57 -20.5 -13.19 -5.65 2.83 5.73 4.84 1.64 -2.68 -9.01 -16.72
-25.75 -20.58 -20.98 -14.24 -3.8 3.61 5.75 5.58 1.96 -2.63 -8.81 -17.49
-23.46 -23.7 -19.68 -14.89 -4.04 3.8 7.46 5.21 2.35 -2.9 -6.67 -15.63
-20.88 -21.72 -24.05 -11.98 -3.44 2.95 5.66 5.2 1.48 -1.91 -7.94 -16.17
-19.88 -20.84 -19.56 -14.99 -4.01 4.17 8.28 4.62 2.6 -2.57 -8.48 -16.52
-20.16 -18.48 -19.33 -12.68 -3.55 3.27 7.54 4.87 2.14 -2.87 -7.16 -15.95
-22.42 -19.59 -21.19 -16.29 -3.84 3.3 5.56 4.5 2.66 -3.1 -11.69 -12.89
-22.36 -17.73 -22.81 -13.21 -5.19 3.57 5.59 5.57 2.42 -3.29 -10.5 -12.96
-21.94 -20.66 -20.54 -15.04 -4.34 2.92 5.69 4.88 2.12 -5.39 -9.02 -16.11
-22.58 -18.85 -17.54 -10.4 -3.44 4.05 8.25 4.71 2.18 -1.94 -7.06 -17.71
-23.15 -24.11 -22.92 -12.07 -3.48 4.37 6.66 4.45 3.15 -2.22 -5.35 -12.97
-21.5 -24.61 -21.21 -11.65 -3.85 3.64 6.58 4.4 2.79 -3.09 -8.16 -14.79
-24.43 -21.73 -21.92 -13.21 -4.56 3.37 5.73 4.05 2.71 -0.89 -7.07 -13.54
-20.34 -22.94 -20.36 -14.81 -4.04 2.98 7.1 5.77 2.56 -3.29 -9.63 -15.85
-22.89 -19.58 -18.43 -15.46 -4.72 3.45 6.07 4.62 1.33 -2.65 -7.33 -15.95
-24.59 -20.84 -23.3 -15.65 -4.36 4.48 7.03 4.25 1.19 -3.99 -10.84 -13.29
-20.2 -21.4 -22.61 -14.47 -5.48 3.08 6.14 4.63 1.72 -2.83 -8.36 -16.59
-17.57 -22.86 -23.73 -14.36 -4.9 4.26 5.88 5.01 2.36 -1.55 -10.49 -16.41
-24.08 -24.31 -23.46 -15.76 -4.87 3.35 5.7 4.43 2.18 -4.81 -12.72 -16.25
-23.22 -22.31 -19.82 -12.03 -3.87 3.94 8.21 5.72 2.99 -1.5 -6.29 -14.94
-24 -24.28 -24.69 -12.96 -3.64 5.98 5.91 5.97 3.34 -2.06 -5.45 -13.39
-21.32 -19.52 -19.97 -15.59 -2.94 4.59 6.15 4.5 1.8 -3.23 -7.62 -16.95
-23.22 -20.74 -20.56 -12.93 -3.56 3.24 7.41 5.25 2.67 -2.14 -7.57 -14.97
-20.34 -22.94 -20.36 -14.81 -4.04 2.98 7.1 5.77 2.56 -3.29 -9.63 -15.85
-23.47 -23.84 -24.64 -14.55 -5.23 3.07 5.61 4.32 0.59 -6.53 -10.68 -14.11
-23.22 -20.74 -20.56 -12.93 -3.56 3.24 7.41 5.25 2.67 -2.14 -7.57 -14.97
-17.29 -19.58 -20.72 -14.93 -3.41 3.21 6.24 5.89 2.51 -1.82 -6.69 -16.22
-22.36 -17.73 -22.81 -13.21 -5.19 3.57 5.59 5.57 2.42 -3.29 -10.5 -12.96
-21.32 -19.61 -20.91 -16.15 -3.66 3.82 5.66 6.35 2.87 -3.27 -5.13 -18.43
-22.58 -18.85 -17.54 -10.4 -3.44 4.05 8.25 4.71 2.18 -1.94 -7.06 -17.71
-25.46 -23.98 -17.76 -14.97 -4.75 3.32 6.13 5.15 1.86 -2.49 -6.98 -17.82
-20.62 -20.95 -21.7 -11.69 -3.77 4.54 7.87 7.97 2.94 -2.4 -7.73 -13.48
-23 -20.59 -18.07 -13.19 -2.72 5.01 7.4 4.93 3.78 -0.51 -5.95 -12.85
-24.08 -24.31 -23.46 -15.76 -4.87 3.35 5.7 4.43 2.18 -4.81 -12.72 -16.25
-22.84 -25.33 -21.53 -12.99 -4.07 3.08 5.36 4.05 1.34 -5.1 -11.87 -17.9
-17.57 -22.86 -23.73 -14.36 -4.9 4.26 5.88 5.01 2.36 -1.55 -10.49 -16.41
-23.46 -23.7 -19.68 -14.89 -4.04 3.8 7.46 5.21 2.35 -2.9 -6.67 -15.63
-21.94 -20.66 -20.54 -15.04 -4.34 2.92 5.69 4.88 2.12 -5.39 -9.02 -16.11
-19.42 -19.7 -21.29 -13.59 -4.32 3.07 5.24 5.29 3.16 -2.37 -9.32 -15.04
-19.88 -20.84 -19.56 -14.99 -4.01 4.17 8.28 4.62 2.6 -2.57 -8.48 -16.52
-19.57 -23.38 -22.83 -11.74 -3.9 3.7 5.42 4.33 1.99 -1.94 -10.4 -18.26
-20.67 -21.12 -19.68 -12.49 -3.8 3.73 7.47 5.49 3.26 -0.8 -4.02 -16.55
-21.5 -24.61 -21.21 -11.65 -3.85 3.64 6.58 4.4 2.79 -3.09 -8.16 -14.79
-23.06 -19.61 -21.3 -13.2 -4.75 4.91 6.98 5.16 2.99 -2.25 -6.52 -17.67
-21.95 -22.57 -20.5 -13.19 -5.65 2.83 5.73 4.84 1.64 -2.68 -9.01 -16.72
-22.89 -19.58 -18.43 -15.46 -4.72 3.45 6.07 4.62 1.33 -2.65 -7.33 -15.95
-24 -24.28 -24.69 -12.96 -3.64 5.98 5.91 5.97 3.34 -2.06 -5.45 -13.39
-24.43 -21.73 -21.92 -13.21 -4.56 3.37 5.73 4.05 2.71 -0.89 -7.07 -13.54
-24.74 -23 -23.44 -15.94 -3.57 3.11 5.03 4.43 1.03 -2.41 -12.41 -12.52
-21.74 -18.97 -21.5 -13.47 -4.77 3.44 6.2 5.3 2.04 -5.01 -11.96 -16.24
-20.16 -18.48 -19.33 -12.68 -3.55 3.27 7.54 4.87 2.14 -2.87 -7.16 -15.95
-23.22 -22.31 -19.82 -12.03 -3.87 3.94 8.21 5.72 2.99 -1.5 -6.29 -14.94
-25.75 -20.58 -20.98 -14.24 -3.8 3.61 5.75 5.58 1.96 -2.63 -8.81 -17.49
-20.88 -21.72 -24.05 -11.98 -3.44 2.95 5.66 5.2 1.48 -1.91 -7.94 -16.17
-22.42 -19.59 -21.19 -16.29 -3.84 3.3 5.56 4.5 2.66 -3.1 -11.69 -12.89
-21.98 -21.41 -19.64 -10.72 -4.29 4.85 5.99 5.09 2.36 -2.82 -8.32 -17.77
-23.79 -22.75 -21.68 -14.88 -3.92 3.04 6.27 4.67 2.33 -3.86 -5.2 -15.46
-22.09 -19.52 -18.03 -16.4 -4.11 2.16 5.29 4.63 0.88 -4.62 -8.6 -14.84
-20.2 -21.4 -22.61 -14.47 -5.48 3.08 6.14 4.63 1.72 -2.83 -8.36 -16.59
-23.15 -24.11 -22.92 -12.07 -3.48 4.37 6.66 4.45 3.15 -2.22 -5.35 -12.97
-22.56 -22.22 -22.92 -14.59 -5.85 3.59 5.57 4.01 0.68 -4.13 -11.2 -17.46
-25.45 -26.31 -19.45 -13.04 -3.57 3.73 5.49 5.11 2.46 -2.22 -10.01 -17.07
-20.93 -23.96 -19.56 -13.68 -5.37 3.14 7.6 6.93 2.24 -3.59 -7.4 -14.12
-17.89 -22.63 -20.66 -14.36 -4.51 3.79 5.54 3.99 3.39 -3.3 -8.65 -15.72
-21.32 -19.52 -19.97 -15.59 -2.94 4.59 6.15 4.5 1.8 -3.23 -7.62 -16.95
-21.86 -17.22 -18.59 -13.31 -2.91 4.82 7.35 5.44 2.35 -0.87 -5.52 -14.1
-24.59 -20.84 -23.3 -15.65 -4.36 4.48 7.03 4.25 1.19 -3.99 -10.84 -13.29
-25.04 -21.25 -22.54 -14.45 -4.41 3.94 5.98 5.43 1.76 -2.65 -8.09 -14.85
-22.19 -21.25 -20.97 -13.7 -3.23 3.74 6.44 5.06 2.17 -2.93 -5.62 -13.48
-23.41 -22.6 -22.46 -16.49 -4.34 2.98 5.36 4.53 3.51 -2.28 -12.4 -11.23
-20.85 -20.35 -21.87 -13.71 -3.88 2.34 5.84 6.11 1.7 -3.14 -9.04 -14.03
-23.94 -20.56 -18.15 -12.9 -3.5 3.87 5.77 4.64 2.47 -3.49 -5.63 -14.97
-22.1 -19.81 -21.55 -11.12 -3.56 3.39 6.67 4.6 2.16 -1.8 -5.69 -15.36
-23.22 -22.31 -19.82 -12.03 -3.87 3.94 8.21 5.72 2.99 -1.5 -6.29 -14.94
-23.47 -23.84 -24.64 -14.55 -5.23 3.07 5.61 4.32 0.59 -6.53 -10.68 -14.11
-24.08 -24.31 -23.46 -15.76 -4.87 3.35 5.7 4.43 2.18 -4.81 -12.72 -16.25
-17.57 -22.86 -23.73 -14.36 -4.9 4.26 5.88 5.01 2.36 -1.55 -10.49 -16.41
-22.1 -19.81 -21.55 -11.12 -3.56 3.39 6.67 4.6 2.16 -1.8 -5.69 -15.36
-22.19 -21.25 -20.97 -13.7 -3.23 3.74 6.44 5.06 2.17 -2.93 -5.62 -13.48
-19.42 -19.7 -21.29 -13.59 -4.32 3.07 5.24 5.29 3.16 -2.37 -9.32 -15.04
-23.22 -20.74 -20.56 -12.93 -3.56 3.24 7.41 5.25 2.67 -2.14 -7.57 -14.97
-20.67 -21.12 -19.68 -12.49 -3.8 3.73 7.47 5.49 3.26 -0.8 -4.02 -16.55
-20.88 -21.72 -24.05 -11.98 -3.44 2.95 5.66 5.2 1.48 -1.91 -7.94 -16.17
-25.46 -23.98 -17.76 -14.97 -4.75 3.32 6.13 5.15 1.86 -2.49 -6.98 -17.82
-20.16 -18.48 -19.33 -12.68 -3.55 3.27 7.54 4.87 2.14 -2.87 -7.16 -15.95
-22.84 -25.33 -21.53 -12.99 -4.07 3.08 5.36 4.05 1.34 -5.1 -11.87 -17.9
-22.56 -22.22 -22.92 -14.59 -5.85 3.59 5.57 4.01 0.68 -4.13 -11.2 -17.46
-21.86 -17.22 -18.59 -13.31 -2.91 4.82 7.35 5.44 2.35 -0.87 -5.52 -14.1
-20.93 -23.96 -19.56 -13.68 -5.37 3.14 7.6 6.93 2.24 -3.59 -7.4 -14.12
-25.45 -26.31 -19.45 -13.04 -3.57 3.73 5.49 5.11 2.46 -2.22 -10.01 -17.07
-21.94 -20.66 -20.54 -15.04 -4.34 2.92 5.69 4.88 2.12 -5.39 -9.02 -16.11
-25.75 -20.58 -20.98 -14.24 -3.8 3.61 5.75 5.58 1.96 -2.63 -8.81 -17.49
-24 -24.28 -24.69 -12.96 -3.64 5.98 5.91 5.97 3.34 -2.06 -5.45 -13.39
-22.36 -17.73 -22.81 -13.21 -5.19 3.57 5.59 5.57 2.42 -3.29 -10.5 -12.96
-20.2 -21.4 -22.61 -14.47 -5.48 3.08 6.14 4.63 1.72 -2.83 -8.36 -16.59
-23.15 -24.11 -22.92 -12.07 -3.48 4.37 6.66 4.45 3.15 -2.22 -5.35 -12.97
-19.57 -23.38 -22.83 -11.74 -3.9 3.7 5.42 4.33 1.99 -1.94 -10.4 -18.26
-24.74 -23 -23.44 -15.94 -3.57 3.11 5.03 4.43 1.03 -2.41 -12.41 -12.52
-21.5 -24.61 -21.21 -11.65 -3.85 3.64 6.58 4.4 2.79 -3.09 -8.16 -14.79
-21.32 -19.61 -20.91 -16.15 -3.66 3.82 5.66 6.35 2.87 -3.27 -5.13 -18.43
-19.88 -20.84 -19.56 -14.99 -4.01 4.17 8.28 4.62 2.6 -2.57 -8.48 -16.52
-23.79 -22.75 -21.68 -14.88 -3.92 3.04 6.27 4.67 2.33 -3.86 -5.2 -15.46
-21.98 -21.41 -19.64 -10.72 -4.29 4.85 5.99 5.09 2.36 -2.82 -8.32 -17.77
-23.94 -20.56 -18.15 -12.9 -3.5 3.87 5.77 4.64 2.47 -3.49 -5.63 -14.97
-17.29 -19.58 -20.72 -14.93 -3.41 3.21 6.24 5.89 2.51 -1.82 -6.69 -16.22
-17.89 -22.63 -20.66 -14.36 -4.51 3.79 5.54 3.99 3.39 -3.3 -8.65 -15.72
-23.41 -22.6 -22.46 -16.49 -4.34 2.98 5.36 4.53 3.51 -2.28 -12.4 -11.23
-23.46 -23.7 -19.68 -14.89 -4.04 3.8 7.46 5.21 2.35 -2.9 -6.67 -15.63
-20.62 -20.95 -21.7 -11.69 -3.77 4.54 7.87 7.97 2.94 -2.4 -7.73 -13.48
-22.42 -19.59 -21.19 -16.29 -3.84 3.3 5.56 4.5 2.66 -3.1 -11.69 -12.89
-22.58 -18.85 -17.54 -10.4 -3.44 4.05 8.25 4.71 2.18 -1.94 -7.06 -17.71
-20.34 -22.94 -20.36 -14.81 -4.04 2.98 7.1 5.77 2.56 -3.29 -9.63 -15.85
-23 -20.59 -18.07 -13.19 -2.72 5.01 7.4 4.93 3.78 -0.51 -5.95 -12.85
-20.85 -20.35 -21.87 -13.71 -3.88 2.34 5.84 6.11 1.7 -3.14 -9.04 -14.03
-24.59 -20.84 -23.3 -15.65 -4.36 4.48 7.03 4.25 1.19 -3.99 -10.84 -13.29
-22.09 -19.52 -18.03 -16.4 -4.11 2.16 5.29 4.63 0.88 -4.62 -8.6 -14.84
-23.06 -19.61 -21.3 -13.2 -4.75 4.91 6.98 5.16 2.99 -2.25 -6.52 -17.67
-25.04 -21.25 -22.54 -14.45 -4.41 3.94 5.98 5.43 1.76 -2.65 -8.09 -14.85
-24.43 -21.73 -21.92 -13.21 -4.56 3.37 5.73 4.05 2.71 -0.89 -7.07 -13.54
-21.32 -19.52 -19.97 -15.59 -2.94 4.59 6.15 4.5 1.8 -3.23 -7.62 -16.95
-21.95 -22.57 -20.5 -13.19 -5.65 2.83 5.73 4.84 1.64 -2.68 -9.01 -16.72
-22.89 -19.58 -18.43 -15.46 -4.72 3.45 6.07 4.62 1.33 -2.65 -7.33 -15.95
-21.74 -18.97 -21.5 -13.47 -4.77 3.44 6.2 5.3 2.04 -5.01 -11.96 -16.24
-19.88 -20.84 -19.56 -14.99 -4.01 4.17 8.28 4.62 2.6 -2.57 -8.48 -16.52
-17.57 -22.86 -23.73 -14.36 -4.9 4.26 5.88 5.01 2.36 -1.55 -10.49 -16.41
-24.74 -23 -23.44 -15.94 -3.57 3.11 5.03 4.43 1.03 -2.41 -12.41 -12.52
-22.56 -22.22 -22.92 -14.59 -5.85 3.59 5.57 4.01 0.68 -4.13 -11.2 -17.46
-23.94 -20.56 -18.15 -12.9 -3.5 3.87 5.77 4.64 2.47 -3.49 -5.63 -14.97
-25.45 -26.31 -19.45 -13.04 -3.57 3.73 5.49 5.11 2.46 -2.22 -10.01 -17.07
-25.75 -20.58 -20.98 -14.24 -3.8 3.61 5.75 5.58 1.96 -2.63 -8.81 -17.49
-20.88 -21.72 -24.05 -11.98 -3.44 2.95 5.66 5.2 1.48 -1.91 -7.94 -16.17
-21.94 -20.66 -20.54 -15.04 -4.34 2.92 5.69 4.88 2.12 -5.39 -9.02 -16.11
-19.42 -19.7 -21.29 -13.59 -4.32 3.07 5.24 5.29 3.16 -2.37 -9.32 -15.04
-23.15 -24.11 -22.92 -12.07 -3.48 4.37 6.66 4.45 3.15 -2.22 -5.35 -12.97
-24.59 -20.84 -23.3 -15.65 -4.36 4.48 7.03 4.25 1.19 -3.99 -10.84 -13.29
-22.89 -19.58 -18.43 -15.46 -4.72 3.45 6.07 4.62 1.33 -2.65 -7.33 -15.95
-22.58 -18.85 -17.54 -10.4 -3.44 4.05 8.25 4.71 2.18 -1.94 -7.06 -17.71
-22.1 -19.81 -21.55 -11.12 -3.56 3.39 6.67 4.6 2.16 -1.8 -5.69 -15.36
-23.22 -20.74 -20.56 -12.93 -3.56 3.24 7.41 5.25 2.67 -2.14 -7.57 -14.97
-22.42 -19.59 -21.19 -16.29 -3.84 3.3 5.56 4.5 2.66 -3.1 -11.69 -12.89
-20.85 -20.35 -21.87 -13.71 -3.88 2.34 5.84 6.11 1.7 -3.14 -9.04 -14.03
-23 -20.59 -18.07 -13.19 -2.72 5.01 7.4 4.93 3.78 -0.51 -5.95 -12.85
-21.98 -21.41 -19.64 -10.72 -4.29 4.85 5.99 5.09 2.36 -2.82 -8.32 -17.77
-20.16 -18.48 -19.33 -12.68 -3.55 3.27 7.54 4.87 2.14 -2.87 -7.16 -15.95
-20.62 -20.95 -21.7 -11.69 -3.77 4.54 7.87 7.97 2.94 -2.4 -7.73 -13.48
-23.47 -23.84 -24.64 -14.55 -5.23 3.07 5.61 4.32 0.59 -6.53 -10.68 -14.11
-22.09 -19.52 -18.03 -16.4 -4.11 2.16 5.29 4.63 0.88 -4.62 -8.6 -14.84
-21.95 -22.57 -20.5 -13.19 -5.65 2.83 5.73 4.84 1.64 -2.68 -9.01 -16.72
-19.57 -23.38 -22.83 -11.74 -3.9 3.7 5.42 4.33 1.99 -1.94 -10.4 -18.26
-22.84 -25.33 -21.53 -12.99 -4.07 3.08 5.36 4.05 1.34 -5.1 -11.87 -17.9
-23.41 -22.6 -22.46 -16.49 -4.34 2.98 5.36 4.53 3.51 -2.28 -12.4 -11.23
-24.08 -24.31 -23.46 -15.76 -4.87 3.35 5.7 4.43 2.18 -4.81 -12.72 -16.25
-21.86 -17.22 -18.59 -13.31 -2.91 4.82 7.35 5.44 2.35 -0.87 -5.52 -14.1
-24 -24.28 -24.69 -12.96 -3.64 5.98 5.91 5.97 3.34 -2.06 -5.45 -13.39
-20.34 -22.94 -20.36 -14.81 -4.04 2.98 7.1 5.77 2.56 -3.29 -9.63 -15.85
-20.2 -21.4 -22.61 -14.47 -5.48 3.08 6.14 4.63 1.72 -2.83 -8.36 -16.59
-24.43 -21.73 -21.92 -13.21 -4.56 3.37 5.73 4.05 2.71 -0.89 -7.07 -13.54
-17.29 -19.58 -20.72 -14.93 -3.41 3.21 6.24 5.89 2.51 -1.82 -6.69 -16.22
-25.04 -21.25 -22.54 -14.45 -4.41 3.94 5.98 5.43 1.76 -2.65 -8.09 -14.85
-17.89 -22.63 -20.66 -14.36 -4.51 3.79 5.54 3.99 3.39 -3.3 -8.65 -15.72
-25.46 -23.98 -17.76 -14.97 -4.75 3.32 6.13 5.15 1.86 -2.49 -6.98 -17.82
-23.06 -19.61 -21.3 -13.2 -4.75 4.91 6.98 5.16 2.99 -2.25 -6.52 -17.67
-21.32 -19.52 -19.97 -15.59 -2.94 4.59 6.15 4.5 1.8 -3.23 -7.62 -16.95
-22.19 -21.25 -20.97 -13.7 -3.23 3.74 6.44 5.06 2.17 -2.93 -5.62 -13.48
-21.74 -18.97 -21.5 -13.47 -4.77 3.44 6.2 5.3 2.04 -5.01 -11.96 -16.24
-20.67 -21.12 -19.68 -12.49 -3.8 3.73 7.47 5.49 3.26 -0.8 -4.02 -16.55
-21.32 -19.61 -20.91 -16.15 -3.66 3.82 5.66 6.35 2.87 -3.27 -5.13 -18.43
-23.79 -22.75 -21.68 -14.88 -3.92 3.04 6.27 4.67 2.33 -3.86 -5.2 -15.46
-22.36 -17.73 -22.81 -13.21 -5.19 3.57 5.59 5.57 2.42 -3.29 -10.5 -12.96
-21.5 -24.61 -21.21 -11.65 -3.85 3.64 6.58 4.4 2.79 -3.09 -8.16 -14.79
-23.22 -22.31 -19.82 -12.03 -3.87 3.94 8.21 5.72 2.99 -1.5 -6.29 -14.94
-20.93 -23.96 -19.56 -13.68 -5.37 3.14 7.6 6.93 2.24 -3.59 -7.4 -14.12
-23.46 -23.7 -19.68 -14.89 -4.04 3.8 7.46 5.21 2.35 -2.9 -6.67 -15.63
-20.62 -20.95 -21.7 -11.69 -3.77 4.54 7.87 7.97 2.94 -2.4 -7.73 -13.48
-23.41 -22.6 -22.46 -16.49 -4.34 2.98 5.36 4.53 3.51 -2.28 -12.4 -11.23
-21.5 -24.61 -21.21 -11.65 -3.85 3.64 6.58 4.4 2.79 -3.09 -8.16 -14.79
-20.88 -21.72 -24.05 -11.98 -3.44 2.95 5.66 5.2 1.48 -1.91 -7.94 -16.17
-23.47 -23.84 -24.64 -14.55 -5.23 3.07 5.61 4.32 0.59 -6.53 -10.68 -14.11
-22.89 -19.58 -18.43 -15.46 -4.72 3.45 6.07 4.62 1.33 -2.65 -7.33 -15.95
-23 -20.59 -18.07 -13.19 -2.72 5.01 7.4 4.93 3.78 -0.51 -5.95 -12.85
-23.22 -22.31 -19.82 -12.03 -3.87 3.94 8.21 5.72 2.99 -1.5 -6.29 -14.94
-23.06 -19.61 -21.3 -13.2 -4.75 4.91 6.98 5.16 2.99 -2.25 -6.52 -17.67
-24 -24.28 -24.69 -12.96 -3.64 5.98 5.91 5.97 3.34 -2.06 -5.45 -13.39
-23.15 -24.11 -22.92 -12.07 -3.48 4.37 6.66 4.45 3.15 -2.22 -5.35 -12.97
-19.42 -19.7 -21.29 -13.59 -4.32 3.07 5.24 5.29 3.16 -2.37 -9.32 -15.04
-23.46 -23.7 -19.68 -14.89 -4.04 3.8 7.46 5.21 2.35 -2.9 -6.67 -15.63
-25.45 -26.31 -19.45 -13.04 -3.57 3.73 5.49 5.11 2.46 -2.22 -10.01 -17.07
-20.93 -23.96 -19.56 -13.68 -5.37 3.14 7.6 6.93 2.24 -3.59 -7.4 -14.12
-23.94 -20.56 -18.15 -12.9 -3.5 3.87 5.77 4.64 2.47 -3.49 -5.63 -14.97
-21.32 -19.52 -19.97 -15.59 -2.94 4.59 6.15 4.5 1.8 -3.23 -7.62 -16.95
-17.29 -19.58 -20.72 -14.93 -3.41 3.21 6.24 5.89 2.51 -1.82 -6.69 -16.22
-21.94 -20.66 -20.54 -15.04 -4.34 2.92 5.69 4.88 2.12 -5.39 -9.02 -16.11
-20.85 -20.35 -21.87 -13.71 -3.88 2.34 5.84 6.11 1.7 -3.14 -9.04 -14.03
-24.43 -21.73 -21.92 -13.21 -4.56 3.37 5.73 4.05 2.71 -0.89 -7.07 -13.54
-21.86 -17.22 -18.59 -13.31 -2.91 4.82 7.35 5.44 2.35 -0.87 -5.52 -14.1
-20.67 -21.12 -19.68 -12.49 -3.8 3.73 7.47 5.49 3.26 -0.8 -4.02 -16.55
-22.56 -22.22 -22.92 -14.59 -5.85 3.59 5.57 4.01 0.68 -4.13 -11.2 -17.46
-21.95 -22.57 -20.5 -13.19 -5.65 2.83 5.73 4.84 1.64 -2.68 -9.01 -16.72
-20.2 -21.4 -22.61 -14.47 -5.48 3.08 6.14 4.63 1.72 -2.83 -8.36 -16.59
-19.57 -23.38 -22.83 -11.74 -3.9 3.7 5.42 4.33 1.99 -1.94 -10.4 -18.26
-22.58 -18.85 -17.54 -10.4 -3.44 4.05 8.25 4.71 2.18 -1.94 -7.06 -17.71
-22.36 -17.73 -22.81 -13.21 -5.19 3.57 5.59 5.57 2.42 -3.29 -10.5 -12.96
-25.04 -21.25 -22.54 -14.45 -4.41 3.94 5.98 5.43 1.76 -2.65 -8.09 -14.85
-22.1 -19.81 -21.55 -11.12 -3.56 3.39 6.67 4.6 2.16 -1.8 -5.69 -15.36
-22.09 -19.52 -18.03 -16.4 -4.11 2.16 5.29 4.63 0.88 -4.62 -8.6 -14.84
-23.22 -20.74 -20.56 -12.93 -3.56 3.24 7.41 5.25 2.67 -2.14 -7.57 -14.97
-19.88 -20.84 -19.56 -14.99 -4.01 4.17 8.28 4.62 2.6 -2.57 -8.48 -16.52
-24.59 -20.84 -23.3 -15.65 -4.36 4.48 7.03 4.25 1.19 -3.99 -10.84 -13.29
-24.08 -24.31 -23.46 -15.76 -4.87 3.35 5.7 4.43 2.18 -4.81 -12.72 -16.25
-23.79 -22.75 -21.68 -14.88 -3.92 3.04 6.27 4.67 2.33 -3.86 -5.2 -15.46
-25.46 -23.98 -17.76 -14.97 -4.75 3.32 6.13 5.15 1.86 -2.49 -6.98 -17.82
-17.57 -22.86 -23.73 -14.36 -4.9 4.26 5.88 5.01 2.36 -1.55 -10.49 -16.41
-20.34 -22.94 -20.36 -14.81 -4.04 2.98 7.1 5.77 2.56 -3.29 -9.63 -15.85
-22.84 -25.33 -21.53 -12.99 -4.07 3.08 5.36 4.05 1.34 -5.1 -11.87 -17.9
-24.74 -23 -23.44 -15.94 -3.57 3.11 5.03 4.43 1.03 -2.41 -12.41 -12.52
-17.89 -22.63 -20.66 -14.36 -4.51 3.79 5.54 3.99 3.39 -3.3 -8.65 -15.72
-22.42 -19.59 -21.19 -16.29 -3.84 3.3 5.56 4.5 2.66 -3.1 -11.69 -12.89
-22.19 -21.25 -20.97 -13.7 -3.23 3.74 6.44 5.06 2.17 -2.93 -5.62 -13.48
-20.16 -18.48 -19.33 -12.68 -3.55 3.27 7.54 4.87 2.14 -2.87 -7.16 -15.95
-21.74 -18.97 -21.5 -13.47 -4.77 3.44 6.2 5.3 2.04 -5.01 -11.96 -16.24
-21.98 -21.41 -19.64 -10.72 -4.29 4.85 5.99 5.09 2.36 -2.82 -8.32 -17.77
-25.75 -20.58 -20.98 -14.24 -3.8 3.61 5.75 5.58 1.96 -2.63 -8.81 -17.49
-21.32 -19.61 -20.91 -16.15 -3.66 3.82 5.66 6.35 2.87 -3.27 -5.13 -18.43
-19.88 -20.84 -19.56 -14.99 -4.01 4.17 8.28 4.62 2.6 -2.57 -8.48 -16.52
-23.41 -22.6 -22.46 -16.49 -4.34 2.98 5.36 4.53 3.51 -2.28 -12.4 -11.23
-20.34 -22.94 -20.36 -14.81 -4.04 2.98 7.1 5.77 2.56 -3.29 -9.63 -15.85
-21.32 -19.52 -19.97 -15.59 -2.94 4.59 6.15 4.5 1.8 -3.23 -7.62 -16.95
-25.75 -20.58 -20.98 -14.24 -3.8 3.61 5.75 5.58 1.96 -2.63 -8.81 -17.49
-20.62 -20.95 -21.7 -11.69 -3.77 4.54 7.87 7.97 2.94 -2.4 -7.73 -13.48
-21.5 -24.61 -21.21 -11.65 -3.85 3.64 6.58 4.4 2.79 -3.09 -8.16 -14.79
-20.2 -21.4 -22.61 -14.47 -5.48 3.08 6.14 4.63 1.72 -2.83 -8.36 -16.59
-25.46 -23.98 -17.76 -14.97 -4.75 3.32 6.13 5.15 1.86 -2.49 -6.98 -17.82
-17.57 -22.86 -23.73 -14.36 -4.9 4.26 5.88 5.01 2.36 -1.55 -10.49 -16.41
-22.19 -21.25 -20.97 -13.7 -3.23 3.74 6.44 5.06 2.17 -2.93 -5.62 -13.48
-24.74 -23 -23.44 -15.94 -3.57 3.11 5.03 4.43 1.03 -2.41 -12.41 -12.52
-23.06 -19.61 -21.3 -13.2 -4.75 4.91 6.98 5.16 2.99 -2.25 -6.52 -17.67
-17.29 -19.58 -20.72 -14.93 -3.41 3.21 6.24 5.89 2.51 -1.82 -6.69 -16.22
-22.58 -18.85 -17.54 -10.4 -3.44 4.05 8.25 4.71 2.18 -1.94 -7.06 -17.71
-21.95 -22.57 -20.5 -13.19 -5.65 2.83 5.73 4.84 1.64 -2.68 -9.01 -16.72
-17.89 -22.63 -20.66 -14.36 -4.51 3.79 5.54 3.99 3.39 -3.3 -8.65 -15.72
-19.57 -23.38 -22.83 -11.74 -3.9 3.7 5.42 4.33 1.99 -1.94 -10.4 -18.26
-20.67 -21.12 -19.68 -12.49 -3.8 3.73 7.47 5.49 3.26 -0.8 -4.02 -16.55
-20.88 -21.72 -24.05 -11.98 -3.44 2.95 5.66 5.2 1.48 -1.91 -7.94 -16.17
-25.45 -26.31 -19.45 -13.04 -3.57 3.73 5.49 5.11 2.46 -2.22 -10.01 -17.07
-23.22 -22.31 -19.82 -12.03 -3.87 3.94 8.21 5.72 2.99 -1.5 -6.29 -14.94
-24.59 -20.84 -23.3 -15.65 -4.36 4.48 7.03 4.25 1.19 -3.99 -10.84 -13.29
-22.84 -25.33 -21.53 -12.99 -4.07 3.08 5.36 4.05 1.34 -5.1 -11.87 -17.9
-25.04 -21.25 -22.54 -14.45 -4.41 3.94 5.98 5.43 1.76 -2.65 -8.09 -14.85
-24 -24.28 -24.69 -12.96 -3.64 5.98 5.91 5.97 3.34 -2.06 -5.45 -13.39
-23 -20.59 -18.07 -13.19 -2.72 5.01 7.4 4.93 3.78 -0.51 -5.95 -12.85
-23.79 -22.75 -21.68 -14.88 -3.92 3.04 6.27 4.67 2.33 -3.86 -5.2 -15.46
-22.09 -19.52 -18.03 -16.4 -4.11 2.16 5.29 4.63 0.88 -4.62 -8.6 -14.84
-21.94 -20.66 -20.54 -15.04 -4.34 2.92 5.69 4.88 2.12 -5.39 -9.02 -16.11
-23.15 -24.11 -22.92 -12.07 -3.48 4.37 6.66 4.45 3.15 -2.22 -5.35 -12.97
-24.08 -24.31 -23.46 -15.76 -4.87 3.35 5.7 4.43 2.18 -4.81 -12.72 -16.25
-20.93 -23.96 -19.56 -13.68 -5.37 3.14 7.6 6.93 2.24 -3.59 -7.4 -14.12
-22.89 -19.58 -18.43 -15.46 -4.72 3.45 6.07 4.62 1.33 -2.65 -7.33 -15.95
-23.46 -23.7 -19.68 -14.89 -4.04 3.8 7.46 5.21 2.35 -2.9 -6.67 -15.63
-22.36 -17.73 -22.81 -13.21 -5.19 3.57 5.59 5.57 2.42 -3.29 -10.5 -12.96
-23.94 -20.56 -18.15 -12.9 -3.5 3.87 5.77 4.64 2.47 -3.49 -5.63 -14.97
-22.42 -19.59 -21.19 -16.29 -3.84 3.3 5.56 4.5 2.66 -3.1 -11.69 -12.89
-21.74 -18.97 -21.5 -13.47 -4.77 3.44 6.2 5.3 2.04 -5.01 -11.96 -16.24
-23.22 -20.74 -20.56 -12.93 -3.56 3.24 7.41 5.25 2.67 -2.14 -7.57 -14.97
-20.85 -20.35 -21.87 -13.71 -3.88 2.34 5.84 6.11 1.7 -3.14 -9.04 -14.03
-21.86 -17.22 -18.59 -13.31 -2.91 4.82 7.35 5.44 2.35 -0.87 -5.52 -14.1
-21.98 -21.41 -19.64 -10.72 -4.29 4.85 5.99 5.09 2.36 -2.82 -8.32 -17.77
-19.42 -19.7 -21.29 -13.59 -4.32 3.07 5.24 5.29 3.16 -2.37 -9.32 -15.04
-22.56 -22.22 -22.92 -14.59 -5.85 3.59 5.57 4.01 0.68 -4.13 -11.2 -17.46
-20.16 -18.48 -19.33 -12.68 -3.55 3.27 7.54 4.87 2.14 -2.87 -7.16 -15.95
-23.47 -23.84 -24.64 -14.55 -5.23 3.07 5.61 4.32 0.59 -6.53 -10.68 -14.11
-21.32 -19.61 -20.91 -16.15 -3.66 3.82 5.66 6.35 2.87 -3.27 -5.13 -18.43
-22.1 -19.81 -21.55 -11.12 -3.56 3.39 6.67 4.6 2.16 -1.8 -5.69 -15.36
-24.43 -21.73 -21.92 -13.21 -4.56 3.37 5.73 4.05 2.71 -0.89 -7.07 -13.54
-25.04 -21.25 -22.54 -14.45 -4.41 3.94 5.98 5.43 1.76 -2.65 -8.09 -14.85
-21.32 -19.61 -20.91 -16.15 -3.66 3.82 5.66 6.35 2.87 -3.27 -5.13 -18.43
-22.84 -25.33 -21.53 -12.99 -4.07 3.08 5.36 4.05 1.34 -5.1 -11.87 -17.9
-19.57 -23.38 -22.83 -11.74 -3.9 3.7 5.42 4.33 1.99 -1.94 -10.4 -18.26
-22.58 -18.85 -17.54 -10.4 -3.44 4.05 8.25 4.71 2.18 -1.94 -7.06 -17.71
-24.08 -24.31 -23.46 -15.76 -4.87 3.35 5.7 4.43 2.18 -4.81 -12.72 -16.25
-22.09 -19.52 -18.03 -16.4 -4.11 2.16 5.29 4.63 0.88 -4.62 -8.6 -14.84
-23.79 -22.75 -21.68 -14.88 -3.92 3.04 6.27 4.67 2.33 -3.86 -5.2 -15.46
-25.75 -20.58 -20.98 -14.24 -3.8 3.61 5.75 5.58 1.96 -2.63 -8.81 -17.49
-25.45 -26.31 -19.45 -13.04 -3.57 3.73 5.49 5.11 2.46 -2.22 -10.01 -17.07
-23.15 -24.11 -22.92 -12.07 -3.48 4.37 6.66 4.45 3.15 -2.22 -5.35 -12.97
-20.85 -20.35 -21.87 -13.71 -3.88 2.34 5.84 6.11 1.7 -3.14 -9.04 -14.03
-20.93 -23.96 -19.56 -13.68 -5.37 3.14 7.6 6.93 2.24 -3.59 -7.4 -14.12
-22.1 -19.81 -21.55 -11.12 -3.56 3.39 6.67 4.6 2.16 -1.8 -5.69 -15.36
-21.98 -21.41 -19.64 -10.72 -4.29 4.85 5.99 5.09 2.36 -2.82 -8.32 -17.77
-17.57 -22.86 -23.73 -14.36 -4.9 4.26 5.88 5.01 2.36 -1.55 -10.49 -16.41
-19.42 -19.7 -21.29 -13.59 -4.32 3.07 5.24 5.29 3.16 -2.37 -9.32 -15.04
-23.22 -22.31 -19.82 -12.03 -3.87 3.94 8.21 5.72 2.99 -1.5 -6.29 -14.94
-22.36 -17.73 -22.81 -13.21 -5.19 3.57 5.59 5.57 2.42 -3.29 -10.5 -12.96
-20.16 -18.48 -19.33 -12.68 -3.55 3.27 7.54 4.87 2.14 -2.87 -7.16 -15.95
-24.59 -20.84 -23.3 -15.65 -4.36 4.48 7.03 4.25 1.19 -3.99 -10.84 -13.29
-23.46 -23.7 -19.68 -14.89 -4.04 3.8 7.46 5.21 2.35 -2.9 -6.67 -15.63
-21.74 -18.97 -21.5 -13.47 -4.77 3.44 6.2 5.3 2.04 -5.01 -11.96 -16.24
-24.43 -21.73 -21.92 -13.21 -4.56 3.37 5.73 4.05 2.71 -0.89 -7.07 -13.54
-20.62 -20.95 -21.7 -11.69 -3.77 4.54 7.87 7.97 2.94 -2.4 -7.73 -13.48
-23.06 -19.61 -21.3 -13.2 -4.75 4.91 6.98 5.16 2.99 -2.25 -6.52 -17.67
-21.86 -17.22 -18.59 -13.31 -2.91 4.82 7.35 5.44 2.35 -0.87 -5.52 -14.1
-19.88 -20.84 -19.56 -14.99 -4.01 4.17 8.28 4.62 2.6 -2.57 -8.48 -16.52
-24 -24.28 -24.69 -12.96 -3.64 5.98 5.91 5.97 3.34 -2.06 -5.45 -13.39
-25.46 -23.98 -17.76 -14.97 -4.75 3.32 6.13 5.15 1.86 -2.49 -6.98 -17.82
-20.88 -21.72 -24.05 -11.98 -3.44 2.95 5.66 5.2 1.48 -1.91 -7.94 -16.17
-21.32 -19.52 -19.97 -15.59 -2.94 4.59 6.15 4.5 1.8 -3.23 -7.62 -16.95
-23.94 -20.56 -18.15 -12.9 -3.5 3.87 5.77 4.64 2.47 -3.49 -5.63 -14.97
-23 -20.59 -18.07 -13.19 -2.72 5.01 7.4 4.93 3.78 -0.51 -5.95 -12.85
-22.19 -21.25 -20.97 -13.7 -3.23 3.74 6.44 5.06 2.17 -2.93 -5.62 -13.48
-23.47 -23.84 -24.64 -14.55 -5.23 3.07 5.61 4.32 0.59 -6.53 -10.68 -14.11
-21.94 -20.66 -20.54 -15.04 -4.34 2.92 5.69 4.88 2.12 -5.39 -9.02 -16.11
-21.5 -24.61 -21.21 -11.65 -3.85 3.64 6.58 4.4 2.79 -3.09 -8.16 -14.79
-23.41 -22.6 -22.46 -16.49 -4.34 2.98 5.36 4.53 3.51 -2.28 -12.4 -11.23
-22.42 -19.59 -21.19 -16.29 -3.84 3.3 5.56 4.5 2.66 -3.1 -11.69 -12.89
-20.34 -22.94 -20.36 -14.81 -4.04 2.98 7.1 5.77 2.56 -3.29 -9.63 -15.85
-21.95 -22.57 -20.5 -13.19 -5.65 2.83 5.73 4.84 1.64 -2.68 -9.01 -16.72
-22.89 -19.58 -18.43 -15.46 -4.72 3.45 6.07 4.62 1.33 -2.65 -7.33 -15.95
-24.74 -23 -23.44 -15.94 -3.57 3.11 5.03 4.43 1.03 -2.41 -12.41 -12.52
-17.29 -19.58 -20.72 -14.93 -3.41 3.21 6.24 5.89 2.51 -1.82 -6.69 -16.22
-23.22 -20.74 -20.56 -12.93 -3.56 3.24 7.41 5.25 2.67 -2.14 -7.57 -14.97
-22.56 -22.22 -22.92 -14.59 -5.85 3.59 5.57 4.01 0.68 -4.13 -11.2 -17.46
-20.2 -21.4 -22.61 -14.47 -5.48 3.08 6.14 4.63 1.72 -2.83 -8.36 -16.59
-17.89 -22.63 -20.66 -14.36 -4.51 3.79 5.54 3.99 3.39 -3.3 -8.65 -15.72
-20.67 -21.12 -19.68 -12.49 -3.8 3.73 7.47 5.49 3.26 -0.8 -4.02 -16.55
-20.88 -21.72 -24.05 -11.98 -3.44 2.95 5.66 5.2 1.48 -1.91 -7.94 -16.17
-25.45 -26.31 -19.45 -13.04 -3.57 3.73 5.49 5.11 2.46 -2.22 -10.01 -17.07
-25.75 -20.58 -20.98 -14.24 -3.8 3.61 5.75 5.58 1.96 -2.63 -8.81 -17.49
-17.57 -22.86 -23.73 -14.36 -4.9 4.26 5.88 5.01 2.36 -1.55 -10.49 -16.41
-21.98 -21.41 -19.64 -10.72 -4.29 4.85 5.99 5.09 2.36 -2.82 -8.32 -17.77
-24.08 -24.31 -23.46 -15.76 -4.87 3.35 5.7 4.43 2.18 -4.81 -12.72 -16.25
-21.5 -24.61 -21.21 -11.65 -3.85 3.64 6.58 4.4 2.79 -3.09 -8.16 -14.79
-22.19 -21.25 -20.97 -13.7 -3.23 3.74 6.44 5.06 2.17 -2.93 -5.62 -13.48
-20.67 -21.12 -19.68 -12.49 -3.8 3.73 7.47 5.49 3.26 -0.8 -4.02 -16.55
-23.79 -22.75 -21.68 -14.88 -3.92 3.04 6.27 4.67 2.33 -3.86 -5.2 -15.46
-23.94 -20.56 -18.15 -12.9 -3.5 3.87 5.77 4.64 2.47 -3.49 -5.63 -14.97
-24 -24.28 -24.69 -12.96 -3.64 5.98 5.91 5.97 3.34 -2.06 -5.45 -13.39
-23.22 -20.74 -20.56 -12.93 -3.56 3.24 7.41 5.25 2.67 -2.14 -7.57 -14.97
-22.89 -19.58 -18.43 -15.46 -4.72 3.45 6.07 4.62 1.33 -2.65 -7.33 -15.95
-25.46 -23.98 -17.76 -14.97 -4.75 3.32 6.13 5.15 1.86 -2.49 -6.98 -17.82
-25.04 -21.25 -22.54 -14.45 -4.41 3.94 5.98 5.43 1.76 -2.65 -8.09 -14.85
-23.22 -22.31 -19.82 -12.03 -3.87 3.94 8.21 5.72 2.99 -1.5 -6.29 -14.94
-23 -20.59 -18.07 -13.19 -2.72 5.01 7.4 4.93 3.78 -0.51 -5.95 -12.85
-22.84 -25.33 -21.53 -12.99 -4.07 3.08 5.36 4.05 1.34 -5.1 -11.87 -17.9
-23.46 -23.7 -19.68 -14.89 -4.04 3.8 7.46 5.21 2.35 -2.9 -6.67 -15.63
-21.32 -19.61 -20.91 -16.15 -3.66 3.82 5.66 6.35 2.87 -3.27 -5.13 -18.43
-23.47 -23.84 -24.64 -14.55 -5.23 3.07 5.61 4.32 0.59 -6.53 -10.68 -14.11
-21.95 -22.57 -20.5 -13.19 -5.65 2.83 5.73 4.84 1.64 -2.68 -9.01 -16.72
-22.42 -19.59 -21.19 -16.29 -3.84 3.3 5.56 4.5 2.66 -3.1 -11.69 -12.89
-24.43 -21.73 -21.92 -13.21 -4.56 3.37 5.73 4.05 2.71 -0.89 -7.07 -13.54
-17.29 -19.58 -20.72 -14.93 -3.41 3.21 6.24 5.89 2.51 -1.82 -6.69 -16.22
-19.42 -19.7 -21.29 -13.59 -4.32 3.07 5.24 5.29 3.16 -2.37 -9.32 -15.04
-23.06 -19.61 -21.3 -13.2 -4.75 4.91 6.98 5.16 2.99 -2.25 -6.52 -17.67
-21.94 -20.66 -20.54 -15.04 -4.34 2.92 5.69 4.88 2.12 -5.39 -9.02 -16.11
-21.32 -19.52 -19.97 -15.59 -2.94 4.59 6.15 4.5 1.8 -3.23 -7.62 -16.95
-21.86 -17.22 -18.59 -13.31 -2.91 4.82 7.35 5.44 2.35 -0.87 -5.52 -14.1
-23.41 -22.6 -22.46 -16.49 -4.34 2.98 5.36 4.53 3.51 -2.28 -12.4 -11.23
-20.93 -23.96 -19.56 -13.68 -5.37 3.14 7.6 6.93 2.24 -3.59 -7.4 -14.12
-20.2 -21.4 -22.61 -14.47 -5.48 3.08 6.14 4.63 1.72 -2.83 -8.36 -16.59
-22.09 -19.52 -18.03 -16.4 -4.11 2.16 5.29 4.63 0.88 -4.62 -8.6 -14.84
-20.85 -20.35 -21.87 -13.71 -3.88 2.34 5.84 6.11 1.7 -3.14 -9.04 -14.03
-23.15 -24.11 -22.92 -12.07 -3.48 4.37 6.66 4.45 3.15 -2.22 -5.35 -12.97
-20.34 -22.94 -20.36 -14.81 -4.04 2.98 7.1 5.77 2.56 -3.29 -9.63 -15.85
-24.74 -23 -23.44 -15.94 -3.57 3.11 5.03 4.43 1.03 -2.41 -12.41 -12.52
-17.89 -22.63 -20.66 -14.36 -4.51 3.79 5.54 3.99 3.39 -3.3 -8.65 -15.72
-19.88 -20.84 -19.56 -14.99 -4.01 4.17 8.28 4.62 2.6 -2.57 -8.48 -16.52
-20.62 -20.95 -21.7 -11.69 -3.77 4.54 7.87 7.97 2.94 -2.4 -7.73 -13.48
-24.59 -20.84 -23.3 -15.65 -4.36 4.48 7.03 4.25 1.19 -3.99 -10.84 -13.29
-22.1 -19.81 -21.55 -11.12 -3.56 3.39 6.67 4.6 2.16 -1.8 -5.69 -15.36
-21.74 -18.97 -21.5 -13.47 -4.77 3.44 6.2 5.3 2.04 -5.01 -11.96 -16.24
-22.58 -18.85 -17.54 -10.4 -3.44 4.05 8.25 4.71 2.18 -1.94 -7.06 -17.71
-19.57 -23.38 -22.83 -11.74 -3.9 3.7 5.42 4.33 1.99 -1.94 -10.4 -18.26
-20.16 -18.48 -19.33 -12.68 -3.55 3.27 7.54 4.87 2.14 -2.87 -7.16 -15.95
-22.36 -17.73 -22.81 -13.21 -5.19 3.57 5.59 5.57 2.42 -3.29 -10.5 -12.96
-22.56 -22.22 -22.92 -14.59 -5.85 3.59 5.57 4.01 0.68 -4.13 -11.2 -17.46
-23.79 -22.75 -21.68 -14.88 -3.92 3.04 6.27 4.67 2.33 -3.86 -5.2 -15.46
-23.46 -23.7 -19.68 -14.89 -4.04 3.8 7.46 5.21 2.35 -2.9 -6.67 -15.63
-22.84 -25.33 -21.53 -12.99 -4.07 3.08 5.36 4.05 1.34 -5.1 -11.87 -17.9
-23.06 -19.61 -21.3 -13.2 -4.75 4.91 6.98 5.16 2.99 -2.25 -6.52 -17.67
-23.22 -22.31 -19.82 -12.03 -3.87 3.94 8.21 5.72 2.99 -1.5 -6.29 -14.94
-23 -20.59 -18.07 -13.19 -2.72 5.01 7.4 4.93 3.78 -0.51 -5.95 -12.85
-22.58 -18.85 -17.54 -10.4 -3.44 4.05 8.25 4.71 2.18 -1.94 -7.06 -17.71
-21.5 -24.61 -21.21 -11.65 -3.85 3.64 6.58 4.4 2.79 -3.09 -8.16 -14.79
-24.59 -20.84 -23.3 -15.65 -4.36 4.48 7.03 4.25 1.19 -3.99 -10.84 -13.29
-22.09 -19.52 -18.03 -16.4 -4.11 2.16 5.29 4.63 0.88 -4.62 -8.6 -14.84
-21.32 -19.52 -19.97 -15.59 -2.94 4.59 6.15 4.5 1.8 -3.23 -7.62 -16.95
-24 -24.28 -24.69 -12.96 -3.64 5.98 5.91 5.97 3.34 -2.06 -5.45 -13.39
-23.94 -20.56 -18.15 -12.9 -3.5 3.87 5.77 4.64 2.47 -3.49 -5.63 -14.97
-20.2 -21.4 -22.61 -14.47 -5.48 3.08 6.14 4.63 1.72 -2.83 -8.36 -16.59
-25.46 -23.98 -17.76 -14.97 -4.75 3.32 6.13 5.15 1.86 -2.49 -6.98 -17.82
-21.86 -17.22 -18.59 -13.31 -2.91 4.82 7.35 5.44 2.35 -0.87 -5.52 -14.1
-17.57 -22.86 -23.73 -14.36 -4.9 4.26 5.88 5.01 2.36 -1.55 -10.49 -16.41
-23.22 -20.74 -20.56 -12.93 -3.56 3.24 7.41 5.25 2.67 -2.14 -7.57 -14.97
-25.75 -20.58 -20.98 -14.24 -3.8 3.61 5.75 5.58 1.96 -2.63 -8.81 -17.49
-22.36 -17.73 -22.81 -13.21 -5.19 3.57 5.59 5.57 2.42 -3.29 -10.5 -12.96
-20.34 -22.94 -20.36 -14.81 -4.04 2.98 7.1 5.77 2.56 -3.29 -9.63 -15.85
-25.45 -26.31 -19.45 -13.04 -3.57 3.73 5.49 5.11 2.46 -2.22 -10.01 -17.07
-20.93 -23.96 -19.56 -13.68 -5.37 3.14 7.6 6.93 2.24 -3.59 -7.4 -14.12
-17.89 -22.63 -20.66 -14.36 -4.51 3.79 5.54 3.99 3.39 -3.3 -8.65 -15.72
-22.56 -22.22 -22.92 -14.59 -5.85 3.59 5.57 4.01 0.68 -4.13 -11.2 -17.46
-24.08 -24.31 -23.46 -15.76 -4.87 3.35 5.7 4.43 2.18 -4.81 -12.72 -16.25
-19.57 -23.38 -22.83 -11.74 -3.9 3.7 5.42 4.33 1.99 -1.94 -10.4 -18.26
-24.74 -23 -23.44 -15.94 -3.57 3.11 5.03 4.43 1.03 -2.41 -12.41 -12.52
-22.42 -19.59 -21.19 -16.29 -3.84 3.3 5.56 4.5 2.66 -3.1 -11.69 -12.89
-22.1 -19.81 -21.55 -11.12 -3.56 3.39 6.67 4.6 2.16 -1.8 -5.69 -15.36
-21.74 -18.97 -21.5 -13.47 -4.77 3.44 6.2 5.3 2.04 -5.01 -11.96 -16.24
-23.15 -24.11 -22.92 -12.07 -3.48 4.37 6.66 4.45 3.15 -2.22 -5.35 -12.97
-24.43 -21.73 -21.92 -13.21 -4.56 3.37 5.73 4.05 2.71 -0.89 -7.07 -13.54
-19.88 -20.84 -19.56 -14.99 -4.01 4.17 8.28 4.62 2.6 -2.57 -8.48 -16.52
-21.98 -21.41 -19.64 -10.72 -4.29 4.85 5.99 5.09 2.36 -2.82 -8.32 -17.77
-17.29 -19.58 -20.72 -14.93 -3.41 3.21 6.24 5.89 2.51 -1.82 -6.69 -16.22
-20.16 -18.48 -19.33 -12.68 -3.55 3.27 7.54 4.87 2.14 -2.87 -7.16 -15.95
-21.32 -19.61 -20.91 -16.15 -3.66 3.82 5.66 6.35 2.87 -3.27 -5.13 -18.43
-21.95 -22.57 -20.5 -13.19 -5.65 2.83 5.73 4.84 1.64 -2.68 -9.01 -16.72
-23.41 -22.6 -22.46 -16.49 -4.34 2.98 5.36 4.53 3.51 -2.28 -12.4 -11.23
-20.62 -20.95 -21.7 -11.69 -3.77 4.54 7.87 7.97 2.94 -2.4 -7.73 -13.48
-20.85 -20.35 -21.87 -13.71 -3.88 2.34 5.84 6.11 1.7 -3.14 -9.04 -14.03
-23.47 -23.84 -24.64 -14.55 -5.23 3.07 5.61 4.32 0.59 -6.53 -10.68 -14.11
-19.42 -19.7 -21.29 -13.59 -4.32 3.07 5.24 5.29 3.16 -2.37 -9.32 -15.04
-20.88 -21.72 -24.05 -11.98 -3.44 2.95 5.66 5.2 1.48 -1.91 -7.94 -16.17
-25.04 -21.25 -22.54 -14.45 -4.41 3.94 5.98 5.43 1.76 -2.65 -8.09 -14.85
-20.67 -21.12 -19.68 -12.49 -3.8 3.73 7.47 5.49 3.26 -0.8 -4.02 -16.55
-22.89 -19.58 -18.43 -15.46 -4.72 3.45 6.07 4.62 1.33 -2.65 -7.33 -15.95
-21.94 -20.66 -20.54 -15.04 -4.34 2.92 5.69 4.88 2.12 -5.39 -9.02 -16.11
-22.19 -21.25 -20.97 -13.7 -3.23 3.74 6.44 5.06 2.17 -2.93 -5.62 -13.48
-21.32 -19.61 -20.91 -16.15 -3.66 3.82 5.66 6.35 2.87 -3.27 -5.13 -18.43
-23.15 -24.11 -22.92 -12.07 -3.48 4.37 6.66 4.45 3.15 -2.22 -5.35 -12.97
-23.79 -22.75 -21.68 -14.88 -3.92 3.04 6.27 4.67 2.33 -3.86 -5.2 -15.46
-17.57 -22.86 -23.73 -14.36 -4.9 4.26 5.88 5.01 2.36 -1.55 -10.49 -16.41
-23.41 -22.6 -22.46 -16.49 -4.34 2.98 5.36 4.53 3.51 -2.28 -12.4 -11.23
-20.88 -21.72 -24.05 -11.98 -3.44 2.95 5.66 5.2 1.48 -1.91 -7.94 -16.17
-21.74 -18.97 -21.5 -13.47 -4.77 3.44 6.2 5.3 2.04 -5.01 -11.96 -16.24
-25.75 -20.58 -20.98 -14.24 -3.8 3.61 5.75 5.58 1.96 -2.63 -8.81 -17.49
-22.42 -19.59 -21.19 -16.29 -3.84 3.3 5.56 4.5 2.66 -3.1 -11.69 -12.89
-21.32 -19.52 -19.97 -15.59 -2.94 4.59 6.15 4.5 1.8 -3.23 -7.62 -16.95
-23.22 -22.31 -19.82 -12.03 -3.87 3.94 8.21 5.72 2.99 -1.5 -6.29 -14.94
-21.86 -17.22 -18.59 -13.31 -2.91 4.82 7.35 5.44 2.35 -0.87 -5.52 -14.1
-17.29 -19.58 -20.72 -14.93 -3.41 3.21 6.24 5.89 2.51 -1.82 -6.69 -16.22
-22.56 -22.22 -22.92 -14.59 -5.85 3.59 5.57 4.01 0.68 -4.13 -11.2 -17.46
-24.59 -20.84 -23.3 -15.65 -4.36 4.48 7.03 4.25 1.19 -3.99 -10.84 -13.29
-22.1 -19.81 -21.55 -11.12 -3.56 3.39 6.67 4.6 2.16 -1.8 -5.69 -15.36
-19.57 -23.38 -22.83 -11.74 -3.9 3.7 5.42 4.33 1.99 -1.94 -10.4 -18.26
-23.06 -19.61 -21.3 -13.2 -4.75 4.91 6.98 5.16 2.99 -2.25 -6.52 -17.67
-23.46 -23.7 -19.68 -14.89 -4.04 3.8 7.46 5.21 2.35 -2.9 -6.67 -15.63
-24.74 -23 -23.44 -15.94 -3.57 3.11 5.03 4.43 1.03 -2.41 -12.41 -12.52
-20.2 -21.4 -22.61 -14.47 -5.48 3.08 6.14 4.63 1.72 -2.83 -8.36 -16.59
-22.58 -18.85 -17.54 -10.4 -3.44 4.05 8.25 4.71 2.18 -1.94 -7.06 -17.71
-20.34 -22.94 -20.36 -14.81 -4.04 2.98 7.1 5.77 2.56 -3.29 -9.63 -15.85
-20.67 -21.12 -19.68 -12.49 -3.8 3.73 7.47 5.49 3.26 -0.8 -4.02 -16.55
-22.19 -21.25 -20.97 -13.7 -3.23 3.74 6.44 5.06 2.17 -2.93 -5.62 -13.48
-23.47 -23.84 -24.64 -14.55 -5.23 3.07 5.61 4.32 0.59 -6.53 -10.68 -14.11
-24 -24.28 -24.69 -12.96 -3.64 5.98 5.91 5.97 3.34 -2.06 -5.45 -13.39
-24.43 -21.73 -21.92 -13.21 -4.56 3.37 5.73 4.05 2.71 -0.89 -7.07 -13.54
-21.98 -21.41 -19.64 -10.72 -4.29 4.85 5.99 5.09 2.36 -2.82 -8.32 -17.77
-19.42 -19.7 -21.29 -13.59 -4.32 3.07 5.24 5.29 3.16 -2.37 -9.32 -15.04
-22.36 -17.73 -22.81 -13.21 -5.19 3.57 5.59 5.57 2.42 -3.29 -10.5 -12.96
-22.09 -19.52 -18.03 -16.4 -4.11 2.16 5.29 4.63 0.88 -4.62 -8.6 -14.84
-23.22 -20.74 -20.56 -12.93 -3.56 3.24 7.41 5.25 2.67 -2.14 -7.57 -14.97
-20.93 -23.96 -19.56 -13.68 -5.37 3.14 7.6 6.93 2.24 -3.59 -7.4 -14.12
-21.94 -20.66 -20.54 -15.04 -4.34 2.92 5.69 4.88 2.12 -5.39 -9.02 -16.11
-17.89 -22.63 -20.66 -14.36 -4.51 3.79 5.54 3.99 3.39 -3.3 -8.65 -15.72
-22.84 -25.33 -21.53 -12.99 -4.07 3.08 5.36 4.05 1.34 -5.1 -11.87 -17.9
-23.94 -20.56 -18.15 -12.9 -3.5 3.87 5.77 4.64 2.47 -3.49 -5.63 -14.97
-20.85 -20.35 -21.87 -13.71 -3.88 2.34 5.84 6.11 1.7 -3.14 -9.04 -14.03
-25.45 -26.31 -19.45 -13.04 -3.57 3.73 5.49 5.11 2.46 -2.22 -10.01 -17.07
-20.62 -20.95 -21.7 -11.69 -3.77 4.54 7.87 7.97 2.94 -2.4 -7.73 -13.48
-21.95 -22.57 -20.5 -13.19 -5.65 2.83 5.73 4.84 1.64 -2.68 -9.01 -16.72
-25.04 -21.25 -22.54 -14.45 -4.41 3.94 5.98 5.43 1.76 -2.65 -8.09 -14.85
-25.46 -23.98 -17.76 -14.97 -4.75 3.32 6.13 5.15 1.86 -2.49 -6.98 -17.82
-23 -20.59 -18.07 -13.19 -2.72 5.01 7.4 4.93 3.78 -0.51 -5.95 -12.85
-24.08 -24.31 -23.46 -15.76 -4.87 3.35 5.7 4.43 2.18 -4.81 -12.72 -16.25
-19.88 -20.84 -19.56 -14.99 -4.01 4.17 8.28 4.62 2.6 -2.57 -8.48 -16.52
-20.16 -18.48 -19.33 -12.68 -3.55 3.27 7.54 4.87 2.14 -2.87 -7.16 -15.95
-21.5 -24.61 -21.21 -11.65 -3.85 3.64 6.58 4.4 2.79 -3.09 -8.16 -14.79
-22.89 -19.58 -18.43 -15.46 -4.72 3.45 6.07 4.62 1.33 -2.65 -7.33 -15.95
-19.88 -20.84 -19.56 -14.99 -4.01 4.17 8.28 4.62 2.6 -2.57 -8.48 -16.52
-21.32 -19.52 -19.97 -15.59 -2.94 4.59 6.15 4.5 1.8 -3.23 -7.62 -16.95
-24.43 -21.73 -21.92 -13.21 -4.56 3.37 5.73 4.05 2.71 -0.89 -7.07 -13.54
-17.29 -19.58 -20.72 -14.93 -3.41 3.21 6.24 5.89 2.51 -1.82 -6.69 -16.22
-22.09 -19.52 -18.03 -16.4 -4.11 2.16 5.29 4.63 0.88 -4.62 -8.6 -14.84
-23.47 -23.84 -24.64 -14.55 -5.23 3.07 5.61 4.32 0.59 -6.53 -10.68 -14.11
-22.42 -19.59 -21.19 -16.29 -3.84 3.3 5.56 4.5 2.66 -3.1 -11.69 -12.89
-23.79 -22.75 -21.68 -14.88 -3.92 3.04 6.27 4.67 2.33 -3.86 -5.2 -15.46
-21.86 -17.22 -18.59 -13.31 -2.91 4.82 7.35 5.44 2.35 -0.87 -5.52 -14.1
-23 -20.59 -18.07 -13.19 -2.72 5.01 7.4 4.93 3.78 -0.51 -5.95 -12.85
-20.67 -21.12 -19.68 -12.49 -3.8 3.73 7.47 5.49 3.26 -0.8 -4.02 -16.55
-22.58 -18.85 -17.54 -10.4 -3.44 4.05 8.25 4.71 2.18 -1.94 -7.06 -17.71
-23.46 -23.7 -19.68 -14.89 -4.04 3.8 7.46 5.21 2.35 -2.9 -6.67 -15.63
-17.89 -22.63 -20.66 -14.36 -4.51 3.79 5.54 3.99 3.39 -3.3 -8.65 -15.72
-21.98 -21.41 -19.64 -10.72 -4.29 4.85 5.99 5.09 2.36 -2.82 -8.32 -17.77
-25.45 -26.31 -19.45 -13.04 -3.57 3.73 5.49 5.11 2.46 -2.22 -10.01 -17.07
-20.88 -21.72 -24.05 -11.98 -3.44 2.95 5.66 5.2 1.48 -1.91 -7.94 -16.17
-20.85 -20.35 -21.87 -13.71 -3.88 2.34 5.84 6.11 1.7 -3.14 -9.04 -14.03
-25.75 -20.58 -20.98 -14.24 -3.8 3.61 5.75 5.58 1.96 -2.63 -8.81 -17.49
-19.42 -19.7 -21.29 -13.59 -4.32 3.07 5.24 5.29 3.16 -2.37 -9.32 -15.04
-22.36 -17.73 -22.81 -13.21 -5.19 3.57 5.59 5.57 2.42 -3.29 -10.5 -12.96
-23.22 -22.31 -19.82 -12.03 -3.87 3.94 8.21 5.72 2.99 -1.5 -6.29 -14.94
-20.16 -18.48 -19.33 -12.68 -3.55 3.27 7.54 4.87 2.14 -2.87 -7.16 -15.95
-25.46 -23.98 -17.76 -14.97 -4.75 3.32 6.13 5.15 1.86 -2.49 -6.98 -17.82
-19.57 -23.38 -22.83 -11.74 -3.9 3.7 5.42 4.33 1.99 -1.94 -10.4 -18.26
-20.2 -21.4 -22.61 -14.47 -5.48 3.08 6.14 4.63 1.72 -2.83 -8.36 -16.59
-24.74 -23 -23.44 -15.94 -3.57 3.11 5.03 4.43 1.03 -2.41 -12.41 -12.52
-24.08 -24.31 -23.46 -15.76 -4.87 3.35 5.7 4.43 2.18 -4.81 -12.72 -16.25
-23.15 -24.11 -22.92 -12.07 -3.48 4.37 6.66 4.45 3.15 -2.22 -5.35 -12.97
-23.22 -20.74 -20.56 -12.93 -3.56 3.24 7.41 5.25 2.67 -2.14 -7.57 -14.97
-21.95 -22.57 -20.5 -13.19 -5.65 2.83 5.73 4.84 1.64 -2.68 -9.01 -16.72
-21.5 -24.61 -21.21 -11.65 -3.85 3.64 6.58 4.4 2.79 -3.09 -8.16 -14.79
-22.1 -19.81 -21.55 -11.12 -3.56 3.39 6.67 4.6 2.16 -1.8 -5.69 -15.36
-22.84 -25.33 -21.53 -12.99 -4.07 3.08 5.36 4.05 1.34 -5.1 -11.87 -17.9
-24 -24.28 -24.69 -12.96 -3.64 5.98 5.91 5.97 3.34 -2.06 -5.45 -13.39
-21.94 -20.66 -20.54 -15.04 -4.34 2.92 5.69 4.88 2.12 -5.39 -9.02 -16.11
-21.32 -19.61 -20.91 -16.15 -3.66 3.82 5.66 6.35 2.87 -3.27 -5.13 -18.43
-23.06 -19.61 -21.3 -13.2 -4.75 4.91 6.98 5.16 2.99 -2.25 -6.52 -17.67
-20.93 -23.96 -19.56 -13.68 -5.37 3.14 7.6 6.93 2.24 -3.59 -7.4 -14.12
-22.19 -21.25 -20.97 -13.7 -3.23 3.74 6.44 5.06 2.17 -2.93 -5.62 -13.48
-22.89 -19.58 -18.43 -15.46 -4.72 3.45 6.07 4.62 1.33 -2.65 -7.33 -15.95
-17.57 -22.86 -23.73 -14.36 -4.9 4.26 5.88 5.01 2.36 -1.55 -10.49 -16.41
-23.94 -20.56 -18.15 -12.9 -3.5 3.87 5.77 4.64 2.47 -3.49 -5.63 -14.97
-24.59 -20.84 -23.3 -15.65 -4.36 4.48 7.03 4.25 1.19 -3.99 -10.84 -13.29
-21.74 -18.97 -21.5 -13.47 -4.77 3.44 6.2 5.3 2.04 -5.01 -11.96 -16.24
-20.62 -20.95 -21.7 -11.69 -3.77 4.54 7.87 7.97 2.94 -2.4 -7.73 -13.48
-20.34 -22.94 -20.36 -14.81 -4.04 2.98 7.1 5.77 2.56 -3.29 -9.63 -15.85
-23.41 -22.6 -22.46 -16.49 -4.34 2.98 5.36 4.53 3.51 -2.28 -12.4 -11.23
-22.56 -22.22 -22.92 -14.59 -5.85 3.59 5.57 4.01 0.68 -4.13 -11.2 -17.46
-25.04 -21.25 -22.54 -14.45 -4.41 3.94 5.98 5.43 1.76 -2.65 -8.09 -14.85
-25.46 -23.98 -17.76 -14.97 -4.75 3.32 6.13 5.15 1.86 -2.49 -6.98 -17.82
-24.43 -21.73 -21.92 -13.21 -4.56 3.37 5.73 4.05 2.71 -0.89 -7.07 -13.54
-21.74 -18.97 -21.5 -13.47 -4.77 3.44 6.2 5.3 2.04 -5.01 -11.96 -16.24
-21.32 -19.52 -19.97 -15.59 -2.94 4.59 6.15 4.5 1.8 -3.23 -7.62 -16.95
-19.42 -19.7 -21.29 -13.59 -4.32 3.07 5.24 5.29 3.16 -2.37 -9.32 -15.04
-17.89 -22.63 -20.66 -14.36 -4.51 3.79 5.54 3.99 3.39 -3.3 -8.65 -15.72
-20.67 -21.12 -19.68 -12.49 -3.8 3.73 7.47 5.49 3.26 -0.8 -4.02 -16.55
-22.84 -25.33 -21.53 -12.99 -4.07 3.08 5.36 4.05 1.34 -5.1 -11.87 -17.9
-22.09 -19.52 -18.03 -16.4 -4.11 2.16 5.29 4.63 0.88 -4.62 -8.6 -14.84
-23.22 -20.74 -20.56 -12.93 -3.56 3.24 7.41 5.25 2.67 -2.14 -7.57 -14.97
-23.22 -22.31 -19.82 -12.03 -3.87 3.94 8.21 5.72 2.99 -1.5 -6.29 -14.94
-21.98 -21.41 -19.64 -10.72 -4.29 4.85 5.99 5.09 2.36 -2.82 -8.32 -17.77
-23.79 -22.75 -21.68 -14.88 -3.92 3.04 6.27 4.67 2.33 -3.86 -5.2 -15.46
-20.16 -18.48 -19.33 -12.68 -3.55 3.27 7.54 4.87 2.14 -2.87 -7.16 -15.95
-22.36 -17.73 -22.81 -13.21 -5.19 3.57 5.59 5.57 2.42 -3.29 -10.5 -12.96
-25.75 -20.58 -20.98 -14.24 -3.8 3.61 5.75 5.58 1.96 -2.63 -8.81 -17.49
-23 -20.59 -18.07 -13.19 -2.72 5.01 7.4 4.93 3.78 -0.51 -5.95 -12.85
-21.86 -17.22 -18.59 -13.31 -2.91 4.82 7.35 5.44 2.35 -0.87 -5.52 -14.1
-20.62 -20.95 -21.7 -11.69 -3.77 4.54 7.87 7.97 2.94 -2.4 -7.73 -13.48
-22.56 -22.22 -22.92 -14.59 -5.85 3.59 5.57 4.01 0.68 -4.13 -11.2 -17.46
-21.32 -19.61 -20.91 -16.15 -3.66 3.82 5.66 6.35 2.87 -3.27 -5.13 -18.43
-20.34 -22.94 -20.36 -14.81 -4.04 2.98 7.1 5.77 2.56 -3.29 -9.63 -15.85
-25.45 -26.31 -19.45 -13.04 -3.57 3.73 5.49 5.11 2.46 -2.22 -10.01 -17.07
-22.42 -19.59 -21.19 -16.29 -3.84 3.3 5.56 4.5 2.66 -3.1 -11.69 -12.89
-22.19 -21.25 -20.97 -13.7 -3.23 3.74 6.44 5.06 2.17 -2.93 -5.62 -13.48
-21.94 -20.66 -20.54 -15.04 -4.34 2.92 5.69 4.88 2.12 -5.39 -9.02 -16.11
-23.41 -22.6 -22.46 -16.49 -4.34 2.98 5.36 4.53 3.51 -2.28 -12.4 -11.23
-23.47 -23.84 -24.64 -14.55 -5.23 3.07 5.61 4.32 0.59 -6.53 -10.68 -14.11
-19.57 -23.38 -22.83 -11.74 -3.9 3.7 5.42 4.33 1.99 -1.94 -10.4 -18.26
-24.08 -24.31 -23.46 -15.76 -4.87 3.35 5.7 4.43 2.18 -4.81 -12.72 -16.25
-20.2 -21.4 -22.61 -14.47 -5.48 3.08 6.14 4.63 1.72 -2.83 -8.36 -16.59
-23.94 -20.56 -18.15 -12.9 -3.5 3.87 5.77 4.64 2.47 -3.49 -5.63 -14.97
-24.59 -20.84 -23.3 -15.65 -4.36 4.48 7.03 4.25 1.19 -3.99 -10.84 -13.29
-21.95 -22.57 -20.5 -13.19 -5.65 2.83 5.73 4.84 1.64 -2.68 -9.01 -16.72
-25.04 -21.25 -22.54 -14.45 -4.41 3.94 5.98 5.43 1.76 -2.65 -8.09 -14.85
-20.85 -20.35 -21.87 -13.71 -3.88 2.34 5.84 6.11 1.7 -3.14 -9.04 -14.03
-24.74 -23 -23.44 -15.94 -3.57 3.11 5.03 4.43 1.03 -2.41 -12.41 -12.52
-22.1 -19.81 -21.55 -11.12 -3.56 3.39 6.67 4.6 2.16 -1.8 -5.69 -15.36
-19.88 -20.84 -19.56 -14.99 -4.01 4.17 8.28 4.62 2.6 -2.57 -8.48 -16.52
-22.58 -18.85 -17.54 -10.4 -3.44 4.05 8.25 4.71 2.18 -1.94 -7.06 -17.71
-21.5 -24.61 -21.21 -11.65 -3.85 3.64 6.58 4.4 2.79 -3.09 -8.16 -14.79
-23.15 -24.11 -22.92 -12.07 -3.48 4.37 6.66 4.45 3.15 -2.22 -5.35 -12.97
-20.88 -21.72 -24.05 -11.98 -3.44 2.95 5.66 5.2 1.48 -1.91 -7.94 -16.17
-24 -24.28 -24.69 -12.96 -3.64 5.98 5.91 5.97 3.34 -2.06 -5.45 -13.39
-20.93 -23.96 -19.56 -13.68 -5.37 3.14 7.6 6.93 2.24 -3.59 -7.4 -14.12
-22.89 -19.58 -18.43 -15.46 -4.72 3.45 6.07 4.62 1.33 -2.65 -7.33 -15.95
-23.06 -19.61 -21.3 -13.2 -4.75 4.91 6.98 5.16 2.99 -2.25 -6.52 -17.67
-23.46 -23.7 -19.68 -14.89 -4.04 3.8 7.46 5.21 2.35 -2.9 -6.67 -15.63
-17.29 -19.58 -20.72 -14.93 -3.41 3.21 6.24 5.89 2.51 -1.82 -6.69 -16.22
-17.57 -22.86 -23.73 -14.36 -4.9 4.26 5.88 5.01 2.36 -1.55 -10.49 -16.41
-23.94 -20.56 -18.15 -12.9 -3.5 3.87 5.77 4.64 2.47 -3.49 -5.63 -14.97
-22.09 -19.52 -18.03 -16.4 -4.11 2.16 5.29 4.63 0.88 -4.62 -8.6 -14.84
-21.98 -21.41 -19.64 -10.72 -4.29 4.85 5.99 5.09 2.36 -2.82 -8.32 -17.77
-24 -24.28 -24.69 -12.96 -3.64 5.98 5.91 5.97 3.34 -2.06 -5.45 -13.39
-17.57 -22.86 -23.73 -14.36 -4.9 4.26 5.88 5.01 2.36 -1.55 -10.49 -16.41
-20.34 -22.94 -20.36 -14.81 -4.04 2.98 7.1 5.77 2.56 -3.29 -9.63 -15.85
-17.29 -19.58 -20.72 -14.93 -3.41 3.21 6.24 5.89 2.51 -1.82 -6.69 -16.22
-21.95 -22.57 -20.5 -13.19 -5.65 2.83 5.73 4.84 1.64 -2.68 -9.01 -16.72
-20.85 -20.35 -21.87 -13.71 -3.88 2.34 5.84 6.11 1.7 -3.14 -9.04 -14.03
-21.32 -19.52 -19.97 -15.59 -2.94 4.59 6.15 4.5 1.8 -3.23 -7.62 -16.95
-19.42 -19.7 -21.29 -13.59 -4.32 3.07 5.24 5.29 3.16 -2.37 -9.32 -15.04
-21.5 -24.61 -21.21 -11.65 -3.85 3.64 6.58 4.4 2.79 -3.09 -8.16 -14.79
-22.36 -17.73 -22.81 -13.21 -5.19 3.57 5.59 5.57 2.42 -3.29 -10.5 -12.96
-20.67 -21.12 -19.68 -12.49 -3.8 3.73 7.47 5.49 3.26 -0.8 -4.02 -16.55
-22.19 -21.25 -20.97 -13.7 -3.23 3.74 6.44 5.06 2.17 -2.93 -5.62 -13.48
-19.57 -23.38 -22.83 -11.74 -3.9 3.7 5.42 4.33 1.99 -1.94 -10.4 -18.26
-25.04 -21.25 -22.54 -14.45 -4.41 3.94 5.98 5.43 1.76 -2.65 -8.09 -14.85
-20.62 -20.95 -21.7 -11.69 -3.77 4.54 7.87 7.97 2.94 -2.4 -7.73 -13.48
-22.58 -18.85 -17.54 -10.4 -3.44 4.05 8.25 4.71 2.18 -1.94 -7.06 -17.71
-25.45 -26.31 -19.45 -13.04 -3.57 3.73 5.49 5.11 2.46 -2.22 -10.01 -17.07
-20.93 -23.96 -19.56 -13.68 -5.37 3.14 7.6 6.93 2.24 -3.59 -7.4 -14.12
-23.06 -19.61 -21.3 -13.2 -4.75 4.91 6.98 5.16 2.99 -2.25 -6.52 -17.67
-24.59 -20.84 -23.3 -15.65 -4.36 4.48 7.03 4.25 1.19 -3.99 -10.84 -13.29
-21.94 -20.66 -20.54 -15.04 -4.34 2.92 5.69 4.88 2.12 -5.39 -9.02 -16.11
-23.47 -23.84 -24.64 -14.55 -5.23 3.07 5.61 4.32 0.59 -6.53 -10.68 -14.11
-21.32 -19.61 -20.91 -16.15 -3.66 3.82 5.66 6.35 2.87 -3.27 -5.13 -18.43
-24.43 -21.73 -21.92 -13.21 -4.56 3.37 5.73 4.05 2.71 -0.89 -7.07 -13.54
-21.74 -18.97 -21.5 -13.47 -4.77 3.44 6.2 5.3 2.04 -5.01 -11.96 -16.24
-25.46 -23.98 -17.76 -14.97 -4.75 3.32 6.13 5.15 1.86 -2.49 -6.98 -17.82
-23.15 -24.11 -22.92 -12.07 -3.48 4.37 6.66 4.45 3.15 -2.22 -5.35 -12.97
-21.86 -17.22 -18.59 -13.31 -2.91 4.82 7.35 5.44 2.35 -0.87 -5.52 -14.1
-20.88 -21.72 -24.05 -11.98 -3.44 2.95 5.66 5.2 1.48 -1.91 -7.94 -16.17
-19.88 -20.84 -19.56 -14.99 -4.01 4.17 8.28 4.62 2.6 -2.57 -8.48 -16.52
-20.2 -21.4 -22.61 -14.47 -5.48 3.08 6.14 4.63 1.72 -2.83 -8.36 -16.59
-22.89 -19.58 -18.43 -15.46 -4.72 3.45 6.07 4.62 1.33 -2.65 -7.33 -15.95
-23 -20.59 -18.07 -13.19 -2.72 5.01 7.4 4.93 3.78 -0.51 -5.95 -12.85
-22.1 -19.81 -21.55 -11.12 -3.56 3.39 6.67 4.6 2.16 -1.8 -5.69 -15.36
-23.79 -22.75 -21.68 -14.88 -3.92 3.04 6.27 4.67 2.33 -3.86 -5.2 -15.46
-23.22 -20.74 -20.56 -12.93 -3.56 3.24 7.41 5.25 2.67 -2.14 -7.57 -14.97
-22.56 -22.22 -22.92 -14.59 -5.85 3.59 5.57 4.01 0.68 -4.13 -11.2 -17.46
-25.75 -20.58 -20.98 -14.24 -3.8 3.61 5.75 5.58 1.96 -2.63 -8.81 -17.49
-23.22 -22.31 -19.82 -12.03 -3.87 3.94 8.21 5.72 2.99 -1.5 -6.29 -14.94
-22.84 -25.33 -21.53 -12.99 -4.07 3.08 5.36 4.05 1.34 -5.1 -11.87 -17.9
-24.08 -24.31 -23.46 -15.76 -4.87 3.35 5.7 4.43 2.18 -4.81 -12.72 -16.25
-20.16 -18.48 -19.33 -12.68 -3.55 3.27 7.54 4.87 2.14 -2.87 -7.16 -15.95
-22.42 -19.59 -21.19 -16.29 -3.84 3.3 5.56 4.5 2.66 -3.1 -11.69 -12.89
-23.41 -22.6 -22.46 -16.49 -4.34 2.98 5.36 4.53 3.51 -2.28 -12.4 -11.23
-23.46 -23.7 -19.68 -14.89 -4.04 3.8 7.46 5.21 2.35 -2.9 -6.67 -15.63
-24.74 -23 -23.44 -15.94 -3.57 3.11 5.03 4.43 1.03 -2.41 -12.41 -12.52
-17.89 -22.63 -20.66 -14.36 -4.51 3.79 5.54 3.99 3.39 -3.3 -8.65 -15.72
