Jan Feb Mar Apr Mai Jun Jul Aug Sep Okt Nov Dez
-28.73 -32.33 -32.59 -20.77 -10.38 2.7 6.29 4.47 -0.71 -11.49 -22.12 -28.48
-26.65 -29.45 -26.87 -19.32 -6.75 2.54 6.79 4.49 -1.1 -12.34 -22.02 -32.82
-34.42 -28.78 -21.68 -19.29 -7.3 2.19 6.49 4.37 -1.4 -12.14 -22.32 -28
-27.79 -29.24 -27.92 -20.09 -7.4 2.74 6.59 4.77 -1.65 -11.69 -22.48 -25.74
-33.94 -33.88 -29.08 -21.27 -7 2.32 5.89 4.97 -1.47 -11.74 -23.98 -31.68
-26.74 -29.1 -31.67 -23.92 -12.95 0.04 5.81 3.49 -2.08 -12.04 -28.21 -36.9
-37.11 -22.05 -24.23 -18.32 -5.67 1.46 4.63 3.17 -2.65 -12.72 -24.81 -28.54
-36.07 -28.57 -25.98 -22.43 -8.54 1.1 5.39 5.09 -2.5 -13.22 -28.03 -32.96
-37.97 -35.29 -25.15 -24.71 -9.38 0.36 5.81 2.92 -2.04 -12.82 -22.58 -28.08
-35.07 -34.72 -32.27 -22.08 -8.53 2.16 5.56 4 -1.84 -12.92 -23.26 -28.84
-28.56 -31.05 -27.84 -20.93 -7.88 2.06 5.95 4.55 -1.84 -12.9 -21.93 -28.18
-27.42 -28.53 -28.5 -20.25 -10.42 1.6 5.36 3.74 -1.58 -12.45 -23.61 -27.43
-28.76 -29.44 -27.93 -20.57 -7.78 2.26 6.11 4.75 -1.31 -12.14 -23.18 -30.92
-31.15 -30.48 -28.34 -25.07 -8.06 1.58 5.66 3.93 -1.57 -13.18 -22.19 -27.53
-29.25 -31.07 -27.93 -20.28 -7.68 2.52 6.11 4.31 -1.28 -11.85 -22.49 -28.38
-27.52 -31.05 -24.46 -17.98 -9.28 3.06 6.21 4.89 1.59 -10.34 -19.27 -31.41
-29.23 -30.99 -32 -21.93 -9.38 3.16 7.11 5.79 -1.38 -13.32 -17.56 -23.47
-29.31 -28.89 -30.08 -19.13 -8.88 1.86 5.81 3.59 -2.08 -12.62 -26.48 -30.08
-25.02 -25.99 -31.4 -20.73 -8.39 1.42 4.81 3.21 -1.8 -15.32 -25.61 -27.92
-18.49 -33.99 -31.99 -19.73 -9.67 2.06 5.63 3.99 -2.37 -11.1 -24.57 -30.6
-26.67 -29.03 -31.6 -23.85 -12.88 0.11 5.88 3.56 -2.01 -11.97 -28.14 -36.83
-37.04 -21.98 -24.16 -18.25 -5.6 1.53 4.7 3.24 -2.58 -12.65 -24.74 -28.47
-36 -28.5 -25.91 -22.36 -8.47 1.17 5.46 5.16 -2.43 -13.15 -27.96 -32.89
-37.9 -35.22 -25.08 -24.64 -9.31 0.43 5.88 2.99 -1.97 -12.75 -22.51 -28.01
-35 -34.65 -32.2 -22.01 -8.46 2.23 5.63 4.07 -1.77 -12.85 -23.19 -28.77
-28.49 -30.98 -27.77 -20.86 -7.81 2.13 6.02 4.62 -1.77 -12.83 -21.86 -28.11
-27.35 -28.46 -28.43 -20.18 -10.35 1.67 5.43 3.81 -1.51 -12.38 -23.54 -27.36
-28.69 -29.37 -27.86 -20.5 -7.71 2.33 6.18 4.82 -1.24 -12.07 -23.11 -30.85
-31.08 -30.41 -28.27 -25 -7.99 1.65 5.73 4 -1.5 -13.11 -22.12 -27.46
-29.18 -31 -27.86 -20.21 -7.61 2.59 6.18 4.38 -1.21 -11.78 -22.42 -28.31
-27.45 -30.98 -24.39 -17.91 -9.21 3.13 6.28 4.96 1.66 -10.27 -19.2 -31.34
-29.16 -30.92 -31.93 -21.86 -9.31 3.23 7.18 5.86 -1.31 -13.25 -17.49 -23.4
-29.24 -28.82 -30.01 -19.06 -8.81 1.93 5.88 3.66 -2.01 -12.55 -26.41 -30.01
-24.95 -25.92 -31.33 -20.66 -8.32 1.49 4.88 3.28 -1.73 -15.25 -25.54 -27.85
-18.42 -33.92 -31.92 -19.66 -9.6 2.13 5.7 4.06 -2.3 -11.03 -24.5 -30.53
-28.8 -36.4 -29.76 -26.18 -9.97 1.41 5 3.84 -1.41 -15.63 -26.14 -32.88
-26.64 -33.54 -35.49 -21.24 -8.91 1.83 6.48 6.06 -0.01 -12.9 -25.07 -26.91
-22.66 -33.96 -27.19 -20.42 -8.01 0.53 5.66 4.26 -1.85 -11.85 -20.45 -31.57
-22.93 -26.45 -27.72 -22.58 -8.79 1.59 5.24 2.84 -2.91 -12.98 -25.77 -31.44
-28.19 -29.3 -27.68 -22.8 -8.64 1.61 5.04 3.58 -1.39 -14.11 -28.51 -27.85
-28.87 -30.2 -26.51 -18.3 -6.23 2.53 4.89 3.12 -2.65 -11.78 -23.33 -29.91
-27.36 -24.02 -26.57 -22.18 -11.94 -0.05 4.5 3.65 -2.11 -12.52 -25.49 -26.61
-29.77 -31.78 -27.65 -21 -8.15 0.5 5.9 3.3 -2.78 -16.28 -27.77 -20.63
-28.48 -38.3 -28.82 -23.39 -8.86 2.53 5.28 2.88 -0.92 -9.53 -20.33 -29.88
-26.96 -28.47 -33.98 -26.03 -10.47 0.15 6.5 3.36 -3.33 -15.95 -18.16 -24.88
-32.7 -26.82 -29.95 -19.51 -7.42 2.21 4.92 2.04 -3.73 -14.35 -19.15 -26.17
-29.1 -35.75 -27.32 -22.69 -7.93 0.71 5.52 4.36 -4.09 -12.32 -26.27 -34.41
-25.34 -30.62 -31.63 -20 -8.95 1.23 6.3 2.42 -1.99 -12.09 -26.47 -29.43
-36.54 -21.47 -25.57 -20.12 -8.65 2.28 5.18 3.82 -0.27 -11.09 -25.28 -27.15
-31.76 -38.26 -26.95 -15.96 -5.38 2.63 5.84 5.14 -2.02 -12.85 -22.25 -29.94
-34.33 -35.69 -25.89 -20.5 -9.87 -0.23 3.83 2.8 -4 -15.61 -25.69 -28.77
-34.11 -32.79 -25.19 -19.44 -11.3 0.57 5.42 2.88 -3.77 -13.31 -25.03 -29.38
-35.4 -31.18 -26.59 -20.76 -9.19 -0.13 5.24 2.7 -3.99 -12.71 -25.76 -24.56
-34.04 -28.18 -29.39 -22.42 -9.13 1.27 5.14 3.3 -1.47 -11.89 -20.82 -24.3
-30.41 -31.12 -24.14 -21.02 -11.05 0.98 5.52 3.4 -1.4 -12.81 -22.75 -27.93
-33.43 -31.86 -32.16 -16.75 -9.87 2.42 5.79 3.87 -3.57 -12.61 -23.3 -31.97
-27.15 -27.45 -28.07 -22.64 -11.7 1.27 5.92 4.44 -0.54 -9.59 -18.65 -19.83
-27.26 -24.06 -28.89 -17.49 -11.28 1.19 5.64 2.8 -3.37 -13.54 -23.5 -28.75
-38.27 -30.46 -30.33 -19.74 -8.4 2.39 5.12 2.82 -0.46 -11.3 -22.01 -30.05
-27.49 -31.84 -28.04 -15.89 -5.08 2.67 5.52 4.1 -2.55 -11.59 -18.02 -28.2
-30.41 -28.27 -29.12 -21.32 -9.8 1.97 5.7 4.8 -1.07 -9.59 -22.48 -29.22
-24.52 -28.65 -30.09 -19.57 -10.9 0.79 4.22 2.1 -1.94 -13.89 -25.01 -30.76
-28.78 -32.38 -26.29 -19.12 -5.17 3.27 5.52 3.1 -1.87 -11.46 -19.67 -29.65
-31.72 -32.3 -29.17 -24.98 -7.69 1.67 5.42 4.64 -0.83 -10.38 -20.89 -27.71
-30.74 -32.9 -32.91 -15.34 -8.33 0.75 5.52 3.22 -1.51 -14.31 -21.86 -29.45
-36.92 -32.16 -33.4 -16.33 -8.42 2.59 6.34 3.72 -1.05 -10.62 -19.46 -22.48
-32.61 -38 -30.44 -21 -8.45 1.41 7.34 3.32 -3.12 -15.47 -21.56 -29.45
-38.5 -34.89 -26.97 -21 -9.92 0.09 5.84 3.92 -0.45 -8.92 -18.86 -29.83
-34.73 -21.16 -21.33 -22 -8.55 -0.29 6.54 2.95 -2.15 -12.87 -21.36 -27.75
-27.08 -30.46 -25.2 -19.3 -12.8 0.41 4.46 3.55 -1.65 -11.99 -26.9 -31.33
-34.63 -33.65 -26.2 -18.6 -12.64 0.27 3.09 4.52 0.25 -10.59 -22.37 -21.76
-27.19 -34.43 -28.87 -22.72 -7.45 1.29 5.27 3.41 -2.35 -11.97 -26.4 -33.84
-33.73 -26.09 -28.67 -27.45 -9.07 2.17 6.84 3.53 -2.03 -10.52 -25.49 -25.5
-24.85 -28.44 -33.54 -18 -10.13 -0.09 5.94 5.02 -0.75 -10.59 -19.24 -31.13
-38.62 -28.76 -31.85 -22.96 -10.52 -0.39 5.88 4.02 0.86 -11.99 -23.55 -27.43
-28.78 -32.38 -32.64 -20.82 -10.43 2.65 6.24 4.42 -0.76 -11.54 -22.17 -28.53
-26.7 -29.5 -26.92 -19.37 -6.8 2.49 6.74 4.44 -1.15 -12.39 -22.07 -32.87
-34.47 -28.83 -21.73 -19.34 -7.35 2.14 6.44 4.32 -1.45 -12.19 -22.37 -28.05
-27.84 -29.29 -27.97 -20.14 -7.45 2.69 6.54 4.72 -1.7 -11.74 -22.53 -25.79
-33.99 -33.93 -29.13 -21.32 -7.05 2.27 5.84 4.92 -1.52 -11.79 -24.03 -31.73
-30.4 -35.68 -34.06 -23.18 -9.27 0.27 4.78 2.64 -2.77 -12.85 -21.35 -30.94
-32.04 -26.65 -29.97 -19.14 -8.87 0.67 3.34 3.22 -2.33 -12.74 -22.85 -32.14
-33.07 -29.14 -28.83 -16.43 -8.08 1.64 3.9 3.1 -3.29 -15.88 -26.25 -30.56
-28.78 -31 -25.67 -22.76 -11.43 -0.83 3.96 2.3 -2.87 -12.87 -24.85 -26.27
-19.5 -26.92 -30.13 -22.82 -12.87 -0.75 4.2 3.67 -3.51 -11.86 -20.28 -29.22
-30.76 -33.01 -27.31 -21.14 -7.89 1.49 4.54 2.42 -1.71 -10.03 -22.51 -26.62
-28.46 -34.58 -28.35 -21.24 -10.23 -0.47 5.4 4.02 -0.77 -10.03 -20.91 -28.91
-29.68 -33.93 -32.05 -21.04 -8.55 3.19 6.25 3.92 -1.23 -10.75 -20.01 -32.93
-26.3 -31.28 -28.37 -14.74 -6.07 1.93 5.42 2.36 -2.55 -13.19 -22.91 -33.12
-30.18 -33.05 -29.01 -22.12 -10.07 0.19 4.26 3.81 -2.69 -17.59 -24.98 -23.28
-25.03 -31.21 -30.31 -20.08 -7.91 1.02 6.3 1.62 -2.77 -13.53 -28.05 -28.21
-23.76 -30.1 -30.57 -17.93 -7.67 2.19 5.8 2.68 -2.3 -12.13 -22.85 -33.81
-31.9 -29.54 -25.41 -21.22 -11.66 2.25 5.2 3.74 -2.68 -14.83 -26.11 -26.02
-22.52 -27.82 -32.91 -21.35 -6.15 1.43 5.44 3.7 -1.07 -11.35 -19.39 -31.42
-30.49 -29.09 -21.79 -22.72 -9.01 1.21 6.36 3.4 -1.55 -11.35 -24.11 -24.57
-37.01 -32.25 -33.49 -16.42 -8.51 2.5 6.25 3.63 -1.14 -10.71 -19.55 -22.57
-32.7 -38.09 -30.53 -21.09 -8.54 1.32 7.25 3.23 -3.21 -15.56 -21.65 -29.54
-38.59 -34.98 -27.06 -21.09 -10.01 0 5.75 3.83 -0.54 -9.01 -18.95 -29.92
-34.82 -21.25 -21.42 -22.09 -8.64 -0.38 6.45 2.86 -2.24 -12.96 -21.45 -27.84
-27.17 -30.55 -25.29 -19.39 -12.89 0.32 4.37 3.46 -1.74 -12.08 -26.99 -31.42
-34.72 -33.74 -26.29 -18.69 -12.73 0.18 3 4.43 0.16 -10.68 -22.46 -21.85
-27.28 -34.52 -28.96 -22.81 -7.54 1.2 5.18 3.32 -2.44 -12.06 -26.49 -33.93
-33.82 -26.18 -28.76 -27.54 -9.16 2.08 6.75 3.44 -2.12 -10.61 -25.58 -25.59
-24.94 -28.53 -33.63 -18.09 -10.22 -0.18 5.85 4.93 -0.84 -10.68 -19.33 -31.22
-38.71 -28.85 -31.94 -23.05 -10.61 -0.48 5.79 3.93 0.77 -12.08 -23.64 -27.52
-28.87 -32.47 -32.73 -20.91 -10.52 2.56 6.15 4.33 -0.85 -11.63 -22.26 -28.62
-26.79 -29.59 -27.01 -19.46 -6.89 2.4 6.65 4.35 -1.24 -12.48 -22.16 -32.96
-34.56 -28.92 -21.82 -19.43 -7.44 2.05 6.35 4.23 -1.54 -12.28 -22.46 -28.14
-27.93 -29.38 -28.06 -20.23 -7.54 2.6 6.45 4.63 -1.79 -11.83 -22.62 -25.88
-34.08 -34.02 -29.22 -21.41 -7.14 2.18 5.75 4.83 -1.61 -11.88 -24.12 -31.82
-30.32 -35.6 -33.98 -23.1 -9.19 0.35 4.86 2.72 -2.69 -12.77 -21.27 -30.86
-31.96 -26.57 -29.89 -19.06 -8.79 0.75 3.42 3.3 -2.25 -12.66 -22.77 -32.06
-32.99 -29.06 -28.75 -16.35 -8 1.72 3.98 3.18 -3.21 -15.8 -26.17 -30.48
-28.7 -30.92 -25.59 -22.68 -11.35 -0.75 4.04 2.38 -2.79 -12.79 -24.77 -26.19
-19.42 -26.84 -30.05 -22.74 -12.79 -0.67 4.28 3.75 -3.43 -11.78 -20.2 -29.14
-30.68 -32.93 -27.23 -21.06 -7.81 1.57 4.62 2.5 -1.63 -9.95 -22.43 -26.54
-28.38 -34.5 -28.27 -21.16 -10.15 -0.39 5.48 4.1 -0.69 -9.95 -20.83 -28.83
-29.6 -33.85 -31.97 -20.96 -8.47 3.27 6.33 4 -1.15 -10.67 -19.93 -32.85
-26.22 -31.2 -28.29 -14.66 -5.99 2.01 5.5 2.44 -2.47 -13.11 -22.83 -33.04
-30.1 -32.97 -28.93 -22.04 -9.99 0.27 4.34 3.89 -2.61 -17.51 -24.9 -23.2
-24.95 -31.13 -30.23 -20 -7.83 1.1 6.38 1.7 -2.69 -13.45 -27.97 -28.13
-23.68 -30.02 -30.49 -17.85 -7.59 2.27 5.88 2.76 -2.22 -12.05 -22.77 -33.73
-31.82 -29.46 -25.33 -21.14 -11.58 2.33 5.28 3.82 -2.6 -14.75 -26.03 -25.94
-22.44 -27.74 -32.83 -21.27 -6.07 1.51 5.52 3.78 -0.99 -11.27 -19.31 -31.34
-30.41 -29.01 -21.71 -22.64 -8.93 1.29 6.44 3.48 -1.47 -11.27 -24.03 -24.49
-34.51 -35.87 -26.07 -20.68 -10.05 -0.41 3.65 2.62 -4.18 -15.79 -25.87 -28.95
-34.29 -32.97 -25.37 -19.62 -11.48 0.39 5.24 2.7 -3.95 -13.49 -25.21 -29.56
-35.58 -31.36 -26.77 -20.94 -9.37 -0.31 5.06 2.52 -4.17 -12.89 -25.94 -24.74
-34.22 -28.36 -29.57 -22.6 -9.31 1.09 4.96 3.12 -1.65 -12.07 -21 -24.48
-30.59 -31.3 -24.32 -21.2 -11.23 0.8 5.34 3.22 -1.58 -12.99 -22.93 -28.11
-33.61 -32.04 -32.34 -16.93 -10.05 2.24 5.61 3.69 -3.75 -12.79 -23.48 -32.15
-27.33 -27.63 -28.25 -22.82 -11.88 1.09 5.74 4.26 -0.72 -9.77 -18.83 -20.01
-27.44 -24.24 -29.07 -17.67 -11.46 1.01 5.46 2.62 -3.55 -13.72 -23.68 -28.93
-38.45 -30.64 -30.51 -19.92 -8.58 2.21 4.94 2.64 -0.64 -11.48 -22.19 -30.23
-27.67 -32.02 -28.22 -16.07 -5.26 2.49 5.34 3.92 -2.73 -11.77 -18.2 -28.38
-30.59 -28.45 -29.3 -21.5 -9.98 1.79 5.52 4.62 -1.25 -9.77 -22.66 -29.4
-24.7 -28.83 -30.27 -19.75 -11.08 0.61 4.04 1.92 -2.12 -14.07 -25.19 -30.94
-28.96 -32.56 -26.47 -19.3 -5.35 3.09 5.34 2.92 -2.05 -11.64 -19.85 -29.83
-31.9 -32.48 -29.35 -25.16 -7.87 1.49 5.24 4.46 -1.01 -10.56 -21.07 -27.89
-30.92 -33.08 -33.09 -15.52 -8.51 0.57 5.34 3.04 -1.69 -14.49 -22.04 -29.63
-28.78 -36.38 -29.74 -26.16 -9.95 1.43 5.02 3.86 -1.39 -15.61 -26.12 -32.86
-26.62 -33.52 -35.47 -21.22 -8.89 1.85 6.5 6.08 0.01 -12.88 -25.05 -26.89
-22.64 -33.94 -27.17 -20.4 -7.99 0.55 5.68 4.28 -1.83 -11.83 -20.43 -31.55
-22.91 -26.43 -27.7 -22.56 -8.77 1.61 5.26 2.86 -2.89 -12.96 -25.75 -31.42
-28.17 -29.28 -27.66 -22.78 -8.62 1.63 5.06 3.6 -1.37 -14.09 -28.49 -27.83
-28.85 -30.18 -26.49 -18.28 -6.21 2.55 4.91 3.14 -2.63 -11.76 -23.31 -29.89
-27.34 -24 -26.55 -22.16 -11.92 -0.03 4.52 3.67 -2.09 -12.5 -25.47 -26.59
-29.75 -31.76 -27.63 -20.98 -8.13 0.52 5.92 3.32 -2.76 -16.26 -27.75 -20.61
-28.46 -38.28 -28.8 -23.37 -8.84 2.55 5.3 2.9 -0.9 -9.51 -20.31 -29.86
-26.94 -28.45 -33.96 -26.01 -10.45 0.17 6.52 3.38 -3.31 -15.93 -18.14 -24.86
-32.68 -26.8 -29.93 -19.49 -7.4 2.23 4.94 2.06 -3.71 -14.33 -19.13 -26.15
-29.08 -35.73 -27.3 -22.67 -7.91 0.73 5.54 4.38 -4.07 -12.3 -26.25 -34.39
-25.32 -30.6 -31.61 -19.98 -8.93 1.25 6.32 2.44 -1.97 -12.07 -26.45 -29.41
-36.52 -21.45 -25.55 -20.1 -8.63 2.3 5.2 3.84 -0.25 -11.07 -25.26 -27.13
-31.74 -38.24 -26.93 -15.94 -5.36 2.65 5.86 5.16 -2 -12.83 -22.23 -29.92
-30.48 -35.76 -34.14 -23.26 -9.35 0.19 4.7 2.56 -2.85 -12.93 -21.43 -31.02
-32.12 -26.73 -30.05 -19.22 -8.95 0.59 3.26 3.14 -2.41 -12.82 -22.93 -32.22
-33.15 -29.22 -28.91 -16.51 -8.16 1.56 3.82 3.02 -3.37 -15.96 -26.33 -30.64
-28.86 -31.08 -25.75 -22.84 -11.51 -0.91 3.88 2.22 -2.95 -12.95 -24.93 -26.35
-19.58 -27 -30.21 -22.9 -12.95 -0.83 4.12 3.59 -3.59 -11.94 -20.36 -29.3
-30.84 -33.09 -27.39 -21.22 -7.97 1.41 4.46 2.34 -1.79 -10.11 -22.59 -26.7
-28.54 -34.66 -28.43 -21.32 -10.31 -0.55 5.32 3.94 -0.85 -10.11 -20.99 -28.99
-29.76 -34.01 -32.13 -21.12 -8.63 3.11 6.17 3.84 -1.31 -10.83 -20.09 -33.01
-26.38 -31.36 -28.45 -14.82 -6.15 1.85 5.34 2.28 -2.63 -13.27 -22.99 -33.2
-30.26 -33.13 -29.09 -22.2 -10.15 0.11 4.18 3.73 -2.77 -17.67 -25.06 -23.36
-25.11 -31.29 -30.39 -20.16 -7.99 0.94 6.22 1.54 -2.85 -13.61 -28.13 -28.29
-23.84 -30.18 -30.65 -18.01 -7.75 2.11 5.72 2.6 -2.38 -12.21 -22.93 -33.89
-31.98 -29.62 -25.49 -21.3 -11.74 2.17 5.12 3.66 -2.76 -14.91 -26.19 -26.1
-22.6 -27.9 -32.99 -21.43 -6.23 1.35 5.36 3.62 -1.15 -11.43 -19.47 -31.5
-30.57 -29.17 -21.87 -22.8 -9.09 1.13 6.28 3.32 -1.63 -11.43 -24.19 -24.65
-27.35 -32.84 -34.42 -22.09 -5.5 1.34 5.72 2.13 -2.84 -12.64 -22.44 -31.57
-25.07 -24.39 -24.26 -17.93 -8.64 1.32 5.61 3.79 -4.56 -14.48 -22 -26.72
-23.61 -28.71 -30.66 -19.73 -9.6 0.32 5.17 1.39 -2.98 -15.77 -22.68 -26.12
-36.57 -35.97 -31.56 -22.59 -9.33 3.63 5.43 3.69 -2.96 -12.91 -23.24 -27.23
-30.3 -35.37 -28.49 -21.01 -10.84 -0.09 3.17 2.03 -5.13 -17.15 -20 -32.67
-28.47 -31.97 -30.03 -24.22 -9.72 2.22 5.07 2.91 -2.18 -15.5 -18.58 -27.6
-29.38 -31.95 -22.08 -20.38 -4.38 2.81 5.91 2.31 -1.62 -11.14 -25.64 -25.47
-24.54 -32.71 -26.72 -24.03 -8.22 1.68 6.01 5.38 -1.88 -13.68 -22.85 -31.74
-21.25 -33.45 -31.54 -20.37 -6.14 1.74 6.07 3.47 -0.4 -13.85 -30.34 -28.76
-29.35 -29.11 -29.36 -22.37 -6.5 3.35 3.67 2.63 -0.71 -14.69 -22.48 -26.52
-27.66 -34.01 -29.81 -21.67 -10.05 1.14 5.91 3.59 -1.6 -13.7 -22.7 -28.76
-29.27 -27.03 -30.24 -21.43 -8.08 -0.22 6.46 4.43 -0.94 -13.29 -26.08 -25.74
-32.31 -30.31 -33.11 -20.75 -11.06 1.48 5.39 2.55 -2.44 -13.46 -20.22 -29.48
-30.37 -33.78 -27.2 -22.51 -9.2 2 6.88 5.76 -0.16 -9 -22.99 -35.09
-33.37 -28.25 -27.83 -22.23 -9.72 0.22 4.91 4.65 -3.09 -14.65 -23.53 -33.35
-27.25 -32.74 -34.32 -21.99 -5.4 1.44 5.82 2.23 -2.74 -12.54 -22.34 -31.47
-24.97 -24.29 -24.16 -17.83 -8.54 1.42 5.71 3.89 -4.46 -14.38 -21.9 -26.62
-23.51 -28.61 -30.56 -19.63 -9.5 0.42 5.27 1.49 -2.88 -15.67 -22.58 -26.02
-36.47 -35.87 -31.46 -22.49 -9.23 3.73 5.53 3.79 -2.86 -12.81 -23.14 -27.13
-30.2 -35.27 -28.39 -20.91 -10.74 0.01 3.27 2.13 -5.03 -17.05 -19.9 -32.57
-28.37 -31.87 -29.93 -24.12 -9.62 2.32 5.17 3.01 -2.08 -15.4 -18.48 -27.5
-29.28 -31.85 -21.98 -20.28 -4.28 2.91 6.01 2.41 -1.52 -11.04 -25.54 -25.37
-24.44 -32.61 -26.62 -23.93 -8.12 1.78 6.11 5.48 -1.78 -13.58 -22.75 -31.64
-21.15 -33.35 -31.44 -20.27 -6.04 1.84 6.17 3.57 -0.3 -13.75 -30.24 -28.66
-29.25 -29.01 -29.26 -22.27 -6.4 3.45 3.77 2.73 -0.61 -14.59 -22.38 -26.42
-27.56 -33.91 -29.71 -21.57 -9.95 1.24 6.01 3.69 -1.5 -13.6 -22.6 -28.66
-29.17 -26.93 -30.14 -21.33 -7.98 -0.12 6.56 4.53 -0.84 -13.19 -25.98 -25.64
-32.21 -30.21 -33.01 -20.65 -10.96 1.58 5.49 2.65 -2.34 -13.36 -20.12 -29.38
-30.27 -33.68 -27.1 -22.41 -9.1 2.1 6.98 5.86 -0.06 -8.9 -22.89 -34.99
-33.27 -28.15 -27.73 -22.13 -9.62 0.32 5.01 4.75 -2.99 -14.55 -23.43 -33.25
-30.56 -35.84 -34.22 -23.34 -9.43 0.11 4.62 2.48 -2.93 -13.01 -21.51 -31.1
-32.2 -26.81 -30.13 -19.3 -9.03 0.51 3.18 3.06 -2.49 -12.9 -23.01 -32.3
-33.23 -29.3 -28.99 -16.59 -8.24 1.48 3.74 2.94 -3.45 -16.04 -26.41 -30.72
-28.94 -31.16 -25.83 -22.92 -11.59 -0.99 3.8 2.14 -3.03 -13.03 -25.01 -26.43
-19.66 -27.08 -30.29 -22.98 -13.03 -0.91 4.04 3.51 -3.67 -12.02 -20.44 -29.38
-30.92 -33.17 -27.47 -21.3 -8.05 1.33 4.38 2.26 -1.87 -10.19 -22.67 -26.78
-28.62 -34.74 -28.51 -21.4 -10.39 -0.63 5.24 3.86 -0.93 -10.19 -21.07 -29.07
-29.84 -34.09 -32.21 -21.2 -8.71 3.03 6.09 3.76 -1.39 -10.91 -20.17 -33.09
-26.46 -31.44 -28.53 -14.9 -6.23 1.77 5.26 2.2 -2.71 -13.35 -23.07 -33.28
-30.34 -33.21 -29.17 -22.28 -10.23 0.03 4.1 3.65 -2.85 -17.75 -25.14 -23.44
-25.19 -31.37 -30.47 -20.24 -8.07 0.86 6.14 1.46 -2.93 -13.69 -28.21 -28.37
-23.92 -30.26 -30.73 -18.09 -7.83 2.03 5.64 2.52 -2.46 -12.29 -23.01 -33.97
-32.06 -29.7 -25.57 -21.38 -11.82 2.09 5.04 3.58 -2.84 -14.99 -26.27 -26.18
-22.68 -27.98 -33.07 -21.51 -6.31 1.27 5.28 3.54 -1.23 -11.51 -19.55 -31.58
-30.65 -29.25 -21.95 -22.88 -9.17 1.05 6.2 3.24 -1.71 -11.51 -24.27 -24.73
-28.89 -36.49 -29.85 -26.27 -10.06 1.32 4.91 3.75 -1.5 -15.72 -26.23 -32.97
-26.73 -33.63 -35.58 -21.33 -9 1.74 6.39 5.97 -0.1 -12.99 -25.16 -27
-22.75 -34.05 -27.28 -20.51 -8.1 0.44 5.57 4.17 -1.94 -11.94 -20.54 -31.66
-23.02 -26.54 -27.81 -22.67 -8.88 1.5 5.15 2.75 -3 -13.07 -25.86 -31.53
-28.28 -29.39 -27.77 -22.89 -8.73 1.52 4.95 3.49 -1.48 -14.2 -28.6 -27.94
-28.96 -30.29 -26.6 -18.39 -6.32 2.44 4.8 3.03 -2.74 -11.87 -23.42 -30
-27.45 -24.11 -26.66 -22.27 -12.03 -0.14 4.41 3.56 -2.2 -12.61 -25.58 -26.7
-29.86 -31.87 -27.74 -21.09 -8.24 0.41 5.81 3.21 -2.87 -16.37 -27.86 -20.72
-28.57 -38.39 -28.91 -23.48 -8.95 2.44 5.19 2.79 -1.01 -9.62 -20.42 -29.97
-27.05 -28.56 -34.07 -26.12 -10.56 0.06 6.41 3.27 -3.42 -16.04 -18.25 -24.97
-32.79 -26.91 -30.04 -19.6 -7.51 2.12 4.83 1.95 -3.82 -14.44 -19.24 -26.26
-29.19 -35.84 -27.41 -22.78 -8.02 0.62 5.43 4.27 -4.18 -12.41 -26.36 -34.5
-25.43 -30.71 -31.72 -20.09 -9.04 1.14 6.21 2.33 -2.08 -12.18 -26.56 -29.52
-36.63 -21.56 -25.66 -20.21 -8.74 2.19 5.09 3.73 -0.36 -11.18 -25.37 -27.24
-31.85 -38.35 -27.04 -16.05 -5.47 2.54 5.75 5.05 -2.11 -12.94 -22.34 -30.03
-37.08 -32.32 -33.56 -16.49 -8.58 2.43 6.18 3.56 -1.21 -10.78 -19.62 -22.64
-32.77 -38.16 -30.6 -21.16 -8.61 1.25 7.18 3.16 -3.28 -15.63 -21.72 -29.61
-38.66 -35.05 -27.13 -21.16 -10.08 -0.07 5.68 3.76 -0.61 -9.08 -19.02 -29.99
-34.89 -21.32 -21.49 -22.16 -8.71 -0.45 6.38 2.79 -2.31 -13.03 -21.52 -27.91
-27.24 -30.62 -25.36 -19.46 -12.96 0.25 4.3 3.39 -1.81 -12.15 -27.06 -31.49
-34.79 -33.81 -26.36 -18.76 -12.8 0.11 2.93 4.36 0.09 -10.75 -22.53 -21.92
-27.35 -34.59 -29.03 -22.88 -7.61 1.13 5.11 3.25 -2.51 -12.13 -26.56 -34
-33.89 -26.25 -28.83 -27.61 -9.23 2.01 6.68 3.37 -2.19 -10.68 -25.65 -25.66
-25.01 -28.6 -33.7 -18.16 -10.29 -0.25 5.78 4.86 -0.91 -10.75 -19.4 -31.29
-38.78 -28.92 -32.01 -23.12 -10.68 -0.55 5.72 3.86 0.7 -12.15 -23.71 -27.59
-28.94 -32.54 -32.8 -20.98 -10.59 2.49 6.08 4.26 -0.92 -11.7 -22.33 -28.69
-26.86 -29.66 -27.08 -19.53 -6.96 2.33 6.58 4.28 -1.31 -12.55 -22.23 -33.03
-34.63 -28.99 -21.89 -19.5 -7.51 1.98 6.28 4.16 -1.61 -12.35 -22.53 -28.21
-28 -29.45 -28.13 -20.3 -7.61 2.53 6.38 4.56 -1.86 -11.9 -22.69 -25.95
-34.15 -34.09 -29.29 -21.48 -7.21 2.11 5.68 4.76 -1.68 -11.95 -24.19 -31.89
-34.51 -35.87 -26.07 -20.68 -10.05 -0.41 3.65 2.62 -4.18 -15.79 -25.87 -28.95
-34.29 -32.97 -25.37 -19.62 -11.48 0.39 5.24 2.7 -3.95 -13.49 -25.21 -29.56
-35.58 -31.36 -26.77 -20.94 -9.37 -0.31 5.06 2.52 -4.17 -12.89 -25.94 -24.74
-34.22 -28.36 -29.57 -22.6 -9.31 1.09 4.96 3.12 -1.65 -12.07 -21 -24.48
-30.59 -31.3 -24.32 -21.2 -11.23 0.8 5.34 3.22 -1.58 -12.99 -22.93 -28.11
-33.61 -32.04 -32.34 -16.93 -10.05 2.24 5.61 3.69 -3.75 -12.79 -23.48 -32.15
-27.33 -27.63 -28.25 -22.82 -11.88 1.09 5.74 4.26 -0.72 -9.77 -18.83 -20.01
-27.44 -24.24 -29.07 -17.67 -11.46 1.01 5.46 2.62 -3.55 -13.72 -23.68 -28.93
-38.45 -30.64 -30.51 -19.92 -8.58 2.21 4.94 2.64 -0.64 -11.48 -22.19 -30.23
-27.67 -32.02 -28.22 -16.07 -5.26 2.49 5.34 3.92 -2.73 -11.77 -18.2 -28.38
-30.59 -28.45 -29.3 -21.5 -9.98 1.79 5.52 4.62 -1.25 -9.77 -22.66 -29.4
-24.7 -28.83 -30.27 -19.75 -11.08 0.61 4.04 1.92 -2.12 -14.07 -25.19 -30.94
-28.96 -32.56 -26.47 -19.3 -5.35 3.09 5.34 2.92 -2.05 -11.64 -19.85 -29.83
-31.9 -32.48 -29.35 -25.16 -7.87 1.49 5.24 4.46 -1.01 -10.56 -21.07 -27.89
-30.92 -33.08 -33.09 -15.52 -8.51 0.57 5.34 3.04 -1.69 -14.49 -22.04 -29.63
-29.05 -36.65 -30.01 -26.43 -10.22 1.16 4.75 3.59 -1.66 -15.88 -26.39 -33.13
-26.89 -33.79 -35.74 -21.49 -9.16 1.58 6.23 5.81 -0.26 -13.15 -25.32 -27.16
-22.91 -34.21 -27.44 -20.67 -8.26 0.28 5.41 4.01 -2.1 -12.1 -20.7 -31.82
-23.18 -26.7 -27.97 -22.83 -9.04 1.34 4.99 2.59 -3.16 -13.23 -26.02 -31.69
-28.44 -29.55 -27.93 -23.05 -8.89 1.36 4.79 3.33 -1.64 -14.36 -28.76 -28.1
-29.12 -30.45 -26.76 -18.55 -6.48 2.28 4.64 2.87 -2.9 -12.03 -23.58 -30.16
-27.61 -24.27 -26.82 -22.43 -12.19 -0.3 4.25 3.4 -2.36 -12.77 -25.74 -26.86
-30.02 -32.03 -27.9 -21.25 -8.4 0.25 5.65 3.05 -3.03 -16.53 -28.02 -20.88
-28.73 -38.55 -29.07 -23.64 -9.11 2.28 5.03 2.63 -1.17 -9.78 -20.58 -30.13
-27.21 -28.72 -34.23 -26.28 -10.72 -0.1 6.25 3.11 -3.58 -16.2 -18.41 -25.13
-32.95 -27.07 -30.2 -19.76 -7.67 1.96 4.67 1.79 -3.98 -14.6 -19.4 -26.42
-29.35 -36 -27.57 -22.94 -8.18 0.46 5.27 4.11 -4.34 -12.57 -26.52 -34.66
-25.59 -30.87 -31.88 -20.25 -9.2 0.98 6.05 2.17 -2.24 -12.34 -26.72 -29.68
-36.79 -21.72 -25.82 -20.37 -8.9 2.03 4.93 3.57 -0.52 -11.34 -25.53 -27.4
-32.01 -38.51 -27.2 -16.21 -5.63 2.38 5.59 4.89 -2.27 -13.1 -22.5 -30.19
-28.88 -36.48 -29.84 -26.26 -10.05 1.33 4.92 3.76 -1.49 -15.71 -26.22 -32.96
-26.72 -33.62 -35.57 -21.32 -8.99 1.75 6.4 5.98 -0.09 -12.98 -25.15 -26.99
-22.74 -34.04 -27.27 -20.5 -8.09 0.45 5.58 4.18 -1.93 -11.93 -20.53 -31.65
-23.01 -26.53 -27.8 -22.66 -8.87 1.51 5.16 2.76 -2.99 -13.06 -25.85 -31.52
-28.27 -29.38 -27.76 -22.88 -8.72 1.53 4.96 3.5 -1.47 -14.19 -28.59 -27.93
-28.95 -30.28 -26.59 -18.38 -6.31 2.45 4.81 3.04 -2.73 -11.86 -23.41 -29.99
-27.44 -24.1 -26.65 -22.26 -12.02 -0.13 4.42 3.57 -2.19 -12.6 -25.57 -26.69
-29.85 -31.86 -27.73 -21.08 -8.23 0.42 5.82 3.22 -2.86 -16.36 -27.85 -20.71
-28.56 -38.38 -28.9 -23.47 -8.94 2.45 5.2 2.8 -1 -9.61 -20.41 -29.96
-27.04 -28.55 -34.06 -26.11 -10.55 0.07 6.42 3.28 -3.41 -16.03 -18.24 -24.96
-32.78 -26.9 -30.03 -19.59 -7.5 2.13 4.84 1.96 -3.81 -14.43 -19.23 -26.25
-29.18 -35.83 -27.4 -22.77 -8.01 0.63 5.44 4.28 -4.17 -12.4 -26.35 -34.49
-25.42 -30.7 -31.71 -20.08 -9.03 1.15 6.22 2.34 -2.07 -12.17 -26.55 -29.51
-36.62 -21.55 -25.65 -20.2 -8.73 2.2 5.1 3.74 -0.35 -11.17 -25.36 -27.23
-31.84 -38.34 -27.03 -16.04 -5.46 2.55 5.76 5.06 -2.1 -12.93 -22.33 -30.02
-27.43 -32.92 -34.5 -22.17 -5.58 1.26 5.64 2.05 -2.92 -12.72 -22.52 -31.65
-25.15 -24.47 -24.34 -18.01 -8.72 1.24 5.53 3.71 -4.64 -14.56 -22.08 -26.8
-23.69 -28.79 -30.74 -19.81 -9.68 0.24 5.09 1.31 -3.06 -15.85 -22.76 -26.2
-36.65 -36.05 -31.64 -22.67 -9.41 3.55 5.35 3.61 -3.04 -12.99 -23.32 -27.31
-30.38 -35.45 -28.57 -21.09 -10.92 -0.17 3.09 1.95 -5.21 -17.23 -20.08 -32.75
-28.55 -32.05 -30.11 -24.3 -9.8 2.14 4.99 2.83 -2.26 -15.58 -18.66 -27.68
-29.46 -32.03 -22.16 -20.46 -4.46 2.73 5.83 2.23 -1.7 -11.22 -25.72 -25.55
-24.62 -32.79 -26.8 -24.11 -8.3 1.6 5.93 5.3 -1.96 -13.76 -22.93 -31.82
-21.33 -33.53 -31.62 -20.45 -6.22 1.66 5.99 3.39 -0.48 -13.93 -30.42 -28.84
-29.43 -29.19 -29.44 -22.45 -6.58 3.27 3.59 2.55 -0.79 -14.77 -22.56 -26.6
-27.74 -34.09 -29.89 -21.75 -10.13 1.06 5.83 3.51 -1.68 -13.78 -22.78 -28.84
-29.35 -27.11 -30.32 -21.51 -8.16 -0.3 6.38 4.35 -1.02 -13.37 -26.16 -25.82
-32.39 -30.39 -33.19 -20.83 -11.14 1.4 5.31 2.47 -2.52 -13.54 -20.3 -29.56
-30.45 -33.86 -27.28 -22.59 -9.28 1.92 6.8 5.68 -0.24 -9.08 -23.07 -35.17
-33.45 -28.33 -27.91 -22.31 -9.8 0.14 4.83 4.57 -3.17 -14.73 -23.61 -33.43
-37.24 -32.48 -33.72 -16.65 -8.74 2.27 6.02 3.4 -1.37 -10.94 -19.78 -22.8
-32.93 -38.32 -30.76 -21.32 -8.77 1.09 7.02 3 -3.44 -15.79 -21.88 -29.77
-38.82 -35.21 -27.29 -21.32 -10.24 -0.23 5.52 3.6 -0.77 -9.24 -19.18 -30.15
-35.05 -21.48 -21.65 -22.32 -8.87 -0.61 6.22 2.63 -2.47 -13.19 -21.68 -28.07
-27.4 -30.78 -25.52 -19.62 -13.12 0.09 4.14 3.23 -1.97 -12.31 -27.22 -31.65
-34.95 -33.97 -26.52 -18.92 -12.96 -0.05 2.77 4.2 -0.07 -10.91 -22.69 -22.08
-27.51 -34.75 -29.19 -23.04 -7.77 0.97 4.95 3.09 -2.67 -12.29 -26.72 -34.16
-34.05 -26.41 -28.99 -27.77 -9.39 1.85 6.52 3.21 -2.35 -10.84 -25.81 -25.82
-25.17 -28.76 -33.86 -18.32 -10.45 -0.41 5.62 4.7 -1.07 -10.91 -19.56 -31.45
-38.94 -29.08 -32.17 -23.28 -10.84 -0.71 5.56 3.7 0.54 -12.31 -23.87 -27.75
-29.1 -32.7 -32.96 -21.14 -10.75 2.33 5.92 4.1 -1.08 -11.86 -22.49 -28.85
-27.02 -29.82 -27.24 -19.69 -7.12 2.17 6.42 4.12 -1.47 -12.71 -22.39 -33.19
-34.79 -29.15 -22.05 -19.66 -7.67 1.82 6.12 4 -1.77 -12.51 -22.69 -28.37
-28.16 -29.61 -28.29 -20.46 -7.77 2.37 6.22 4.4 -2.02 -12.06 -22.85 -26.11
-34.31 -34.25 -29.45 -21.64 -7.37 1.95 5.52 4.6 -1.84 -12.11 -24.35 -32.05
-28.82 -36.42 -29.78 -26.2 -9.99 1.39 4.98 3.82 -1.43 -15.65 -26.16 -32.9
-26.66 -33.56 -35.51 -21.26 -8.93 1.81 6.46 6.04 -0.03 -12.92 -25.09 -26.93
-22.68 -33.98 -27.21 -20.44 -8.03 0.51 5.64 4.24 -1.87 -11.87 -20.47 -31.59
-22.95 -26.47 -27.74 -22.6 -8.81 1.57 5.22 2.82 -2.93 -13 -25.79 -31.46
-28.21 -29.32 -27.7 -22.82 -8.66 1.59 5.02 3.56 -1.41 -14.13 -28.53 -27.87
-28.89 -30.22 -26.53 -18.32 -6.25 2.51 4.87 3.1 -2.67 -11.8 -23.35 -29.93
-27.38 -24.04 -26.59 -22.2 -11.96 -0.07 4.48 3.63 -2.13 -12.54 -25.51 -26.63
-29.79 -31.8 -27.67 -21.02 -8.17 0.48 5.88 3.28 -2.8 -16.3 -27.79 -20.65
-28.5 -38.32 -28.84 -23.41 -8.88 2.51 5.26 2.86 -0.94 -9.55 -20.35 -29.9
-26.98 -28.49 -34 -26.05 -10.49 0.13 6.48 3.34 -3.35 -15.97 -18.18 -24.9
-32.72 -26.84 -29.97 -19.53 -7.44 2.19 4.9 2.02 -3.75 -14.37 -19.17 -26.19
-29.12 -35.77 -27.34 -22.71 -7.95 0.69 5.5 4.34 -4.11 -12.34 -26.29 -34.43
-25.36 -30.64 -31.65 -20.02 -8.97 1.21 6.28 2.4 -2.01 -12.11 -26.49 -29.45
-36.56 -21.49 -25.59 -20.14 -8.67 2.26 5.16 3.8 -0.29 -11.11 -25.3 -27.17
-31.78 -38.28 -26.97 -15.98 -5.4 2.61 5.82 5.12 -2.04 -12.87 -22.27 -29.96
-26.99 -29.35 -31.92 -24.17 -13.2 -0.21 5.56 3.24 -2.33 -12.29 -28.46 -37.15
-37.36 -22.3 -24.48 -18.57 -5.92 1.21 4.38 2.92 -2.9 -12.97 -25.06 -28.79
-36.32 -28.82 -26.23 -22.68 -8.79 0.85 5.14 4.84 -2.75 -13.47 -28.28 -33.21
-38.22 -35.54 -25.4 -24.96 -9.63 0.11 5.56 2.67 -2.29 -13.07 -22.83 -28.33
-35.32 -34.97 -32.52 -22.33 -8.78 1.91 5.31 3.75 -2.09 -13.17 -23.51 -29.09
-28.81 -31.3 -28.09 -21.18 -8.13 1.81 5.7 4.3 -2.09 -13.15 -22.18 -28.43
-27.67 -28.78 -28.75 -20.5 -10.67 1.35 5.11 3.49 -1.83 -12.7 -23.86 -27.68
-29.01 -29.69 -28.18 -20.82 -8.03 2.01 5.86 4.5 -1.56 -12.39 -23.43 -31.17
-31.4 -30.73 -28.59 -25.32 -8.31 1.33 5.41 3.68 -1.82 -13.43 -22.44 -27.78
-29.5 -31.32 -28.18 -20.53 -7.93 2.27 5.86 4.06 -1.53 -12.1 -22.74 -28.63
-27.77 -31.3 -24.71 -18.23 -9.53 2.81 5.96 4.64 1.34 -10.59 -19.52 -31.66
-29.48 -31.24 -32.25 -22.18 -9.63 2.91 6.86 5.54 -1.63 -13.57 -17.81 -23.72
-29.56 -29.14 -30.33 -19.38 -9.13 1.61 5.56 3.34 -2.33 -12.87 -26.73 -30.33
-25.27 -26.24 -31.65 -20.98 -8.64 1.17 4.56 2.96 -2.05 -15.57 -25.86 -28.17
-18.74 -34.24 -32.24 -19.98 -9.92 1.81 5.38 3.74 -2.62 -11.35 -24.82 -30.85
-28.74 -36.34 -29.7 -26.12 -9.91 1.47 5.06 3.9 -1.35 -15.57 -26.08 -32.82
-26.58 -33.48 -35.43 -21.18 -8.85 1.89 6.54 6.12 0.05 -12.84 -25.01 -26.85
-22.6 -33.9 -27.13 -20.36 -7.95 0.59 5.72 4.32 -1.79 -11.79 -20.39 -31.51
-22.87 -26.39 -27.66 -22.52 -8.73 1.65 5.3 2.9 -2.85 -12.92 -25.71 -31.38
-28.13 -29.24 -27.62 -22.74 -8.58 1.67 5.1 3.64 -1.33 -14.05 -28.45 -27.79
-28.81 -30.14 -26.45 -18.24 -6.17 2.59 4.95 3.18 -2.59 -11.72 -23.27 -29.85
-27.3 -23.96 -26.51 -22.12 -11.88 0.01 4.56 3.71 -2.05 -12.46 -25.43 -26.55
-29.71 -31.72 -27.59 -20.94 -8.09 0.56 5.96 3.36 -2.72 -16.22 -27.71 -20.57
-28.42 -38.24 -28.76 -23.33 -8.8 2.59 5.34 2.94 -0.86 -9.47 -20.27 -29.82
-26.9 -28.41 -33.92 -25.97 -10.41 0.21 6.56 3.42 -3.27 -15.89 -18.1 -24.82
-32.64 -26.76 -29.89 -19.45 -7.36 2.27 4.98 2.1 -3.67 -14.29 -19.09 -26.11
-29.04 -35.69 -27.26 -22.63 -7.87 0.77 5.58 4.42 -4.03 -12.26 -26.21 -34.35
-25.28 -30.56 -31.57 -19.94 -8.89 1.29 6.36 2.48 -1.93 -12.03 -26.41 -29.37
-36.48 -21.41 -25.51 -20.06 -8.59 2.34 5.24 3.88 -0.21 -11.03 -25.22 -27.09
-31.7 -38.2 -26.89 -15.9 -5.32 2.69 5.9 5.2 -1.96 -12.79 -22.19 -29.88
-34.58 -35.94 -26.14 -20.75 -10.12 -0.48 3.58 2.55 -4.25 -15.86 -25.94 -29.02
-34.36 -33.04 -25.44 -19.69 -11.55 0.32 5.17 2.63 -4.02 -13.56 -25.28 -29.63
-35.65 -31.43 -26.84 -21.01 -9.44 -0.38 4.99 2.45 -4.24 -12.96 -26.01 -24.81
-34.29 -28.43 -29.64 -22.67 -9.38 1.02 4.89 3.05 -1.72 -12.14 -21.07 -24.55
-30.66 -31.37 -24.39 -21.27 -11.3 0.73 5.27 3.15 -1.65 -13.06 -23 -28.18
-33.68 -32.11 -32.41 -17 -10.12 2.17 5.54 3.62 -3.82 -12.86 -23.55 -32.22
-27.4 -27.7 -28.32 -22.89 -11.95 1.02 5.67 4.19 -0.79 -9.84 -18.9 -20.08
-27.51 -24.31 -29.14 -17.74 -11.53 0.94 5.39 2.55 -3.62 -13.79 -23.75 -29
-38.52 -30.71 -30.58 -19.99 -8.65 2.14 4.87 2.57 -0.71 -11.55 -22.26 -30.3
-27.74 -32.09 -28.29 -16.14 -5.33 2.42 5.27 3.85 -2.8 -11.84 -18.27 -28.45
-30.66 -28.52 -29.37 -21.57 -10.05 1.72 5.45 4.55 -1.32 -9.84 -22.73 -29.47
-24.77 -28.9 -30.34 -19.82 -11.15 0.54 3.97 1.85 -2.19 -14.14 -25.26 -31.01
-29.03 -32.63 -26.54 -19.37 -5.42 3.02 5.27 2.85 -2.12 -11.71 -19.92 -29.9
-31.97 -32.55 -29.42 -25.23 -7.94 1.42 5.17 4.39 -1.08 -10.63 -21.14 -27.96
-30.99 -33.15 -33.16 -15.59 -8.58 0.5 5.27 2.97 -1.76 -14.56 -22.11 -29.7
-26.72 -29.08 -31.65 -23.9 -12.93 0.06 5.83 3.51 -2.06 -12.02 -28.19 -36.88
-37.09 -22.03 -24.21 -18.3 -5.65 1.48 4.65 3.19 -2.63 -12.7 -24.79 -28.52
-36.05 -28.55 -25.96 -22.41 -8.52 1.12 5.41 5.11 -2.48 -13.2 -28.01 -32.94
-37.95 -35.27 -25.13 -24.69 -9.36 0.38 5.83 2.94 -2.02 -12.8 -22.56 -28.06
-35.05 -34.7 -32.25 -22.06 -8.51 2.18 5.58 4.02 -1.82 -12.9 -23.24 -28.82
-28.54 -31.03 -27.82 -20.91 -7.86 2.08 5.97 4.57 -1.82 -12.88 -21.91 -28.16
-27.4 -28.51 -28.48 -20.23 -10.4 1.62 5.38 3.76 -1.56 -12.43 -23.59 -27.41
-28.74 -29.42 -27.91 -20.55 -7.76 2.28 6.13 4.77 -1.29 -12.12 -23.16 -30.9
-31.13 -30.46 -28.32 -25.05 -8.04 1.6 5.68 3.95 -1.55 -13.16 -22.17 -27.51
-29.23 -31.05 -27.91 -20.26 -7.66 2.54 6.13 4.33 -1.26 -11.83 -22.47 -28.36
-27.5 -31.03 -24.44 -17.96 -9.26 3.08 6.23 4.91 1.61 -10.32 -19.25 -31.39
-29.21 -30.97 -31.98 -21.91 -9.36 3.18 7.13 5.81 -1.36 -13.3 -17.54 -23.45
-29.29 -28.87 -30.06 -19.11 -8.86 1.88 5.83 3.61 -2.06 -12.6 -26.46 -30.06
-25 -25.97 -31.38 -20.71 -8.37 1.44 4.83 3.23 -1.78 -15.3 -25.59 -27.9
-18.47 -33.97 -31.97 -19.71 -9.65 2.08 5.65 4.01 -2.35 -11.08 -24.55 -30.58
-30.34 -35.62 -34 -23.12 -9.21 0.33 4.84 2.7 -2.71 -12.79 -21.29 -30.88
-31.98 -26.59 -29.91 -19.08 -8.81 0.73 3.4 3.28 -2.27 -12.68 -22.79 -32.08
-33.01 -29.08 -28.77 -16.37 -8.02 1.7 3.96 3.16 -3.23 -15.82 -26.19 -30.5
-28.72 -30.94 -25.61 -22.7 -11.37 -0.77 4.02 2.36 -2.81 -12.81 -24.79 -26.21
-19.44 -26.86 -30.07 -22.76 -12.81 -0.69 4.26 3.73 -3.45 -11.8 -20.22 -29.16
-30.7 -32.95 -27.25 -21.08 -7.83 1.55 4.6 2.48 -1.65 -9.97 -22.45 -26.56
-28.4 -34.52 -28.29 -21.18 -10.17 -0.41 5.46 4.08 -0.71 -9.97 -20.85 -28.85
-29.62 -33.87 -31.99 -20.98 -8.49 3.25 6.31 3.98 -1.17 -10.69 -19.95 -32.87
-26.24 -31.22 -28.31 -14.68 -6.01 1.99 5.48 2.42 -2.49 -13.13 -22.85 -33.06
-30.12 -32.99 -28.95 -22.06 -10.01 0.25 4.32 3.87 -2.63 -17.53 -24.92 -23.22
-24.97 -31.15 -30.25 -20.02 -7.85 1.08 6.36 1.68 -2.71 -13.47 -27.99 -28.15
-23.7 -30.04 -30.51 -17.87 -7.61 2.25 5.86 2.74 -2.24 -12.07 -22.79 -33.75
-31.84 -29.48 -25.35 -21.16 -11.6 2.31 5.26 3.8 -2.62 -14.77 -26.05 -25.96
-22.46 -27.76 -32.85 -21.29 -6.09 1.49 5.5 3.76 -1.01 -11.29 -19.33 -31.36
-30.43 -29.03 -21.73 -22.66 -8.95 1.27 6.42 3.46 -1.49 -11.29 -24.05 -24.51
-34.43 -35.79 -25.99 -20.6 -9.97 -0.33 3.73 2.7 -4.1 -15.71 -25.79 -28.87
-34.21 -32.89 -25.29 -19.54 -11.4 0.47 5.32 2.78 -3.87 -13.41 -25.13 -29.48
-35.5 -31.28 -26.69 -20.86 -9.29 -0.23 5.14 2.6 -4.09 -12.81 -25.86 -24.66
-34.14 -28.28 -29.49 -22.52 -9.23 1.17 5.04 3.2 -1.57 -11.99 -20.92 -24.4
-30.51 -31.22 -24.24 -21.12 -11.15 0.88 5.42 3.3 -1.5 -12.91 -22.85 -28.03
-33.53 -31.96 -32.26 -16.85 -9.97 2.32 5.69 3.77 -3.67 -12.71 -23.4 -32.07
-27.25 -27.55 -28.17 -22.74 -11.8 1.17 5.82 4.34 -0.64 -9.69 -18.75 -19.93
-27.36 -24.16 -28.99 -17.59 -11.38 1.09 5.54 2.7 -3.47 -13.64 -23.6 -28.85
-38.37 -30.56 -30.43 -19.84 -8.5 2.29 5.02 2.72 -0.56 -11.4 -22.11 -30.15
-27.59 -31.94 -28.14 -15.99 -5.18 2.57 5.42 4 -2.65 -11.69 -18.12 -28.3
-30.51 -28.37 -29.22 -21.42 -9.9 1.87 5.6 4.7 -1.17 -9.69 -22.58 -29.32
-24.62 -28.75 -30.19 -19.67 -11 0.69 4.12 2 -2.04 -13.99 -25.11 -30.86
-28.88 -32.48 -26.39 -19.22 -5.27 3.17 5.42 3 -1.97 -11.56 -19.77 -29.75
-31.82 -32.4 -29.27 -25.08 -7.79 1.57 5.32 4.54 -0.93 -10.48 -20.99 -27.81
-30.84 -33 -33.01 -15.44 -8.43 0.65 5.42 3.12 -1.61 -14.41 -21.96 -29.55
-26.83 -29.19 -31.76 -24.01 -13.04 -0.05 5.72 3.4 -2.17 -12.13 -28.3 -36.99
-37.2 -22.14 -24.32 -18.41 -5.76 1.37 4.54 3.08 -2.74 -12.81 -24.9 -28.63
-36.16 -28.66 -26.07 -22.52 -8.63 1.01 5.3 5 -2.59 -13.31 -28.12 -33.05
-38.06 -35.38 -25.24 -24.8 -9.47 0.27 5.72 2.83 -2.13 -12.91 -22.67 -28.17
-35.16 -34.81 -32.36 -22.17 -8.62 2.07 5.47 3.91 -1.93 -13.01 -23.35 -28.93
-28.65 -31.14 -27.93 -21.02 -7.97 1.97 5.86 4.46 -1.93 -12.99 -22.02 -28.27
-27.51 -28.62 -28.59 -20.34 -10.51 1.51 5.27 3.65 -1.67 -12.54 -23.7 -27.52
-28.85 -29.53 -28.02 -20.66 -7.87 2.17 6.02 4.66 -1.4 -12.23 -23.27 -31.01
-31.24 -30.57 -28.43 -25.16 -8.15 1.49 5.57 3.84 -1.66 -13.27 -22.28 -27.62
-29.34 -31.16 -28.02 -20.37 -7.77 2.43 6.02 4.22 -1.37 -11.94 -22.58 -28.47
-27.61 -31.14 -24.55 -18.07 -9.37 2.97 6.12 4.8 1.5 -10.43 -19.36 -31.5
-29.32 -31.08 -32.09 -22.02 -9.47 3.07 7.02 5.7 -1.47 -13.41 -17.65 -23.56
-29.4 -28.98 -30.17 -19.22 -8.97 1.77 5.72 3.5 -2.17 -12.71 -26.57 -30.17
-25.11 -26.08 -31.49 -20.82 -8.48 1.33 4.72 3.12 -1.89 -15.41 -25.7 -28.01
-18.58 -34.08 -32.08 -19.82 -9.76 1.97 5.54 3.9 -2.46 -11.19 -24.66 -30.69
-34.58 -35.94 -26.14 -20.75 -10.12 -0.48 3.58 2.55 -4.25 -15.86 -25.94 -29.02
-34.36 -33.04 -25.44 -19.69 -11.55 0.32 5.17 2.63 -4.02 -13.56 -25.28 -29.63
-35.65 -31.43 -26.84 -21.01 -9.44 -0.38 4.99 2.45 -4.24 -12.96 -26.01 -24.81
-34.29 -28.43 -29.64 -22.67 -9.38 1.02 4.89 3.05 -1.72 -12.14 -21.07 -24.55
-30.66 -31.37 -24.39 -21.27 -11.3 0.73 5.27 3.15 -1.65 -13.06 -23 -28.18
-33.68 -32.11 -32.41 -17 -10.12 2.17 5.54 3.62 -3.82 -12.86 -23.55 -32.22
-27.4 -27.7 -28.32 -22.89 -11.95 1.02 5.67 4.19 -0.79 -9.84 -18.9 -20.08
-27.51 -24.31 -29.14 -17.74 -11.53 0.94 5.39 2.55 -3.62 -13.79 -23.75 -29
-38.52 -30.71 -30.58 -19.99 -8.65 2.14 4.87 2.57 -0.71 -11.55 -22.26 -30.3
-27.74 -32.09 -28.29 -16.14 -5.33 2.42 5.27 3.85 -2.8 -11.84 -18.27 -28.45
-30.66 -28.52 -29.37 -21.57 -10.05 1.72 5.45 4.55 -1.32 -9.84 -22.73 -29.47
-24.77 -28.9 -30.34 -19.82 -11.15 0.54 3.97 1.85 -2.19 -14.14 -25.26 -31.01
-29.03 -32.63 -26.54 -19.37 -5.42 3.02 5.27 2.85 -2.12 -11.71 -19.92 -29.9
-31.97 -32.55 -29.42 -25.23 -7.94 1.42 5.17 4.39 -1.08 -10.63 -21.14 -27.96
-30.99 -33.15 -33.16 -15.59 -8.58 0.5 5.27 2.97 -1.76 -14.56 -22.11 -29.7
-34.53 -35.89 -26.09 -20.7 -10.07 -0.43 3.63 2.6 -4.2 -15.81 -25.89 -28.97
-34.31 -32.99 -25.39 -19.64 -11.5 0.37 5.22 2.68 -3.97 -13.51 -25.23 -29.58
-35.6 -31.38 -26.79 -20.96 -9.39 -0.33 5.04 2.5 -4.19 -12.91 -25.96 -24.76
-34.24 -28.38 -29.59 -22.62 -9.33 1.07 4.94 3.1 -1.67 -12.09 -21.02 -24.5
-30.61 -31.32 -24.34 -21.22 -11.25 0.78 5.32 3.2 -1.6 -13.01 -22.95 -28.13
-33.63 -32.06 -32.36 -16.95 -10.07 2.22 5.59 3.67 -3.77 -12.81 -23.5 -32.17
-27.35 -27.65 -28.27 -22.84 -11.9 1.07 5.72 4.24 -0.74 -9.79 -18.85 -20.03
-27.46 -24.26 -29.09 -17.69 -11.48 0.99 5.44 2.6 -3.57 -13.74 -23.7 -28.95
-38.47 -30.66 -30.53 -19.94 -8.6 2.19 4.92 2.62 -0.66 -11.5 -22.21 -30.25
-27.69 -32.04 -28.24 -16.09 -5.28 2.47 5.32 3.9 -2.75 -11.79 -18.22 -28.4
-30.61 -28.47 -29.32 -21.52 -10 1.77 5.5 4.6 -1.27 -9.79 -22.68 -29.42
-24.72 -28.85 -30.29 -19.77 -11.1 0.59 4.02 1.9 -2.14 -14.09 -25.21 -30.96
-28.98 -32.58 -26.49 -19.32 -5.37 3.07 5.32 2.9 -2.07 -11.66 -19.87 -29.85
-31.92 -32.5 -29.37 -25.18 -7.89 1.47 5.22 4.44 -1.03 -10.58 -21.09 -27.91
-30.94 -33.1 -33.11 -15.54 -8.53 0.55 5.32 3.02 -1.71 -14.51 -22.06 -29.65
-30.29 -35.57 -33.95 -23.07 -9.16 0.38 4.89 2.75 -2.66 -12.74 -21.24 -30.83
-31.93 -26.54 -29.86 -19.03 -8.76 0.78 3.45 3.33 -2.22 -12.63 -22.74 -32.03
-32.96 -29.03 -28.72 -16.32 -7.97 1.75 4.01 3.21 -3.18 -15.77 -26.14 -30.45
-28.67 -30.89 -25.56 -22.65 -11.32 -0.72 4.07 2.41 -2.76 -12.76 -24.74 -26.16
-19.39 -26.81 -30.02 -22.71 -12.76 -0.64 4.31 3.78 -3.4 -11.75 -20.17 -29.11
-30.65 -32.9 -27.2 -21.03 -7.78 1.6 4.65 2.53 -1.6 -9.92 -22.4 -26.51
-28.35 -34.47 -28.24 -21.13 -10.12 -0.36 5.51 4.13 -0.66 -9.92 -20.8 -28.8
-29.57 -33.82 -31.94 -20.93 -8.44 3.3 6.36 4.03 -1.12 -10.64 -19.9 -32.82
-26.19 -31.17 -28.26 -14.63 -5.96 2.04 5.53 2.47 -2.44 -13.08 -22.8 -33.01
-30.07 -32.94 -28.9 -22.01 -9.96 0.3 4.37 3.92 -2.58 -17.48 -24.87 -23.17
-24.92 -31.1 -30.2 -19.97 -7.8 1.13 6.41 1.73 -2.66 -13.42 -27.94 -28.1
-23.65 -29.99 -30.46 -17.82 -7.56 2.3 5.91 2.79 -2.19 -12.02 -22.74 -33.7
-31.79 -29.43 -25.3 -21.11 -11.55 2.36 5.31 3.85 -2.57 -14.72 -26 -25.91
-22.41 -27.71 -32.8 -21.24 -6.04 1.54 5.55 3.81 -0.96 -11.24 -19.28 -31.31
-30.38 -28.98 -21.68 -22.61 -8.9 1.32 6.47 3.51 -1.44 -11.24 -24 -24.46
-26.9 -29.26 -31.83 -24.08 -13.11 -0.12 5.65 3.33 -2.24 -12.2 -28.37 -37.06
-37.27 -22.21 -24.39 -18.48 -5.83 1.3 4.47 3.01 -2.81 -12.88 -24.97 -28.7
-36.23 -28.73 -26.14 -22.59 -8.7 0.94 5.23 4.93 -2.66 -13.38 -28.19 -33.12
-38.13 -35.45 -25.31 -24.87 -9.54 0.2 5.65 2.76 -2.2 -12.98 -22.74 -28.24
-35.23 -34.88 -32.43 -22.24 -8.69 2 5.4 3.84 -2 -13.08 -23.42 -29
-28.72 -31.21 -28 -21.09 -8.04 1.9 5.79 4.39 -2 -13.06 -22.09 -28.34
-27.58 -28.69 -28.66 -20.41 -10.58 1.44 5.2 3.58 -1.74 -12.61 -23.77 -27.59
-28.92 -29.6 -28.09 -20.73 -7.94 2.1 5.95 4.59 -1.47 -12.3 -23.34 -31.08
-31.31 -30.64 -28.5 -25.23 -8.22 1.42 5.5 3.77 -1.73 -13.34 -22.35 -27.69
-29.41 -31.23 -28.09 -20.44 -7.84 2.36 5.95 4.15 -1.44 -12.01 -22.65 -28.54
-27.68 -31.21 -24.62 -18.14 -9.44 2.9 6.05 4.73 1.43 -10.5 -19.43 -31.57
-29.39 -31.15 -32.16 -22.09 -9.54 3 6.95 5.63 -1.54 -13.48 -17.72 -23.63
-29.47 -29.05 -30.24 -19.29 -9.04 1.7 5.65 3.43 -2.24 -12.78 -26.64 -30.24
-25.18 -26.15 -31.56 -20.89 -8.55 1.26 4.65 3.05 -1.96 -15.48 -25.77 -28.08
-18.65 -34.15 -32.15 -19.89 -9.83 1.9 5.47 3.83 -2.53 -11.26 -24.73 -30.76
-26.83 -29.19 -31.76 -24.01 -13.04 -0.05 5.72 3.4 -2.17 -12.13 -28.3 -36.99
-37.2 -22.14 -24.32 -18.41 -5.76 1.37 4.54 3.08 -2.74 -12.81 -24.9 -28.63
-36.16 -28.66 -26.07 -22.52 -8.63 1.01 5.3 5 -2.59 -13.31 -28.12 -33.05
-38.06 -35.38 -25.24 -24.8 -9.47 0.27 5.72 2.83 -2.13 -12.91 -22.67 -28.17
-35.16 -34.81 -32.36 -22.17 -8.62 2.07 5.47 3.91 -1.93 -13.01 -23.35 -28.93
-28.65 -31.14 -27.93 -21.02 -7.97 1.97 5.86 4.46 -1.93 -12.99 -22.02 -28.27
-27.51 -28.62 -28.59 -20.34 -10.51 1.51 5.27 3.65 -1.67 -12.54 -23.7 -27.52
-28.85 -29.53 -28.02 -20.66 -7.87 2.17 6.02 4.66 -1.4 -12.23 -23.27 -31.01
-31.24 -30.57 -28.43 -25.16 -8.15 1.49 5.57 3.84 -1.66 -13.27 -22.28 -27.62
-29.34 -31.16 -28.02 -20.37 -7.77 2.43 6.02 4.22 -1.37 -11.94 -22.58 -28.47
-27.61 -31.14 -24.55 -18.07 -9.37 2.97 6.12 4.8 1.5 -10.43 -19.36 -31.5
-29.32 -31.08 -32.09 -22.02 -9.47 3.07 7.02 5.7 -1.47 -13.41 -17.65 -23.56
-29.4 -28.98 -30.17 -19.22 -8.97 1.77 5.72 3.5 -2.17 -12.71 -26.57 -30.17
-25.11 -26.08 -31.49 -20.82 -8.48 1.33 4.72 3.12 -1.89 -15.41 -25.7 -28.01
-18.58 -34.08 -32.08 -19.82 -9.76 1.97 5.54 3.9 -2.46 -11.19 -24.66 -30.69
-34.41 -35.77 -25.97 -20.58 -9.95 -0.31 3.75 2.72 -4.08 -15.69 -25.77 -28.85
-34.19 -32.87 -25.27 -19.52 -11.38 0.49 5.34 2.8 -3.85 -13.39 -25.11 -29.46
-35.48 -31.26 -26.67 -20.84 -9.27 -0.21 5.16 2.62 -4.07 -12.79 -25.84 -24.64
-34.12 -28.26 -29.47 -22.5 -9.21 1.19 5.06 3.22 -1.55 -11.97 -20.9 -24.38
-30.49 -31.2 -24.22 -21.1 -11.13 0.9 5.44 3.32 -1.48 -12.89 -22.83 -28.01
-33.51 -31.94 -32.24 -16.83 -9.95 2.34 5.71 3.79 -3.65 -12.69 -23.38 -32.05
-27.23 -27.53 -28.15 -22.72 -11.78 1.19 5.84 4.36 -0.62 -9.67 -18.73 -19.91
-27.34 -24.14 -28.97 -17.57 -11.36 1.11 5.56 2.72 -3.45 -13.62 -23.58 -28.83
-38.35 -30.54 -30.41 -19.82 -8.48 2.31 5.04 2.74 -0.54 -11.38 -22.09 -30.13
-27.57 -31.92 -28.12 -15.97 -5.16 2.59 5.44 4.02 -2.63 -11.67 -18.1 -28.28
-30.49 -28.35 -29.2 -21.4 -9.88 1.89 5.62 4.72 -1.15 -9.67 -22.56 -29.3
-24.6 -28.73 -30.17 -19.65 -10.98 0.71 4.14 2.02 -2.02 -13.97 -25.09 -30.84
-28.86 -32.46 -26.37 -19.2 -5.25 3.19 5.44 3.02 -1.95 -11.54 -19.75 -29.73
-31.8 -32.38 -29.25 -25.06 -7.77 1.59 5.34 4.56 -0.91 -10.46 -20.97 -27.79
-30.82 -32.98 -32.99 -15.42 -8.41 0.67 5.44 3.14 -1.59 -14.39 -21.94 -29.53
-27.37 -32.86 -34.44 -22.11 -5.52 1.32 5.7 2.11 -2.86 -12.66 -22.46 -31.59
-25.09 -24.41 -24.28 -17.95 -8.66 1.3 5.59 3.77 -4.58 -14.5 -22.02 -26.74
-23.63 -28.73 -30.68 -19.75 -9.62 0.3 5.15 1.37 -3 -15.79 -22.7 -26.14
-36.59 -35.99 -31.58 -22.61 -9.35 3.61 5.41 3.67 -2.98 -12.93 -23.26 -27.25
-30.32 -35.39 -28.51 -21.03 -10.86 -0.11 3.15 2.01 -5.15 -17.17 -20.02 -32.69
-28.49 -31.99 -30.05 -24.24 -9.74 2.2 5.05 2.89 -2.2 -15.52 -18.6 -27.62
-29.4 -31.97 -22.1 -20.4 -4.4 2.79 5.89 2.29 -1.64 -11.16 -25.66 -25.49
-24.56 -32.73 -26.74 -24.05 -8.24 1.66 5.99 5.36 -1.9 -13.7 -22.87 -31.76
-21.27 -33.47 -31.56 -20.39 -6.16 1.72 6.05 3.45 -0.42 -13.87 -30.36 -28.78
-29.37 -29.13 -29.38 -22.39 -6.52 3.33 3.65 2.61 -0.73 -14.71 -22.5 -26.54
-27.68 -34.03 -29.83 -21.69 -10.07 1.12 5.89 3.57 -1.62 -13.72 -22.72 -28.78
-29.29 -27.05 -30.26 -21.45 -8.1 -0.24 6.44 4.41 -0.96 -13.31 -26.1 -25.76
-32.33 -30.33 -33.13 -20.77 -11.08 1.46 5.37 2.53 -2.46 -13.48 -20.24 -29.5
-30.39 -33.8 -27.22 -22.53 -9.22 1.98 6.86 5.74 -0.18 -9.02 -23.01 -35.11
-33.39 -28.27 -27.85 -22.25 -9.74 0.2 4.89 4.63 -3.11 -14.67 -23.55 -33.37
-27.16 -32.65 -34.23 -21.9 -5.31 1.53 5.91 2.32 -2.65 -12.45 -22.25 -31.38
-24.88 -24.2 -24.07 -17.74 -8.45 1.51 5.8 3.98 -4.37 -14.29 -21.81 -26.53
-23.42 -28.52 -30.47 -19.54 -9.41 0.51 5.36 1.58 -2.79 -15.58 -22.49 -25.93
-36.38 -35.78 -31.37 -22.4 -9.14 3.82 5.62 3.88 -2.77 -12.72 -23.05 -27.04
-30.11 -35.18 -28.3 -20.82 -10.65 0.1 3.36 2.22 -4.94 -16.96 -19.81 -32.48
-28.28 -31.78 -29.84 -24.03 -9.53 2.41 5.26 3.1 -1.99 -15.31 -18.39 -27.41
-29.19 -31.76 -21.89 -20.19 -4.19 3 6.1 2.5 -1.43 -10.95 -25.45 -25.28
-24.35 -32.52 -26.53 -23.84 -8.03 1.87 6.2 5.57 -1.69 -13.49 -22.66 -31.55
-21.06 -33.26 -31.35 -20.18 -5.95 1.93 6.26 3.66 -0.21 -13.66 -30.15 -28.57
-29.16 -28.92 -29.17 -22.18 -6.31 3.54 3.86 2.82 -0.52 -14.5 -22.29 -26.33
-27.47 -33.82 -29.62 -21.48 -9.86 1.33 6.1 3.78 -1.41 -13.51 -22.51 -28.57
-29.08 -26.84 -30.05 -21.24 -7.89 -0.03 6.65 4.62 -0.75 -13.1 -25.89 -25.55
-32.12 -30.12 -32.92 -20.56 -10.87 1.67 5.58 2.74 -2.25 -13.27 -20.03 -29.29
-30.18 -33.59 -27.01 -22.32 -9.01 2.19 7.07 5.95 0.03 -8.81 -22.8 -34.9
-33.18 -28.06 -27.64 -22.04 -9.53 0.41 5.1 4.84 -2.9 -14.46 -23.34 -33.16
-26.88 -29.24 -31.81 -24.06 -13.09 -0.1 5.67 3.35 -2.22 -12.18 -28.35 -37.04
-37.25 -22.19 -24.37 -18.46 -5.81 1.32 4.49 3.03 -2.79 -12.86 -24.95 -28.68
-36.21 -28.71 -26.12 -22.57 -8.68 0.96 5.25 4.95 -2.64 -13.36 -28.17 -33.1
-38.11 -35.43 -25.29 -24.85 -9.52 0.22 5.67 2.78 -2.18 -12.96 -22.72 -28.22
-35.21 -34.86 -32.41 -22.22 -8.67 2.02 5.42 3.86 -1.98 -13.06 -23.4 -28.98
-28.7 -31.19 -27.98 -21.07 -8.02 1.92 5.81 4.41 -1.98 -13.04 -22.07 -28.32
-27.56 -28.67 -28.64 -20.39 -10.56 1.46 5.22 3.6 -1.72 -12.59 -23.75 -27.57
-28.9 -29.58 -28.07 -20.71 -7.92 2.12 5.97 4.61 -1.45 -12.28 -23.32 -31.06
-31.29 -30.62 -28.48 -25.21 -8.2 1.44 5.52 3.79 -1.71 -13.32 -22.33 -27.67
-29.39 -31.21 -28.07 -20.42 -7.82 2.38 5.97 4.17 -1.42 -11.99 -22.63 -28.52
-27.66 -31.19 -24.6 -18.12 -9.42 2.92 6.07 4.75 1.45 -10.48 -19.41 -31.55
-29.37 -31.13 -32.14 -22.07 -9.52 3.02 6.97 5.65 -1.52 -13.46 -17.7 -23.61
-29.45 -29.03 -30.22 -19.27 -9.02 1.72 5.67 3.45 -2.22 -12.76 -26.62 -30.22
-25.16 -26.13 -31.54 -20.87 -8.53 1.28 4.67 3.07 -1.94 -15.46 -25.75 -28.06
-18.63 -34.13 -32.13 -19.87 -9.81 1.92 5.49 3.85 -2.51 -11.24 -24.71 -30.74
-27.11 -32.6 -34.18 -21.85 -5.26 1.58 5.96 2.37 -2.6 -12.4 -22.2 -31.33
-24.83 -24.15 -24.02 -17.69 -8.4 1.56 5.85 4.03 -4.32 -14.24 -21.76 -26.48
-23.37 -28.47 -30.42 -19.49 -9.36 0.56 5.41 1.63 -2.74 -15.53 -22.44 -25.88
-36.33 -35.73 -31.32 -22.35 -9.09 3.87 5.67 3.93 -2.72 -12.67 -23 -26.99
-30.06 -35.13 -28.25 -20.77 -10.6 0.15 3.41 2.27 -4.89 -16.91 -19.76 -32.43
-28.23 -31.73 -29.79 -23.98 -9.48 2.46 5.31 3.15 -1.94 -15.26 -18.34 -27.36
-29.14 -31.71 -21.84 -20.14 -4.14 3.05 6.15 2.55 -1.38 -10.9 -25.4 -25.23
-24.3 -32.47 -26.48 -23.79 -7.98 1.92 6.25 5.62 -1.64 -13.44 -22.61 -31.5
-21.01 -33.21 -31.3 -20.13 -5.9 1.98 6.31 3.71 -0.16 -13.61 -30.1 -28.52
-29.11 -28.87 -29.12 -22.13 -6.26 3.59 3.91 2.87 -0.47 -14.45 -22.24 -26.28
-27.42 -33.77 -29.57 -21.43 -9.81 1.38 6.15 3.83 -1.36 -13.46 -22.46 -28.52
-29.03 -26.79 -30 -21.19 -7.84 0.02 6.7 4.67 -0.7 -13.05 -25.84 -25.5
-32.07 -30.07 -32.87 -20.51 -10.82 1.72 5.63 2.79 -2.2 -13.22 -19.98 -29.24
-30.13 -33.54 -26.96 -22.27 -8.96 2.24 7.12 6 0.08 -8.76 -22.75 -34.85
-33.13 -28.01 -27.59 -21.99 -9.48 0.46 5.15 4.89 -2.85 -14.41 -23.29 -33.11
-28.82 -36.42 -29.78 -26.2 -9.99 1.39 4.98 3.82 -1.43 -15.65 -26.16 -32.9
-26.66 -33.56 -35.51 -21.26 -8.93 1.81 6.46 6.04 -0.03 -12.92 -25.09 -26.93
-22.68 -33.98 -27.21 -20.44 -8.03 0.51 5.64 4.24 -1.87 -11.87 -20.47 -31.59
-22.95 -26.47 -27.74 -22.6 -8.81 1.57 5.22 2.82 -2.93 -13 -25.79 -31.46
-28.21 -29.32 -27.7 -22.82 -8.66 1.59 5.02 3.56 -1.41 -14.13 -28.53 -27.87
-28.89 -30.22 -26.53 -18.32 -6.25 2.51 4.87 3.1 -2.67 -11.8 -23.35 -29.93
-27.38 -24.04 -26.59 -22.2 -11.96 -0.07 4.48 3.63 -2.13 -12.54 -25.51 -26.63
-29.79 -31.8 -27.67 -21.02 -8.17 0.48 5.88 3.28 -2.8 -16.3 -27.79 -20.65
-28.5 -38.32 -28.84 -23.41 -8.88 2.51 5.26 2.86 -0.94 -9.55 -20.35 -29.9
-26.98 -28.49 -34 -26.05 -10.49 0.13 6.48 3.34 -3.35 -15.97 -18.18 -24.9
-32.72 -26.84 -29.97 -19.53 -7.44 2.19 4.9 2.02 -3.75 -14.37 -19.17 -26.19
-29.12 -35.77 -27.34 -22.71 -7.95 0.69 5.5 4.34 -4.11 -12.34 -26.29 -34.43
-25.36 -30.64 -31.65 -20.02 -8.97 1.21 6.28 2.4 -2.01 -12.11 -26.49 -29.45
-36.56 -21.49 -25.59 -20.14 -8.67 2.26 5.16 3.8 -0.29 -11.11 -25.3 -27.17
-31.78 -38.28 -26.97 -15.98 -5.4 2.61 5.82 5.12 -2.04 -12.87 -22.27 -29.96
-27.29 -32.78 -34.36 -22.03 -5.44 1.4 5.78 2.19 -2.78 -12.58 -22.38 -31.51
-25.01 -24.33 -24.2 -17.87 -8.58 1.38 5.67 3.85 -4.5 -14.42 -21.94 -26.66
-23.55 -28.65 -30.6 -19.67 -9.54 0.38 5.23 1.45 -2.92 -15.71 -22.62 -26.06
-36.51 -35.91 -31.5 -22.53 -9.27 3.69 5.49 3.75 -2.9 -12.85 -23.18 -27.17
-30.24 -35.31 -28.43 -20.95 -10.78 -0.03 3.23 2.09 -5.07 -17.09 -19.94 -32.61
-28.41 -31.91 -29.97 -24.16 -9.66 2.28 5.13 2.97 -2.12 -15.44 -18.52 -27.54
-29.32 -31.89 -22.02 -20.32 -4.32 2.87 5.97 2.37 -1.56 -11.08 -25.58 -25.41
-24.48 -32.65 -26.66 -23.97 -8.16 1.74 6.07 5.44 -1.82 -13.62 -22.79 -31.68
-21.19 -33.39 -31.48 -20.31 -6.08 1.8 6.13 3.53 -0.34 -13.79 -30.28 -28.7
-29.29 -29.05 -29.3 -22.31 -6.44 3.41 3.73 2.69 -0.65 -14.63 -22.42 -26.46
-27.6 -33.95 -29.75 -21.61 -9.99 1.2 5.97 3.65 -1.54 -13.64 -22.64 -28.7
-29.21 -26.97 -30.18 -21.37 -8.02 -0.16 6.52 4.49 -0.88 -13.23 -26.02 -25.68
-32.25 -30.25 -33.05 -20.69 -11 1.54 5.45 2.61 -2.38 -13.4 -20.16 -29.42
-30.31 -33.72 -27.14 -22.45 -9.14 2.06 6.94 5.82 -0.1 -8.94 -22.93 -35.03
-33.31 -28.19 -27.77 -22.17 -9.66 0.28 4.97 4.71 -3.03 -14.59 -23.47 -33.29
-34.55 -35.91 -26.11 -20.72 -10.09 -0.45 3.61 2.58 -4.22 -15.83 -25.91 -28.99
-34.33 -33.01 -25.41 -19.66 -11.52 0.35 5.2 2.66 -3.99 -13.53 -25.25 -29.6
-35.62 -31.4 -26.81 -20.98 -9.41 -0.35 5.02 2.48 -4.21 -12.93 -25.98 -24.78
-34.26 -28.4 -29.61 -22.64 -9.35 1.05 4.92 3.08 -1.69 -12.11 -21.04 -24.52
-30.63 -31.34 -24.36 -21.24 -11.27 0.76 5.3 3.18 -1.62 -13.03 -22.97 -28.15
-33.65 -32.08 -32.38 -16.97 -10.09 2.2 5.57 3.65 -3.79 -12.83 -23.52 -32.19
-27.37 -27.67 -28.29 -22.86 -11.92 1.05 5.7 4.22 -0.76 -9.81 -18.87 -20.05
-27.48 -24.28 -29.11 -17.71 -11.5 0.97 5.42 2.58 -3.59 -13.76 -23.72 -28.97
-38.49 -30.68 -30.55 -19.96 -8.62 2.17 4.9 2.6 -0.68 -11.52 -22.23 -30.27
-27.71 -32.06 -28.26 -16.11 -5.3 2.45 5.3 3.88 -2.77 -11.81 -18.24 -28.42
-30.63 -28.49 -29.34 -21.54 -10.02 1.75 5.48 4.58 -1.29 -9.81 -22.7 -29.44
-24.74 -28.87 -30.31 -19.79 -11.12 0.57 4 1.88 -2.16 -14.11 -25.23 -30.98
-29 -32.6 -26.51 -19.34 -5.39 3.05 5.3 2.88 -2.09 -11.68 -19.89 -29.87
-31.94 -32.52 -29.39 -25.2 -7.91 1.45 5.2 4.42 -1.05 -10.6 -21.11 -27.93
-30.96 -33.12 -33.13 -15.56 -8.55 0.53 5.3 3 -1.73 -14.53 -22.08 -29.67
-28.74 -36.34 -29.7 -26.12 -9.91 1.47 5.06 3.9 -1.35 -15.57 -26.08 -32.82
-26.58 -33.48 -35.43 -21.18 -8.85 1.89 6.54 6.12 0.05 -12.84 -25.01 -26.85
-22.6 -33.9 -27.13 -20.36 -7.95 0.59 5.72 4.32 -1.79 -11.79 -20.39 -31.51
-22.87 -26.39 -27.66 -22.52 -8.73 1.65 5.3 2.9 -2.85 -12.92 -25.71 -31.38
-28.13 -29.24 -27.62 -22.74 -8.58 1.67 5.1 3.64 -1.33 -14.05 -28.45 -27.79
-28.81 -30.14 -26.45 -18.24 -6.17 2.59 4.95 3.18 -2.59 -11.72 -23.27 -29.85
-27.3 -23.96 -26.51 -22.12 -11.88 0.01 4.56 3.71 -2.05 -12.46 -25.43 -26.55
-29.71 -31.72 -27.59 -20.94 -8.09 0.56 5.96 3.36 -2.72 -16.22 -27.71 -20.57
-28.42 -38.24 -28.76 -23.33 -8.8 2.59 5.34 2.94 -0.86 -9.47 -20.27 -29.82
-26.9 -28.41 -33.92 -25.97 -10.41 0.21 6.56 3.42 -3.27 -15.89 -18.1 -24.82
-32.64 -26.76 -29.89 -19.45 -7.36 2.27 4.98 2.1 -3.67 -14.29 -19.09 -26.11
-29.04 -35.69 -27.26 -22.63 -7.87 0.77 5.58 4.42 -4.03 -12.26 -26.21 -34.35
-25.28 -30.56 -31.57 -19.94 -8.89 1.29 6.36 2.48 -1.93 -12.03 -26.41 -29.37
-36.48 -21.41 -25.51 -20.06 -8.59 2.34 5.24 3.88 -0.21 -11.03 -25.22 -27.09
-31.7 -38.2 -26.89 -15.9 -5.32 2.69 5.9 5.2 -1.96 -12.79 -22.19 -29.88
-37.15 -32.39 -33.63 -16.56 -8.65 2.36 6.11 3.49 -1.28 -10.85 -19.69 -22.71
-32.84 -38.23 -30.67 -21.23 -8.68 1.18 7.11 3.09 -3.35 -15.7 -21.79 -29.68
-38.73 -35.12 -27.2 -21.23 -10.15 -0.14 5.61 3.69 -0.68 -9.15 -19.09 -30.06
-34.96 -21.39 -21.56 -22.23 -8.78 -0.52 6.31 2.72 -2.38 -13.1 -21.59 -27.98
-27.31 -30.69 -25.43 -19.53 -13.03 0.18 4.23 3.32 -1.88 -12.22 -27.13 -31.56
-34.86 -33.88 -26.43 -18.83 -12.87 0.04 2.86 4.29 0.02 -10.82 -22.6 -21.99
-27.42 -34.66 -29.1 -22.95 -7.68 1.06 5.04 3.18 -2.58 -12.2 -26.63 -34.07
-33.96 -26.32 -28.9 -27.68 -9.3 1.94 6.61 3.3 -2.26 -10.75 -25.72 -25.73
-25.08 -28.67 -33.77 -18.23 -10.36 -0.32 5.71 4.79 -0.98 -10.82 -19.47 -31.36
-38.85 -28.99 -32.08 -23.19 -10.75 -0.62 5.65 3.79 0.63 -12.22 -23.78 -27.66
-29.01 -32.61 -32.87 -21.05 -10.66 2.42 6.01 4.19 -0.99 -11.77 -22.4 -28.76
-26.93 -29.73 -27.15 -19.6 -7.03 2.26 6.51 4.21 -1.38 -12.62 -22.3 -33.1
-34.7 -29.06 -21.96 -19.57 -7.58 1.91 6.21 4.09 -1.68 -12.42 -22.6 -28.28
-28.07 -29.52 -28.2 -20.37 -7.68 2.46 6.31 4.49 -1.93 -11.97 -22.76 -26.02
-34.22 -34.16 -29.36 -21.55 -7.28 2.04 5.61 4.69 -1.75 -12.02 -24.26 -31.96
-28.86 -36.46 -29.82 -26.24 -10.03 1.35 4.94 3.78 -1.47 -15.69 -26.2 -32.94
-26.7 -33.6 -35.55 -21.3 -8.97 1.77 6.42 6 -0.07 -12.96 -25.13 -26.97
-22.72 -34.02 -27.25 -20.48 -8.07 0.47 5.6 4.2 -1.91 -11.91 -20.51 -31.63
-22.99 -26.51 -27.78 -22.64 -8.85 1.53 5.18 2.78 -2.97 -13.04 -25.83 -31.5
-28.25 -29.36 -27.74 -22.86 -8.7 1.55 4.98 3.52 -1.45 -14.17 -28.57 -27.91
-28.93 -30.26 -26.57 -18.36 -6.29 2.47 4.83 3.06 -2.71 -11.84 -23.39 -29.97
-27.42 -24.08 -26.63 -22.24 -12 -0.11 4.44 3.59 -2.17 -12.58 -25.55 -26.67
-29.83 -31.84 -27.71 -21.06 -8.21 0.44 5.84 3.24 -2.84 -16.34 -27.83 -20.69
-28.54 -38.36 -28.88 -23.45 -8.92 2.47 5.22 2.82 -0.98 -9.59 -20.39 -29.94
-27.02 -28.53 -34.04 -26.09 -10.53 0.09 6.44 3.3 -3.39 -16.01 -18.22 -24.94
-32.76 -26.88 -30.01 -19.57 -7.48 2.15 4.86 1.98 -3.79 -14.41 -19.21 -26.23
-29.16 -35.81 -27.38 -22.75 -7.99 0.65 5.46 4.3 -4.15 -12.38 -26.33 -34.47
-25.4 -30.68 -31.69 -20.06 -9.01 1.17 6.24 2.36 -2.05 -12.15 -26.53 -29.49
-36.6 -21.53 -25.63 -20.18 -8.71 2.22 5.12 3.76 -0.33 -11.15 -25.34 -27.21
-31.82 -38.32 -27.01 -16.02 -5.44 2.57 5.78 5.08 -2.08 -12.91 -22.31 -30
-34.41 -35.77 -25.97 -20.58 -9.95 -0.31 3.75 2.72 -4.08 -15.69 -25.77 -28.85
-34.19 -32.87 -25.27 -19.52 -11.38 0.49 5.34 2.8 -3.85 -13.39 -25.11 -29.46
-35.48 -31.26 -26.67 -20.84 -9.27 -0.21 5.16 2.62 -4.07 -12.79 -25.84 -24.64
-34.12 -28.26 -29.47 -22.5 -9.21 1.19 5.06 3.22 -1.55 -11.97 -20.9 -24.38
-30.49 -31.2 -24.22 -21.1 -11.13 0.9 5.44 3.32 -1.48 -12.89 -22.83 -28.01
-33.51 -31.94 -32.24 -16.83 -9.95 2.34 5.71 3.79 -3.65 -12.69 -23.38 -32.05
-27.23 -27.53 -28.15 -22.72 -11.78 1.19 5.84 4.36 -0.62 -9.67 -18.73 -19.91
-27.34 -24.14 -28.97 -17.57 -11.36 1.11 5.56 2.72 -3.45 -13.62 -23.58 -28.83
-38.35 -30.54 -30.41 -19.82 -8.48 2.31 5.04 2.74 -0.54 -11.38 -22.09 -30.13
-27.57 -31.92 -28.12 -15.97 -5.16 2.59 5.44 4.02 -2.63 -11.67 -18.1 -28.28
-30.49 -28.35 -29.2 -21.4 -9.88 1.89 5.62 4.72 -1.15 -9.67 -22.56 -29.3
-24.6 -28.73 -30.17 -19.65 -10.98 0.71 4.14 2.02 -2.02 -13.97 -25.09 -30.84
-28.86 -32.46 -26.37 -19.2 -5.25 3.19 5.44 3.02 -1.95 -11.54 -19.75 -29.73
-31.8 -32.38 -29.25 -25.06 -7.77 1.59 5.34 4.56 -0.91 -10.46 -20.97 -27.79
-30.82 -32.98 -32.99 -15.42 -8.41 0.67 5.44 3.14 -1.59 -14.39 -21.94 -29.53
-26.72 -29.08 -31.65 -23.9 -12.93 0.06 5.83 3.51 -2.06 -12.02 -28.19 -36.88
-37.09 -22.03 -24.21 -18.3 -5.65 1.48 4.65 3.19 -2.63 -12.7 -24.79 -28.52
-36.05 -28.55 -25.96 -22.41 -8.52 1.12 5.41 5.11 -2.48 -13.2 -28.01 -32.94
-37.95 -35.27 -25.13 -24.69 -9.36 0.38 5.83 2.94 -2.02 -12.8 -22.56 -28.06
-35.05 -34.7 -32.25 -22.06 -8.51 2.18 5.58 4.02 -1.82 -12.9 -23.24 -28.82
-28.54 -31.03 -27.82 -20.91 -7.86 2.08 5.97 4.57 -1.82 -12.88 -21.91 -28.16
-27.4 -28.51 -28.48 -20.23 -10.4 1.62 5.38 3.76 -1.56 -12.43 -23.59 -27.41
-28.74 -29.42 -27.91 -20.55 -7.76 2.28 6.13 4.77 -1.29 -12.12 -23.16 -30.9
-31.13 -30.46 -28.32 -25.05 -8.04 1.6 5.68 3.95 -1.55 -13.16 -22.17 -27.51
-29.23 -31.05 -27.91 -20.26 -7.66 2.54 6.13 4.33 -1.26 -11.83 -22.47 -28.36
-27.5 -31.03 -24.44 -17.96 -9.26 3.08 6.23 4.91 1.61 -10.32 -19.25 -31.39
-29.21 -30.97 -31.98 -21.91 -9.36 3.18 7.13 5.81 -1.36 -13.3 -17.54 -23.45
-29.29 -28.87 -30.06 -19.11 -8.86 1.88 5.83 3.61 -2.06 -12.6 -26.46 -30.06
-25 -25.97 -31.38 -20.71 -8.37 1.44 4.83 3.23 -1.78 -15.3 -25.59 -27.9
-18.47 -33.97 -31.97 -19.71 -9.65 2.08 5.65 4.01 -2.35 -11.08 -24.55 -30.58
-30.33 -35.61 -33.99 -23.11 -9.2 0.34 4.85 2.71 -2.7 -12.78 -21.28 -30.87
-31.97 -26.58 -29.9 -19.07 -8.8 0.74 3.41 3.29 -2.26 -12.67 -22.78 -32.07
-33 -29.07 -28.76 -16.36 -8.01 1.71 3.97 3.17 -3.22 -15.81 -26.18 -30.49
-28.71 -30.93 -25.6 -22.69 -11.36 -0.76 4.03 2.37 -2.8 -12.8 -24.78 -26.2
-19.43 -26.85 -30.06 -22.75 -12.8 -0.68 4.27 3.74 -3.44 -11.79 -20.21 -29.15
-30.69 -32.94 -27.24 -21.07 -7.82 1.56 4.61 2.49 -1.64 -9.96 -22.44 -26.55
-28.39 -34.51 -28.28 -21.17 -10.16 -0.4 5.47 4.09 -0.7 -9.96 -20.84 -28.84
-29.61 -33.86 -31.98 -20.97 -8.48 3.26 6.32 3.99 -1.16 -10.68 -19.94 -32.86
-26.23 -31.21 -28.3 -14.67 -6 2 5.49 2.43 -2.48 -13.12 -22.84 -33.05
-30.11 -32.98 -28.94 -22.05 -10 0.26 4.33 3.88 -2.62 -17.52 -24.91 -23.21
-24.96 -31.14 -30.24 -20.01 -7.84 1.09 6.37 1.69 -2.7 -13.46 -27.98 -28.14
-23.69 -30.03 -30.5 -17.86 -7.6 2.26 5.87 2.75 -2.23 -12.06 -22.78 -33.74
-31.83 -29.47 -25.34 -21.15 -11.59 2.32 5.27 3.81 -2.61 -14.76 -26.04 -25.95
-22.45 -27.75 -32.84 -21.28 -6.08 1.5 5.51 3.77 -1 -11.28 -19.32 -31.35
-30.42 -29.02 -21.72 -22.65 -8.94 1.28 6.43 3.47 -1.48 -11.28 -24.04 -24.5
-34.31 -35.67 -25.87 -20.48 -9.85 -0.21 3.85 2.82 -3.98 -15.59 -25.67 -28.75
-34.09 -32.77 -25.17 -19.42 -11.28 0.59 5.44 2.9 -3.75 -13.29 -25.01 -29.36
-35.38 -31.16 -26.57 -20.74 -9.17 -0.11 5.26 2.72 -3.97 -12.69 -25.74 -24.54
-34.02 -28.16 -29.37 -22.4 -9.11 1.29 5.16 3.32 -1.45 -11.87 -20.8 -24.28
-30.39 -31.1 -24.12 -21 -11.03 1 5.54 3.42 -1.38 -12.79 -22.73 -27.91
-33.41 -31.84 -32.14 -16.73 -9.85 2.44 5.81 3.89 -3.55 -12.59 -23.28 -31.95
-27.13 -27.43 -28.05 -22.62 -11.68 1.29 5.94 4.46 -0.52 -9.57 -18.63 -19.81
-27.24 -24.04 -28.87 -17.47 -11.26 1.21 5.66 2.82 -3.35 -13.52 -23.48 -28.73
-38.25 -30.44 -30.31 -19.72 -8.38 2.41 5.14 2.84 -0.44 -11.28 -21.99 -30.03
-27.47 -31.82 -28.02 -15.87 -5.06 2.69 5.54 4.12 -2.53 -11.57 -18 -28.18
-30.39 -28.25 -29.1 -21.3 -9.78 1.99 5.72 4.82 -1.05 -9.57 -22.46 -29.2
-24.5 -28.63 -30.07 -19.55 -10.88 0.81 4.24 2.12 -1.92 -13.87 -24.99 -30.74
-28.76 -32.36 -26.27 -19.1 -5.15 3.29 5.54 3.12 -1.85 -11.44 -19.65 -29.63
-31.7 -32.28 -29.15 -24.96 -7.67 1.69 5.44 4.66 -0.81 -10.36 -20.87 -27.69
-30.72 -32.88 -32.89 -15.32 -8.31 0.77 5.54 3.24 -1.49 -14.29 -21.84 -29.43
-37.05 -32.29 -33.53 -16.46 -8.55 2.46 6.21 3.59 -1.18 -10.75 -19.59 -22.61
-32.74 -38.13 -30.57 -21.13 -8.58 1.28 7.21 3.19 -3.25 -15.6 -21.69 -29.58
-38.63 -35.02 -27.1 -21.13 -10.05 -0.04 5.71 3.79 -0.58 -9.05 -18.99 -29.96
-34.86 -21.29 -21.46 -22.13 -8.68 -0.42 6.41 2.82 -2.28 -13 -21.49 -27.88
-27.21 -30.59 -25.33 -19.43 -12.93 0.28 4.33 3.42 -1.78 -12.12 -27.03 -31.46
-34.76 -33.78 -26.33 -18.73 -12.77 0.14 2.96 4.39 0.12 -10.72 -22.5 -21.89
-27.32 -34.56 -29 -22.85 -7.58 1.16 5.14 3.28 -2.48 -12.1 -26.53 -33.97
-33.86 -26.22 -28.8 -27.58 -9.2 2.04 6.71 3.4 -2.16 -10.65 -25.62 -25.63
-24.98 -28.57 -33.67 -18.13 -10.26 -0.22 5.81 4.89 -0.88 -10.72 -19.37 -31.26
-38.75 -28.89 -31.98 -23.09 -10.65 -0.52 5.75 3.89 0.73 -12.12 -23.68 -27.56
-28.91 -32.51 -32.77 -20.95 -10.56 2.52 6.11 4.29 -0.89 -11.67 -22.3 -28.66
-26.83 -29.63 -27.05 -19.5 -6.93 2.36 6.61 4.31 -1.28 -12.52 -22.2 -33
-34.6 -28.96 -21.86 -19.47 -7.48 2.01 6.31 4.19 -1.58 -12.32 -22.5 -28.18
-27.97 -29.42 -28.1 -20.27 -7.58 2.56 6.41 4.59 -1.83 -11.87 -22.66 -25.92
-34.12 -34.06 -29.26 -21.45 -7.18 2.14 5.71 4.79 -1.65 -11.92 -24.16 -31.86
-36.96 -32.2 -33.44 -16.37 -8.46 2.55 6.3 3.68 -1.09 -10.66 -19.5 -22.52
-32.65 -38.04 -30.48 -21.04 -8.49 1.37 7.3 3.28 -3.16 -15.51 -21.6 -29.49
-38.54 -34.93 -27.01 -21.04 -9.96 0.05 5.8 3.88 -0.49 -8.96 -18.9 -29.87
-34.77 -21.2 -21.37 -22.04 -8.59 -0.33 6.5 2.91 -2.19 -12.91 -21.4 -27.79
-27.12 -30.5 -25.24 -19.34 -12.84 0.37 4.42 3.51 -1.69 -12.03 -26.94 -31.37
-34.67 -33.69 -26.24 -18.64 -12.68 0.23 3.05 4.48 0.21 -10.63 -22.41 -21.8
-27.23 -34.47 -28.91 -22.76 -7.49 1.25 5.23 3.37 -2.39 -12.01 -26.44 -33.88
-33.77 -26.13 -28.71 -27.49 -9.11 2.13 6.8 3.49 -2.07 -10.56 -25.53 -25.54
-24.89 -28.48 -33.58 -18.04 -10.17 -0.13 5.9 4.98 -0.79 -10.63 -19.28 -31.17
-38.66 -28.8 -31.89 -23 -10.56 -0.43 5.84 3.98 0.82 -12.03 -23.59 -27.47
-28.82 -32.42 -32.68 -20.86 -10.47 2.61 6.2 4.38 -0.8 -11.58 -22.21 -28.57
-26.74 -29.54 -26.96 -19.41 -6.84 2.45 6.7 4.4 -1.19 -12.43 -22.11 -32.91
-34.51 -28.87 -21.77 -19.38 -7.39 2.1 6.4 4.28 -1.49 -12.23 -22.41 -28.09
-27.88 -29.33 -28.01 -20.18 -7.49 2.65 6.5 4.68 -1.74 -11.78 -22.57 -25.83
-34.03 -33.97 -29.17 -21.36 -7.09 2.23 5.8 4.88 -1.56 -11.83 -24.07 -31.77
-27.31 -32.8 -34.38 -22.05 -5.46 1.38 5.76 2.17 -2.8 -12.6 -22.4 -31.53
-25.03 -24.35 -24.22 -17.89 -8.6 1.36 5.65 3.83 -4.52 -14.44 -21.96 -26.68
-23.57 -28.67 -30.62 -19.69 -9.56 0.36 5.21 1.43 -2.94 -15.73 -22.64 -26.08
-36.53 -35.93 -31.52 -22.55 -9.29 3.67 5.47 3.73 -2.92 -12.87 -23.2 -27.19
-30.26 -35.33 -28.45 -20.97 -10.8 -0.05 3.21 2.07 -5.09 -17.11 -19.96 -32.63
-28.43 -31.93 -29.99 -24.18 -9.68 2.26 5.11 2.95 -2.14 -15.46 -18.54 -27.56
-29.34 -31.91 -22.04 -20.34 -4.34 2.85 5.95 2.35 -1.58 -11.1 -25.6 -25.43
-24.5 -32.67 -26.68 -23.99 -8.18 1.72 6.05 5.42 -1.84 -13.64 -22.81 -31.7
-21.21 -33.41 -31.5 -20.33 -6.1 1.78 6.11 3.51 -0.36 -13.81 -30.3 -28.72
-29.31 -29.07 -29.32 -22.33 -6.46 3.39 3.71 2.67 -0.67 -14.65 -22.44 -26.48
-27.62 -33.97 -29.77 -21.63 -10.01 1.18 5.95 3.63 -1.56 -13.66 -22.66 -28.72
-29.23 -26.99 -30.2 -21.39 -8.04 -0.18 6.5 4.47 -0.9 -13.25 -26.04 -25.7
-32.27 -30.27 -33.07 -20.71 -11.02 1.52 5.43 2.59 -2.4 -13.42 -20.18 -29.44
-30.33 -33.74 -27.16 -22.47 -9.16 2.04 6.92 5.8 -0.12 -8.96 -22.95 -35.05
-33.33 -28.21 -27.79 -22.19 -9.68 0.26 4.95 4.69 -3.05 -14.61 -23.49 -33.31
-34.4 -35.76 -25.96 -20.57 -9.94 -0.3 3.76 2.73 -4.07 -15.68 -25.76 -28.84
-34.18 -32.86 -25.26 -19.51 -11.37 0.5 5.35 2.81 -3.84 -13.38 -25.1 -29.45
-35.47 -31.25 -26.66 -20.83 -9.26 -0.2 5.17 2.63 -4.06 -12.78 -25.83 -24.63
-34.11 -28.25 -29.46 -22.49 -9.2 1.2 5.07 3.23 -1.54 -11.96 -20.89 -24.37
-30.48 -31.19 -24.21 -21.09 -11.12 0.91 5.45 3.33 -1.47 -12.88 -22.82 -28
-33.5 -31.93 -32.23 -16.82 -9.94 2.35 5.72 3.8 -3.64 -12.68 -23.37 -32.04
-27.22 -27.52 -28.14 -22.71 -11.77 1.2 5.85 4.37 -0.61 -9.66 -18.72 -19.9
-27.33 -24.13 -28.96 -17.56 -11.35 1.12 5.57 2.73 -3.44 -13.61 -23.57 -28.82
-38.34 -30.53 -30.4 -19.81 -8.47 2.32 5.05 2.75 -0.53 -11.37 -22.08 -30.12
-27.56 -31.91 -28.11 -15.96 -5.15 2.6 5.45 4.03 -2.62 -11.66 -18.09 -28.27
-30.48 -28.34 -29.19 -21.39 -9.87 1.9 5.63 4.73 -1.14 -9.66 -22.55 -29.29
-24.59 -28.72 -30.16 -19.64 -10.97 0.72 4.15 2.03 -2.01 -13.96 -25.08 -30.83
-28.85 -32.45 -26.36 -19.19 -5.24 3.2 5.45 3.03 -1.94 -11.53 -19.74 -29.72
-31.79 -32.37 -29.24 -25.05 -7.76 1.6 5.35 4.57 -0.9 -10.45 -20.96 -27.78
-30.81 -32.97 -32.98 -15.41 -8.4 0.68 5.45 3.15 -1.58 -14.38 -21.93 -29.52
-37.29 -32.53 -33.77 -16.7 -8.79 2.22 5.97 3.35 -1.42 -10.99 -19.83 -22.85
-32.98 -38.37 -30.81 -21.37 -8.82 1.04 6.97 2.95 -3.49 -15.84 -21.93 -29.82
-38.87 -35.26 -27.34 -21.37 -10.29 -0.28 5.47 3.55 -0.82 -9.29 -19.23 -30.2
-35.1 -21.53 -21.7 -22.37 -8.92 -0.66 6.17 2.58 -2.52 -13.24 -21.73 -28.12
-27.45 -30.83 -25.57 -19.67 -13.17 0.04 4.09 3.18 -2.02 -12.36 -27.27 -31.7
-35 -34.02 -26.57 -18.97 -13.01 -0.1 2.72 4.15 -0.12 -10.96 -22.74 -22.13
-27.56 -34.8 -29.24 -23.09 -7.82 0.92 4.9 3.04 -2.72 -12.34 -26.77 -34.21
-34.1 -26.46 -29.04 -27.82 -9.44 1.8 6.47 3.16 -2.4 -10.89 -25.86 -25.87
-25.22 -28.81 -33.91 -18.37 -10.5 -0.46 5.57 4.65 -1.12 -10.96 -19.61 -31.5
-38.99 -29.13 -32.22 -23.33 -10.89 -0.76 5.51 3.65 0.49 -12.36 -23.92 -27.8
-29.15 -32.75 -33.01 -21.19 -10.8 2.28 5.87 4.05 -1.13 -11.91 -22.54 -28.9
-27.07 -29.87 -27.29 -19.74 -7.17 2.12 6.37 4.07 -1.52 -12.76 -22.44 -33.24
-34.84 -29.2 -22.1 -19.71 -7.72 1.77 6.07 3.95 -1.82 -12.56 -22.74 -28.42
-28.21 -29.66 -28.34 -20.51 -7.82 2.32 6.17 4.35 -2.07 -12.11 -22.9 -26.16
-34.36 -34.3 -29.5 -21.69 -7.42 1.9 5.47 4.55 -1.89 -12.16 -24.4 -32.1
-27.22 -32.71 -34.29 -21.96 -5.37 1.47 5.85 2.26 -2.71 -12.51 -22.31 -31.44
-24.94 -24.26 -24.13 -17.8 -8.51 1.45 5.74 3.92 -4.43 -14.35 -21.87 -26.59
-23.48 -28.58 -30.53 -19.6 -9.47 0.45 5.3 1.52 -2.85 -15.64 -22.55 -25.99
-36.44 -35.84 -31.43 -22.46 -9.2 3.76 5.56 3.82 -2.83 -12.78 -23.11 -27.1
-30.17 -35.24 -28.36 -20.88 -10.71 0.04 3.3 2.16 -5 -17.02 -19.87 -32.54
-28.34 -31.84 -29.9 -24.09 -9.59 2.35 5.2 3.04 -2.05 -15.37 -18.45 -27.47
-29.25 -31.82 -21.95 -20.25 -4.25 2.94 6.04 2.44 -1.49 -11.01 -25.51 -25.34
-24.41 -32.58 -26.59 -23.9 -8.09 1.81 6.14 5.51 -1.75 -13.55 -22.72 -31.61
-21.12 -33.32 -31.41 -20.24 -6.01 1.87 6.2 3.6 -0.27 -13.72 -30.21 -28.63
-29.22 -28.98 -29.23 -22.24 -6.37 3.48 3.8 2.76 -0.58 -14.56 -22.35 -26.39
-27.53 -33.88 -29.68 -21.54 -9.92 1.27 6.04 3.72 -1.47 -13.57 -22.57 -28.63
-29.14 -26.9 -30.11 -21.3 -7.95 -0.09 6.59 4.56 -0.81 -13.16 -25.95 -25.61
-32.18 -30.18 -32.98 -20.62 -10.93 1.61 5.52 2.68 -2.31 -13.33 -20.09 -29.35
-30.24 -33.65 -27.07 -22.38 -9.07 2.13 7.01 5.89 -0.03 -8.87 -22.86 -34.96
-33.24 -28.12 -27.7 -22.1 -9.59 0.35 5.04 4.78 -2.96 -14.52 -23.4 -33.22
-34.38 -35.74 -25.94 -20.55 -9.92 -0.28 3.78 2.75 -4.05 -15.66 -25.74 -28.82
-34.16 -32.84 -25.24 -19.49 -11.35 0.52 5.37 2.83 -3.82 -13.36 -25.08 -29.43
-35.45 -31.23 -26.64 -20.81 -9.24 -0.18 5.19 2.65 -4.04 -12.76 -25.81 -24.61
-34.09 -28.23 -29.44 -22.47 -9.18 1.22 5.09 3.25 -1.52 -11.94 -20.87 -24.35
-30.46 -31.17 -24.19 -21.07 -11.1 0.93 5.47 3.35 -1.45 -12.86 -22.8 -27.98
-33.48 -31.91 -32.21 -16.8 -9.92 2.37 5.74 3.82 -3.62 -12.66 -23.35 -32.02
-27.2 -27.5 -28.12 -22.69 -11.75 1.22 5.87 4.39 -0.59 -9.64 -18.7 -19.88
-27.31 -24.11 -28.94 -17.54 -11.33 1.14 5.59 2.75 -3.42 -13.59 -23.55 -28.8
-38.32 -30.51 -30.38 -19.79 -8.45 2.34 5.07 2.77 -0.51 -11.35 -22.06 -30.1
-27.54 -31.89 -28.09 -15.94 -5.13 2.62 5.47 4.05 -2.6 -11.64 -18.07 -28.25
-30.46 -28.32 -29.17 -21.37 -9.85 1.92 5.65 4.75 -1.12 -9.64 -22.53 -29.27
-24.57 -28.7 -30.14 -19.62 -10.95 0.74 4.17 2.05 -1.99 -13.94 -25.06 -30.81
-28.83 -32.43 -26.34 -19.17 -5.22 3.22 5.47 3.05 -1.92 -11.51 -19.72 -29.7
-31.77 -32.35 -29.22 -25.03 -7.74 1.62 5.37 4.59 -0.88 -10.43 -20.94 -27.76
-30.79 -32.95 -32.96 -15.39 -8.38 0.7 5.47 3.17 -1.56 -14.36 -21.91 -29.5
-28.93 -36.53 -29.89 -26.31 -10.1 1.28 4.87 3.71 -1.54 -15.76 -26.27 -33.01
-26.77 -33.67 -35.62 -21.37 -9.04 1.7 6.35 5.93 -0.14 -13.03 -25.2 -27.04
-22.79 -34.09 -27.32 -20.55 -8.14 0.4 5.53 4.13 -1.98 -11.98 -20.58 -31.7
-23.06 -26.58 -27.85 -22.71 -8.92 1.46 5.11 2.71 -3.04 -13.11 -25.9 -31.57
-28.32 -29.43 -27.81 -22.93 -8.77 1.48 4.91 3.45 -1.52 -14.24 -28.64 -27.98
-29 -30.33 -26.64 -18.43 -6.36 2.4 4.76 2.99 -2.78 -11.91 -23.46 -30.04
-27.49 -24.15 -26.7 -22.31 -12.07 -0.18 4.37 3.52 -2.24 -12.65 -25.62 -26.74
-29.9 -31.91 -27.78 -21.13 -8.28 0.37 5.77 3.17 -2.91 -16.41 -27.9 -20.76
-28.61 -38.43 -28.95 -23.52 -8.99 2.4 5.15 2.75 -1.05 -9.66 -20.46 -30.01
-27.09 -28.6 -34.11 -26.16 -10.6 0.02 6.37 3.23 -3.46 -16.08 -18.29 -25.01
-32.83 -26.95 -30.08 -19.64 -7.55 2.08 4.79 1.91 -3.86 -14.48 -19.28 -26.3
-29.23 -35.88 -27.45 -22.82 -8.06 0.58 5.39 4.23 -4.22 -12.45 -26.4 -34.54
-25.47 -30.75 -31.76 -20.13 -9.08 1.1 6.17 2.29 -2.12 -12.22 -26.6 -29.56
-36.67 -21.6 -25.7 -20.25 -8.78 2.15 5.05 3.69 -0.4 -11.22 -25.41 -27.28
-31.89 -38.39 -27.08 -16.09 -5.51 2.5 5.71 5.01 -2.15 -12.98 -22.38 -30.07
-27.26 -32.75 -34.33 -22 -5.41 1.43 5.81 2.22 -2.75 -12.55 -22.35 -31.48
-24.98 -24.3 -24.17 -17.84 -8.55 1.41 5.7 3.88 -4.47 -14.39 -21.91 -26.63
-23.52 -28.62 -30.57 -19.64 -9.51 0.41 5.26 1.48 -2.89 -15.68 -22.59 -26.03
-36.48 -35.88 -31.47 -22.5 -9.24 3.72 5.52 3.78 -2.87 -12.82 -23.15 -27.14
-30.21 -35.28 -28.4 -20.92 -10.75 0 3.26 2.12 -5.04 -17.06 -19.91 -32.58
-28.38 -31.88 -29.94 -24.13 -9.63 2.31 5.16 3 -2.09 -15.41 -18.49 -27.51
-29.29 -31.86 -21.99 -20.29 -4.29 2.9 6 2.4 -1.53 -11.05 -25.55 -25.38
-24.45 -32.62 -26.63 -23.94 -8.13 1.77 6.1 5.47 -1.79 -13.59 -22.76 -31.65
-21.16 -33.36 -31.45 -20.28 -6.05 1.83 6.16 3.56 -0.31 -13.76 -30.25 -28.67
-29.26 -29.02 -29.27 -22.28 -6.41 3.44 3.76 2.72 -0.62 -14.6 -22.39 -26.43
-27.57 -33.92 -29.72 -21.58 -9.96 1.23 6 3.68 -1.51 -13.61 -22.61 -28.67
-29.18 -26.94 -30.15 -21.34 -7.99 -0.13 6.55 4.52 -0.85 -13.2 -25.99 -25.65
-32.22 -30.22 -33.02 -20.66 -10.97 1.57 5.48 2.64 -2.35 -13.37 -20.13 -29.39
-30.28 -33.69 -27.11 -22.42 -9.11 2.09 6.97 5.85 -0.07 -8.91 -22.9 -35
-33.28 -28.16 -27.74 -22.14 -9.63 0.31 5 4.74 -3 -14.56 -23.44 -33.26
-27.25 -32.74 -34.32 -21.99 -5.4 1.44 5.82 2.23 -2.74 -12.54 -22.34 -31.47
-24.97 -24.29 -24.16 -17.83 -8.54 1.42 5.71 3.89 -4.46 -14.38 -21.9 -26.62
-23.51 -28.61 -30.56 -19.63 -9.5 0.42 5.27 1.49 -2.88 -15.67 -22.58 -26.02
-36.47 -35.87 -31.46 -22.49 -9.23 3.73 5.53 3.79 -2.86 -12.81 -23.14 -27.13
-30.2 -35.27 -28.39 -20.91 -10.74 0.01 3.27 2.13 -5.03 -17.05 -19.9 -32.57
-28.37 -31.87 -29.93 -24.12 -9.62 2.32 5.17 3.01 -2.08 -15.4 -18.48 -27.5
-29.28 -31.85 -21.98 -20.28 -4.28 2.91 6.01 2.41 -1.52 -11.04 -25.54 -25.37
-24.44 -32.61 -26.62 -23.93 -8.12 1.78 6.11 5.48 -1.78 -13.58 -22.75 -31.64
-21.15 -33.35 -31.44 -20.27 -6.04 1.84 6.17 3.57 -0.3 -13.75 -30.24 -28.66
-29.25 -29.01 -29.26 -22.27 -6.4 3.45 3.77 2.73 -0.61 -14.59 -22.38 -26.42
-27.56 -33.91 -29.71 -21.57 -9.95 1.24 6.01 3.69 -1.5 -13.6 -22.6 -28.66
-29.17 -26.93 -30.14 -21.33 -7.98 -0.12 6.56 4.53 -0.84 -13.19 -25.98 -25.64
-32.21 -30.21 -33.01 -20.65 -10.96 1.58 5.49 2.65 -2.34 -13.36 -20.12 -29.38
-30.27 -33.68 -27.1 -22.41 -9.1 2.1 6.98 5.86 -0.06 -8.9 -22.89 -34.99
-33.27 -28.15 -27.73 -22.13 -9.62 0.32 5.01 4.75 -2.99 -14.55 -23.43 -33.25
-27.35 -32.84 -34.42 -22.09 -5.5 1.34 5.72 2.13 -2.84 -12.64 -22.44 -31.57
-25.07 -24.39 -24.26 -17.93 -8.64 1.32 5.61 3.79 -4.56 -14.48 -22 -26.72
-23.61 -28.71 -30.66 -19.73 -9.6 0.32 5.17 1.39 -2.98 -15.77 -22.68 -26.12
-36.57 -35.97 -31.56 -22.59 -9.33 3.63 5.43 3.69 -2.96 -12.91 -23.24 -27.23
-30.3 -35.37 -28.49 -21.01 -10.84 -0.09 3.17 2.03 -5.13 -17.15 -20 -32.67
-28.47 -31.97 -30.03 -24.22 -9.72 2.22 5.07 2.91 -2.18 -15.5 -18.58 -27.6
-29.38 -31.95 -22.08 -20.38 -4.38 2.81 5.91 2.31 -1.62 -11.14 -25.64 -25.47
-24.54 -32.71 -26.72 -24.03 -8.22 1.68 6.01 5.38 -1.88 -13.68 -22.85 -31.74
-21.25 -33.45 -31.54 -20.37 -6.14 1.74 6.07 3.47 -0.4 -13.85 -30.34 -28.76
-29.35 -29.11 -29.36 -22.37 -6.5 3.35 3.67 2.63 -0.71 -14.69 -22.48 -26.52
-27.66 -34.01 -29.81 -21.67 -10.05 1.14 5.91 3.59 -1.6 -13.7 -22.7 -28.76
-29.27 -27.03 -30.24 -21.43 -8.08 -0.22 6.46 4.43 -0.94 -13.29 -26.08 -25.74
-32.31 -30.31 -33.11 -20.75 -11.06 1.48 5.39 2.55 -2.44 -13.46 -20.22 -29.48
-30.37 -33.78 -27.2 -22.51 -9.2 2 6.88 5.76 -0.16 -9 -22.99 -35.09
-33.37 -28.25 -27.83 -22.23 -9.72 0.22 4.91 4.65 -3.09 -14.65 -23.53 -33.35
-27.21 -32.7 -34.28 -21.95 -5.36 1.48 5.86 2.27 -2.7 -12.5 -22.3 -31.43
-24.93 -24.25 -24.12 -17.79 -8.5 1.46 5.75 3.93 -4.42 -14.34 -21.86 -26.58
-23.47 -28.57 -30.52 -19.59 -9.46 0.46 5.31 1.53 -2.84 -15.63 -22.54 -25.98
-36.43 -35.83 -31.42 -22.45 -9.19 3.77 5.57 3.83 -2.82 -12.77 -23.1 -27.09
-30.16 -35.23 -28.35 -20.87 -10.7 0.05 3.31 2.17 -4.99 -17.01 -19.86 -32.53
-28.33 -31.83 -29.89 -24.08 -9.58 2.36 5.21 3.05 -2.04 -15.36 -18.44 -27.46
-29.24 -31.81 -21.94 -20.24 -4.24 2.95 6.05 2.45 -1.48 -11 -25.5 -25.33
-24.4 -32.57 -26.58 -23.89 -8.08 1.82 6.15 5.52 -1.74 -13.54 -22.71 -31.6
-21.11 -33.31 -31.4 -20.23 -6 1.88 6.21 3.61 -0.26 -13.71 -30.2 -28.62
-29.21 -28.97 -29.22 -22.23 -6.36 3.49 3.81 2.77 -0.57 -14.55 -22.34 -26.38
-27.52 -33.87 -29.67 -21.53 -9.91 1.28 6.05 3.73 -1.46 -13.56 -22.56 -28.62
-29.13 -26.89 -30.1 -21.29 -7.94 -0.08 6.6 4.57 -0.8 -13.15 -25.94 -25.6
-32.17 -30.17 -32.97 -20.61 -10.92 1.62 5.53 2.69 -2.3 -13.32 -20.08 -29.34
-30.23 -33.64 -27.06 -22.37 -9.06 2.14 7.02 5.9 -0.02 -8.86 -22.85 -34.95
-33.23 -28.11 -27.69 -22.09 -9.58 0.36 5.05 4.79 -2.95 -14.51 -23.39 -33.21
-26.97 -29.33 -31.9 -24.15 -13.18 -0.19 5.58 3.26 -2.31 -12.27 -28.44 -37.13
-37.34 -22.28 -24.46 -18.55 -5.9 1.23 4.4 2.94 -2.88 -12.95 -25.04 -28.77
-36.3 -28.8 -26.21 -22.66 -8.77 0.87 5.16 4.86 -2.73 -13.45 -28.26 -33.19
-38.2 -35.52 -25.38 -24.94 -9.61 0.13 5.58 2.69 -2.27 -13.05 -22.81 -28.31
-35.3 -34.95 -32.5 -22.31 -8.76 1.93 5.33 3.77 -2.07 -13.15 -23.49 -29.07
-28.79 -31.28 -28.07 -21.16 -8.11 1.83 5.72 4.32 -2.07 -13.13 -22.16 -28.41
-27.65 -28.76 -28.73 -20.48 -10.65 1.37 5.13 3.51 -1.81 -12.68 -23.84 -27.66
-28.99 -29.67 -28.16 -20.8 -8.01 2.03 5.88 4.52 -1.54 -12.37 -23.41 -31.15
-31.38 -30.71 -28.57 -25.3 -8.29 1.35 5.43 3.7 -1.8 -13.41 -22.42 -27.76
-29.48 -31.3 -28.16 -20.51 -7.91 2.29 5.88 4.08 -1.51 -12.08 -22.72 -28.61
-27.75 -31.28 -24.69 -18.21 -9.51 2.83 5.98 4.66 1.36 -10.57 -19.5 -31.64
-29.46 -31.22 -32.23 -22.16 -9.61 2.93 6.88 5.56 -1.61 -13.55 -17.79 -23.7
-29.54 -29.12 -30.31 -19.36 -9.11 1.63 5.58 3.36 -2.31 -12.85 -26.71 -30.31
-25.25 -26.22 -31.63 -20.96 -8.62 1.19 4.58 2.98 -2.03 -15.55 -25.84 -28.15
-18.72 -34.22 -32.22 -19.96 -9.9 1.83 5.4 3.76 -2.6 -11.33 -24.8 -30.83
-37.26 -32.5 -33.74 -16.67 -8.76 2.25 6 3.38 -1.39 -10.96 -19.8 -22.82
-32.95 -38.34 -30.78 -21.34 -8.79 1.07 7 2.98 -3.46 -15.81 -21.9 -29.79
-38.84 -35.23 -27.31 -21.34 -10.26 -0.25 5.5 3.58 -0.79 -9.26 -19.2 -30.17
-35.07 -21.5 -21.67 -22.34 -8.89 -0.63 6.2 2.61 -2.49 -13.21 -21.7 -28.09
-27.42 -30.8 -25.54 -19.64 -13.14 0.07 4.12 3.21 -1.99 -12.33 -27.24 -31.67
-34.97 -33.99 -26.54 -18.94 -12.98 -0.07 2.75 4.18 -0.09 -10.93 -22.71 -22.1
-27.53 -34.77 -29.21 -23.06 -7.79 0.95 4.93 3.07 -2.69 -12.31 -26.74 -34.18
-34.07 -26.43 -29.01 -27.79 -9.41 1.83 6.5 3.19 -2.37 -10.86 -25.83 -25.84
-25.19 -28.78 -33.88 -18.34 -10.47 -0.43 5.6 4.68 -1.09 -10.93 -19.58 -31.47
-38.96 -29.1 -32.19 -23.3 -10.86 -0.73 5.54 3.68 0.52 -12.33 -23.89 -27.77
-29.12 -32.72 -32.98 -21.16 -10.77 2.31 5.9 4.08 -1.1 -11.88 -22.51 -28.87
-27.04 -29.84 -27.26 -19.71 -7.14 2.15 6.4 4.1 -1.49 -12.73 -22.41 -33.21
-34.81 -29.17 -22.07 -19.68 -7.69 1.8 6.1 3.98 -1.79 -12.53 -22.71 -28.39
-28.18 -29.63 -28.31 -20.48 -7.79 2.35 6.2 4.38 -2.04 -12.08 -22.87 -26.13
-34.33 -34.27 -29.47 -21.66 -7.39 1.93 5.5 4.58 -1.86 -12.13 -24.37 -32.07
-30.33 -35.61 -33.99 -23.11 -9.2 0.34 4.85 2.71 -2.7 -12.78 -21.28 -30.87
-31.97 -26.58 -29.9 -19.07 -8.8 0.74 3.41 3.29 -2.26 -12.67 -22.78 -32.07
-33 -29.07 -28.76 -16.36 -8.01 1.71 3.97 3.17 -3.22 -15.81 -26.18 -30.49
-28.71 -30.93 -25.6 -22.69 -11.36 -0.76 4.03 2.37 -2.8 -12.8 -24.78 -26.2
-19.43 -26.85 -30.06 -22.75 -12.8 -0.68 4.27 3.74 -3.44 -11.79 -20.21 -29.15
-30.69 -32.94 -27.24 -21.07 -7.82 1.56 4.61 2.49 -1.64 -9.96 -22.44 -26.55
-28.39 -34.51 -28.28 -21.17 -10.16 -0.4 5.47 4.09 -0.7 -9.96 -20.84 -28.84
-29.61 -33.86 -31.98 -20.97 -8.48 3.26 6.32 3.99 -1.16 -10.68 -19.94 -32.86
-26.23 -31.21 -28.3 -14.67 -6 2 5.49 2.43 -2.48 -13.12 -22.84 -33.05
-30.11 -32.98 -28.94 -22.05 -10 0.26 4.33 3.88 -2.62 -17.52 -24.91 -23.21
-24.96 -31.14 -30.24 -20.01 -7.84 1.09 6.37 1.69 -2.7 -13.46 -27.98 -28.14
-23.69 -30.03 -30.5 -17.86 -7.6 2.26 5.87 2.75 -2.23 -12.06 -22.78 -33.74
-31.83 -29.47 -25.34 -21.15 -11.59 2.32 5.27 3.81 -2.61 -14.76 -26.04 -25.95
-22.45 -27.75 -32.84 -21.28 -6.08 1.5 5.51 3.77 -1 -11.28 -19.32 -31.35
-30.42 -29.02 -21.72 -22.65 -8.94 1.28 6.43 3.47 -1.48 -11.28 -24.04 -24.5
-36.92 -32.16 -33.4 -16.33 -8.42 2.59 6.34 3.72 -1.05 -10.62 -19.46 -22.48
-32.61 -38 -30.44 -21 -8.45 1.41 7.34 3.32 -3.12 -15.47 -21.56 -29.45
-38.5 -34.89 -26.97 -21 -9.92 0.09 5.84 3.92 -0.45 -8.92 -18.86 -29.83
-34.73 -21.16 -21.33 -22 -8.55 -0.29 6.54 2.95 -2.15 -12.87 -21.36 -27.75
-27.08 -30.46 -25.2 -19.3 -12.8 0.41 4.46 3.55 -1.65 -11.99 -26.9 -31.33
-34.63 -33.65 -26.2 -18.6 -12.64 0.27 3.09 4.52 0.25 -10.59 -22.37 -21.76
-27.19 -34.43 -28.87 -22.72 -7.45 1.29 5.27 3.41 -2.35 -11.97 -26.4 -33.84
-33.73 -26.09 -28.67 -27.45 -9.07 2.17 6.84 3.53 -2.03 -10.52 -25.49 -25.5
-24.85 -28.44 -33.54 -18 -10.13 -0.09 5.94 5.02 -0.75 -10.59 -19.24 -31.13
-38.62 -28.76 -31.85 -22.96 -10.52 -0.39 5.88 4.02 0.86 -11.99 -23.55 -27.43
-28.78 -32.38 -32.64 -20.82 -10.43 2.65 6.24 4.42 -0.76 -11.54 -22.17 -28.53
-26.7 -29.5 -26.92 -19.37 -6.8 2.49 6.74 4.44 -1.15 -12.39 -22.07 -32.87
-34.47 -28.83 -21.73 -19.34 -7.35 2.14 6.44 4.32 -1.45 -12.19 -22.37 -28.05
-27.84 -29.29 -27.97 -20.14 -7.45 2.69 6.54 4.72 -1.7 -11.74 -22.53 -25.79
-33.99 -33.93 -29.13 -21.32 -7.05 2.27 5.84 4.92 -1.52 -11.79 -24.03 -31.73
-29.03 -36.63 -29.99 -26.41 -10.2 1.18 4.77 3.61 -1.64 -15.86 -26.37 -33.11
-26.87 -33.77 -35.72 -21.47 -9.14 1.6 6.25 5.83 -0.24 -13.13 -25.3 -27.14
-22.89 -34.19 -27.42 -20.65 -8.24 0.3 5.43 4.03 -2.08 -12.08 -20.68 -31.8
-23.16 -26.68 -27.95 -22.81 -9.02 1.36 5.01 2.61 -3.14 -13.21 -26 -31.67
-28.42 -29.53 -27.91 -23.03 -8.87 1.38 4.81 3.35 -1.62 -14.34 -28.74 -28.08
-29.1 -30.43 -26.74 -18.53 -6.46 2.3 4.66 2.89 -2.88 -12.01 -23.56 -30.14
-27.59 -24.25 -26.8 -22.41 -12.17 -0.28 4.27 3.42 -2.34 -12.75 -25.72 -26.84
-30 -32.01 -27.88 -21.23 -8.38 0.27 5.67 3.07 -3.01 -16.51 -28 -20.86
-28.71 -38.53 -29.05 -23.62 -9.09 2.3 5.05 2.65 -1.15 -9.76 -20.56 -30.11
-27.19 -28.7 -34.21 -26.26 -10.7 -0.08 6.27 3.13 -3.56 -16.18 -18.39 -25.11
-32.93 -27.05 -30.18 -19.74 -7.65 1.98 4.69 1.81 -3.96 -14.58 -19.38 -26.4
-29.33 -35.98 -27.55 -22.92 -8.16 0.48 5.29 4.13 -4.32 -12.55 -26.5 -34.64
-25.57 -30.85 -31.86 -20.23 -9.18 1 6.07 2.19 -2.22 -12.32 -26.7 -29.66
-36.77 -21.7 -25.8 -20.35 -8.88 2.05 4.95 3.59 -0.5 -11.32 -25.51 -27.38
-31.99 -38.49 -27.18 -16.19 -5.61 2.4 5.61 4.91 -2.25 -13.08 -22.48 -30.17
-27.49 -32.98 -34.56 -22.23 -5.64 1.2 5.58 1.99 -2.98 -12.78 -22.58 -31.71
-25.21 -24.53 -24.4 -18.07 -8.78 1.18 5.47 3.65 -4.7 -14.62 -22.14 -26.86
-23.75 -28.85 -30.8 -19.87 -9.74 0.18 5.03 1.25 -3.12 -15.91 -22.82 -26.26
-36.71 -36.11 -31.7 -22.73 -9.47 3.49 5.29 3.55 -3.1 -13.05 -23.38 -27.37
-30.44 -35.51 -28.63 -21.15 -10.98 -0.23 3.03 1.89 -5.27 -17.29 -20.14 -32.81
-28.61 -32.11 -30.17 -24.36 -9.86 2.08 4.93 2.77 -2.32 -15.64 -18.72 -27.74
-29.52 -32.09 -22.22 -20.52 -4.52 2.67 5.77 2.17 -1.76 -11.28 -25.78 -25.61
-24.68 -32.85 -26.86 -24.17 -8.36 1.54 5.87 5.24 -2.02 -13.82 -22.99 -31.88
-21.39 -33.59 -31.68 -20.51 -6.28 1.6 5.93 3.33 -0.54 -13.99 -30.48 -28.9
-29.49 -29.25 -29.5 -22.51 -6.64 3.21 3.53 2.49 -0.85 -14.83 -22.62 -26.66
-27.8 -34.15 -29.95 -21.81 -10.19 1 5.77 3.45 -1.74 -13.84 -22.84 -28.9
-29.41 -27.17 -30.38 -21.57 -8.22 -0.36 6.32 4.29 -1.08 -13.43 -26.22 -25.88
-32.45 -30.45 -33.25 -20.89 -11.2 1.34 5.25 2.41 -2.58 -13.6 -20.36 -29.62
-30.51 -33.92 -27.34 -22.65 -9.34 1.86 6.74 5.62 -0.3 -9.14 -23.13 -35.23
-33.51 -28.39 -27.97 -22.37 -9.86 0.08 4.77 4.51 -3.23 -14.79 -23.67 -33.49
-37.06 -32.3 -33.54 -16.47 -8.56 2.45 6.2 3.58 -1.19 -10.76 -19.6 -22.62
-32.75 -38.14 -30.58 -21.14 -8.59 1.27 7.2 3.18 -3.26 -15.61 -21.7 -29.59
-38.64 -35.03 -27.11 -21.14 -10.06 -0.05 5.7 3.78 -0.59 -9.06 -19 -29.97
-34.87 -21.3 -21.47 -22.14 -8.69 -0.43 6.4 2.81 -2.29 -13.01 -21.5 -27.89
-27.22 -30.6 -25.34 -19.44 -12.94 0.27 4.32 3.41 -1.79 -12.13 -27.04 -31.47
-34.77 -33.79 -26.34 -18.74 -12.78 0.13 2.95 4.38 0.11 -10.73 -22.51 -21.9
-27.33 -34.57 -29.01 -22.86 -7.59 1.15 5.13 3.27 -2.49 -12.11 -26.54 -33.98
-33.87 -26.23 -28.81 -27.59 -9.21 2.03 6.7 3.39 -2.17 -10.66 -25.63 -25.64
-24.99 -28.58 -33.68 -18.14 -10.27 -0.23 5.8 4.88 -0.89 -10.73 -19.38 -31.27
-38.76 -28.9 -31.99 -23.1 -10.66 -0.53 5.74 3.88 0.72 -12.13 -23.69 -27.57
-28.92 -32.52 -32.78 -20.96 -10.57 2.51 6.1 4.28 -0.9 -11.68 -22.31 -28.67
-26.84 -29.64 -27.06 -19.51 -6.94 2.35 6.6 4.3 -1.29 -12.53 -22.21 -33.01
-34.61 -28.97 -21.87 -19.48 -7.49 2 6.3 4.18 -1.59 -12.33 -22.51 -28.19
-27.98 -29.43 -28.11 -20.28 -7.59 2.55 6.4 4.58 -1.84 -11.88 -22.67 -25.93
-34.13 -34.07 -29.27 -21.46 -7.19 2.13 5.7 4.78 -1.66 -11.93 -24.17 -31.87
-27.33 -32.82 -34.4 -22.07 -5.48 1.36 5.74 2.15 -2.82 -12.62 -22.42 -31.55
-25.05 -24.37 -24.24 -17.91 -8.62 1.34 5.63 3.81 -4.54 -14.46 -21.98 -26.7
-23.59 -28.69 -30.64 -19.71 -9.58 0.34 5.19 1.41 -2.96 -15.75 -22.66 -26.1
-36.55 -35.95 -31.54 -22.57 -9.31 3.65 5.45 3.71 -2.94 -12.89 -23.22 -27.21
-30.28 -35.35 -28.47 -20.99 -10.82 -0.07 3.19 2.05 -5.11 -17.13 -19.98 -32.65
-28.45 -31.95 -30.01 -24.2 -9.7 2.24 5.09 2.93 -2.16 -15.48 -18.56 -27.58
-29.36 -31.93 -22.06 -20.36 -4.36 2.83 5.93 2.33 -1.6 -11.12 -25.62 -25.45
-24.52 -32.69 -26.7 -24.01 -8.2 1.7 6.03 5.4 -1.86 -13.66 -22.83 -31.72
-21.23 -33.43 -31.52 -20.35 -6.12 1.76 6.09 3.49 -0.38 -13.83 -30.32 -28.74
-29.33 -29.09 -29.34 -22.35 -6.48 3.37 3.69 2.65 -0.69 -14.67 -22.46 -26.5
-27.64 -33.99 -29.79 -21.65 -10.03 1.16 5.93 3.61 -1.58 -13.68 -22.68 -28.74
-29.25 -27.01 -30.22 -21.41 -8.06 -0.2 6.48 4.45 -0.92 -13.27 -26.06 -25.72
-32.29 -30.29 -33.09 -20.73 -11.04 1.5 5.41 2.57 -2.42 -13.44 -20.2 -29.46
-30.35 -33.76 -27.18 -22.49 -9.18 2.02 6.9 5.78 -0.14 -8.98 -22.97 -35.07
-33.35 -28.23 -27.81 -22.21 -9.7 0.24 4.93 4.67 -3.07 -14.63 -23.51 -33.33
-27.12 -29.48 -32.05 -24.3 -13.33 -0.34 5.43 3.11 -2.46 -12.42 -28.59 -37.28
-37.49 -22.43 -24.61 -18.7 -6.05 1.08 4.25 2.79 -3.03 -13.1 -25.19 -28.92
-36.45 -28.95 -26.36 -22.81 -8.92 0.72 5.01 4.71 -2.88 -13.6 -28.41 -33.34
-38.35 -35.67 -25.53 -25.09 -9.76 -0.02 5.43 2.54 -2.42 -13.2 -22.96 -28.46
-35.45 -35.1 -32.65 -22.46 -8.91 1.78 5.18 3.62 -2.22 -13.3 -23.64 -29.22
-28.94 -31.43 -28.22 -21.31 -8.26 1.68 5.57 4.17 -2.22 -13.28 -22.31 -28.56
-27.8 -28.91 -28.88 -20.63 -10.8 1.22 4.98 3.36 -1.96 -12.83 -23.99 -27.81
-29.14 -29.82 -28.31 -20.95 -8.16 1.88 5.73 4.37 -1.69 -12.52 -23.56 -31.3
-31.53 -30.86 -28.72 -25.45 -8.44 1.2 5.28 3.55 -1.95 -13.56 -22.57 -27.91
-29.63 -31.45 -28.31 -20.66 -8.06 2.14 5.73 3.93 -1.66 -12.23 -22.87 -28.76
-27.9 -31.43 -24.84 -18.36 -9.66 2.68 5.83 4.51 1.21 -10.72 -19.65 -31.79
-29.61 -31.37 -32.38 -22.31 -9.76 2.78 6.73 5.41 -1.76 -13.7 -17.94 -23.85
-29.69 -29.27 -30.46 -19.51 -9.26 1.48 5.43 3.21 -2.46 -13 -26.86 -30.46
-25.4 -26.37 -31.78 -21.11 -8.77 1.04 4.43 2.83 -2.18 -15.7 -25.99 -28.3
-18.87 -34.37 -32.37 -20.11 -10.05 1.68 5.25 3.61 -2.75 -11.48 -24.95 -30.98
-30.51 -35.79 -34.17 -23.29 -9.38 0.16 4.67 2.53 -2.88 -12.96 -21.46 -31.05
-32.15 -26.76 -30.08 -19.25 -8.98 0.56 3.23 3.11 -2.44 -12.85 -22.96 -32.25
-33.18 -29.25 -28.94 -16.54 -8.19 1.53 3.79 2.99 -3.4 -15.99 -26.36 -30.67
-28.89 -31.11 -25.78 -22.87 -11.54 -0.94 3.85 2.19 -2.98 -12.98 -24.96 -26.38
-19.61 -27.03 -30.24 -22.93 -12.98 -0.86 4.09 3.56 -3.62 -11.97 -20.39 -29.33
-30.87 -33.12 -27.42 -21.25 -8 1.38 4.43 2.31 -1.82 -10.14 -22.62 -26.73
-28.57 -34.69 -28.46 -21.35 -10.34 -0.58 5.29 3.91 -0.88 -10.14 -21.02 -29.02
-29.79 -34.04 -32.16 -21.15 -8.66 3.08 6.14 3.81 -1.34 -10.86 -20.12 -33.04
-26.41 -31.39 -28.48 -14.85 -6.18 1.82 5.31 2.25 -2.66 -13.3 -23.02 -33.23
-30.29 -33.16 -29.12 -22.23 -10.18 0.08 4.15 3.7 -2.8 -17.7 -25.09 -23.39
-25.14 -31.32 -30.42 -20.19 -8.02 0.91 6.19 1.51 -2.88 -13.64 -28.16 -28.32
-23.87 -30.21 -30.68 -18.04 -7.78 2.08 5.69 2.57 -2.41 -12.24 -22.96 -33.92
-32.01 -29.65 -25.52 -21.33 -11.77 2.14 5.09 3.63 -2.79 -14.94 -26.22 -26.13
-22.63 -27.93 -33.02 -21.46 -6.26 1.32 5.33 3.59 -1.18 -11.46 -19.5 -31.53
-30.6 -29.2 -21.9 -22.83 -9.12 1.1 6.25 3.29 -1.66 -11.46 -24.22 -24.68
-26.89 -29.25 -31.82 -24.07 -13.1 -0.11 5.66 3.34 -2.23 -12.19 -28.36 -37.05
-37.26 -22.2 -24.38 -18.47 -5.82 1.31 4.48 3.02 -2.8 -12.87 -24.96 -28.69
-36.22 -28.72 -26.13 -22.58 -8.69 0.95 5.24 4.94 -2.65 -13.37 -28.18 -33.11
-38.12 -35.44 -25.3 -24.86 -9.53 0.21 5.66 2.77 -2.19 -12.97 -22.73 -28.23
-35.22 -34.87 -32.42 -22.23 -8.68 2.01 5.41 3.85 -1.99 -13.07 -23.41 -28.99
-28.71 -31.2 -27.99 -21.08 -8.03 1.91 5.8 4.4 -1.99 -13.05 -22.08 -28.33
-27.57 -28.68 -28.65 -20.4 -10.57 1.45 5.21 3.59 -1.73 -12.6 -23.76 -27.58
-28.91 -29.59 -28.08 -20.72 -7.93 2.11 5.96 4.6 -1.46 -12.29 -23.33 -31.07
-31.3 -30.63 -28.49 -25.22 -8.21 1.43 5.51 3.78 -1.72 -13.33 -22.34 -27.68
-29.4 -31.22 -28.08 -20.43 -7.83 2.37 5.96 4.16 -1.43 -12 -22.64 -28.53
-27.67 -31.2 -24.61 -18.13 -9.43 2.91 6.06 4.74 1.44 -10.49 -19.42 -31.56
-29.38 -31.14 -32.15 -22.08 -9.53 3.01 6.96 5.64 -1.53 -13.47 -17.71 -23.62
-29.46 -29.04 -30.23 -19.28 -9.03 1.71 5.66 3.44 -2.23 -12.77 -26.63 -30.23
-25.17 -26.14 -31.55 -20.88 -8.54 1.27 4.66 3.06 -1.95 -15.47 -25.76 -28.07
-18.64 -34.14 -32.14 -19.88 -9.82 1.91 5.48 3.84 -2.52 -11.25 -24.72 -30.75
-37.26 -32.5 -33.74 -16.67 -8.76 2.25 6 3.38 -1.39 -10.96 -19.8 -22.82
-32.95 -38.34 -30.78 -21.34 -8.79 1.07 7 2.98 -3.46 -15.81 -21.9 -29.79
-38.84 -35.23 -27.31 -21.34 -10.26 -0.25 5.5 3.58 -0.79 -9.26 -19.2 -30.17
-35.07 -21.5 -21.67 -22.34 -8.89 -0.63 6.2 2.61 -2.49 -13.21 -21.7 -28.09
-27.42 -30.8 -25.54 -19.64 -13.14 0.07 4.12 3.21 -1.99 -12.33 -27.24 -31.67
-34.97 -33.99 -26.54 -18.94 -12.98 -0.07 2.75 4.18 -0.09 -10.93 -22.71 -22.1
-27.53 -34.77 -29.21 -23.06 -7.79 0.95 4.93 3.07 -2.69 -12.31 -26.74 -34.18
-34.07 -26.43 -29.01 -27.79 -9.41 1.83 6.5 3.19 -2.37 -10.86 -25.83 -25.84
-25.19 -28.78 -33.88 -18.34 -10.47 -0.43 5.6 4.68 -1.09 -10.93 -19.58 -31.47
-38.96 -29.1 -32.19 -23.3 -10.86 -0.73 5.54 3.68 0.52 -12.33 -23.89 -27.77
-29.12 -32.72 -32.98 -21.16 -10.77 2.31 5.9 4.08 -1.1 -11.88 -22.51 -28.87
-27.04 -29.84 -27.26 -19.71 -7.14 2.15 6.4 4.1 -1.49 -12.73 -22.41 -33.21
-34.81 -29.17 -22.07 -19.68 -7.69 1.8 6.1 3.98 -1.79 -12.53 -22.71 -28.39
-28.18 -29.63 -28.31 -20.48 -7.79 2.35 6.2 4.38 -2.04 -12.08 -22.87 -26.13
-34.33 -34.27 -29.47 -21.66 -7.39 1.93 5.5 4.58 -1.86 -12.13 -24.37 -32.07
-27.2 -32.69 -34.27 -21.94 -5.35 1.49 5.87 2.28 -2.69 -12.49 -22.29 -31.42
-24.92 -24.24 -24.11 -17.78 -8.49 1.47 5.76 3.94 -4.41 -14.33 -21.85 -26.57
-23.46 -28.56 -30.51 -19.58 -9.45 0.47 5.32 1.54 -2.83 -15.62 -22.53 -25.97
-36.42 -35.82 -31.41 -22.44 -9.18 3.78 5.58 3.84 -2.81 -12.76 -23.09 -27.08
-30.15 -35.22 -28.34 -20.86 -10.69 0.06 3.32 2.18 -4.98 -17 -19.85 -32.52
-28.32 -31.82 -29.88 -24.07 -9.57 2.37 5.22 3.06 -2.03 -15.35 -18.43 -27.45
-29.23 -31.8 -21.93 -20.23 -4.23 2.96 6.06 2.46 -1.47 -10.99 -25.49 -25.32
-24.39 -32.56 -26.57 -23.88 -8.07 1.83 6.16 5.53 -1.73 -13.53 -22.7 -31.59
-21.1 -33.3 -31.39 -20.22 -5.99 1.89 6.22 3.62 -0.25 -13.7 -30.19 -28.61
-29.2 -28.96 -29.21 -22.22 -6.35 3.5 3.82 2.78 -0.56 -14.54 -22.33 -26.37
-27.51 -33.86 -29.66 -21.52 -9.9 1.29 6.06 3.74 -1.45 -13.55 -22.55 -28.61
-29.12 -26.88 -30.09 -21.28 -7.93 -0.07 6.61 4.58 -0.79 -13.14 -25.93 -25.59
-32.16 -30.16 -32.96 -20.6 -10.91 1.63 5.54 2.7 -2.29 -13.31 -20.07 -29.33
-30.22 -33.63 -27.05 -22.36 -9.05 2.15 7.03 5.91 -0.01 -8.85 -22.84 -34.94
-33.22 -28.1 -27.68 -22.08 -9.57 0.37 5.06 4.8 -2.94 -14.5 -23.38 -33.2
-34.67 -36.03 -26.23 -20.84 -10.21 -0.57 3.49 2.46 -4.34 -15.95 -26.03 -29.11
-34.45 -33.13 -25.53 -19.78 -11.64 0.23 5.08 2.54 -4.11 -13.65 -25.37 -29.72
-35.74 -31.52 -26.93 -21.1 -9.53 -0.47 4.9 2.36 -4.33 -13.05 -26.1 -24.9
-34.38 -28.52 -29.73 -22.76 -9.47 0.93 4.8 2.96 -1.81 -12.23 -21.16 -24.64
-30.75 -31.46 -24.48 -21.36 -11.39 0.64 5.18 3.06 -1.74 -13.15 -23.09 -28.27
-33.77 -32.2 -32.5 -17.09 -10.21 2.08 5.45 3.53 -3.91 -12.95 -23.64 -32.31
-27.49 -27.79 -28.41 -22.98 -12.04 0.93 5.58 4.1 -0.88 -9.93 -18.99 -20.17
-27.6 -24.4 -29.23 -17.83 -11.62 0.85 5.3 2.46 -3.71 -13.88 -23.84 -29.09
-38.61 -30.8 -30.67 -20.08 -8.74 2.05 4.78 2.48 -0.8 -11.64 -22.35 -30.39
-27.83 -32.18 -28.38 -16.23 -5.42 2.33 5.18 3.76 -2.89 -11.93 -18.36 -28.54
-30.75 -28.61 -29.46 -21.66 -10.14 1.63 5.36 4.46 -1.41 -9.93 -22.82 -29.56
-24.86 -28.99 -30.43 -19.91 -11.24 0.45 3.88 1.76 -2.28 -14.23 -25.35 -31.1
-29.12 -32.72 -26.63 -19.46 -5.51 2.93 5.18 2.76 -2.21 -11.8 -20.01 -29.99
-32.06 -32.64 -29.51 -25.32 -8.03 1.33 5.08 4.3 -1.17 -10.72 -21.23 -28.05
-31.08 -33.24 -33.25 -15.68 -8.67 0.41 5.18 2.88 -1.85 -14.65 -22.2 -29.79
-28.92 -36.52 -29.88 -26.3 -10.09 1.29 4.88 3.72 -1.53 -15.75 -26.26 -33
-26.76 -33.66 -35.61 -21.36 -9.03 1.71 6.36 5.94 -0.13 -13.02 -25.19 -27.03
-22.78 -34.08 -27.31 -20.54 -8.13 0.41 5.54 4.14 -1.97 -11.97 -20.57 -31.69
-23.05 -26.57 -27.84 -22.7 -8.91 1.47 5.12 2.72 -3.03 -13.1 -25.89 -31.56
-28.31 -29.42 -27.8 -22.92 -8.76 1.49 4.92 3.46 -1.51 -14.23 -28.63 -27.97
-28.99 -30.32 -26.63 -18.42 -6.35 2.41 4.77 3 -2.77 -11.9 -23.45 -30.03
-27.48 -24.14 -26.69 -22.3 -12.06 -0.17 4.38 3.53 -2.23 -12.64 -25.61 -26.73
-29.89 -31.9 -27.77 -21.12 -8.27 0.38 5.78 3.18 -2.9 -16.4 -27.89 -20.75
-28.6 -38.42 -28.94 -23.51 -8.98 2.41 5.16 2.76 -1.04 -9.65 -20.45 -30
-27.08 -28.59 -34.1 -26.15 -10.59 0.03 6.38 3.24 -3.45 -16.07 -18.28 -25
-32.82 -26.94 -30.07 -19.63 -7.54 2.09 4.8 1.92 -3.85 -14.47 -19.27 -26.29
-29.22 -35.87 -27.44 -22.81 -8.05 0.59 5.4 4.24 -4.21 -12.44 -26.39 -34.53
-25.46 -30.74 -31.75 -20.12 -9.07 1.11 6.18 2.3 -2.11 -12.21 -26.59 -29.55
-36.66 -21.59 -25.69 -20.24 -8.77 2.16 5.06 3.7 -0.39 -11.21 -25.4 -27.27
-31.88 -38.38 -27.07 -16.08 -5.5 2.51 5.72 5.02 -2.14 -12.97 -22.37 -30.06
-34.62 -35.98 -26.18 -20.79 -10.16 -0.52 3.54 2.51 -4.29 -15.9 -25.98 -29.06
-34.4 -33.08 -25.48 -19.73 -11.59 0.28 5.13 2.59 -4.06 -13.6 -25.32 -29.67
-35.69 -31.47 -26.88 -21.05 -9.48 -0.42 4.95 2.41 -4.28 -13 -26.05 -24.85
-34.33 -28.47 -29.68 -22.71 -9.42 0.98 4.85 3.01 -1.76 -12.18 -21.11 -24.59
-30.7 -31.41 -24.43 -21.31 -11.34 0.69 5.23 3.11 -1.69 -13.1 -23.04 -28.22
-33.72 -32.15 -32.45 -17.04 -10.16 2.13 5.5 3.58 -3.86 -12.9 -23.59 -32.26
-27.44 -27.74 -28.36 -22.93 -11.99 0.98 5.63 4.15 -0.83 -9.88 -18.94 -20.12
-27.55 -24.35 -29.18 -17.78 -11.57 0.9 5.35 2.51 -3.66 -13.83 -23.79 -29.04
-38.56 -30.75 -30.62 -20.03 -8.69 2.1 4.83 2.53 -0.75 -11.59 -22.3 -30.34
-27.78 -32.13 -28.33 -16.18 -5.37 2.38 5.23 3.81 -2.84 -11.88 -18.31 -28.49
-30.7 -28.56 -29.41 -21.61 -10.09 1.68 5.41 4.51 -1.36 -9.88 -22.77 -29.51
-24.81 -28.94 -30.38 -19.86 -11.19 0.5 3.93 1.81 -2.23 -14.18 -25.3 -31.05
-29.07 -32.67 -26.58 -19.41 -5.46 2.98 5.23 2.81 -2.16 -11.75 -19.96 -29.94
-32.01 -32.59 -29.46 -25.27 -7.98 1.38 5.13 4.35 -1.12 -10.67 -21.18 -28
-31.03 -33.19 -33.2 -15.63 -8.62 0.46 5.23 2.93 -1.8 -14.6 -22.15 -29.74
-30.48 -35.76 -34.14 -23.26 -9.35 0.19 4.7 2.56 -2.85 -12.93 -21.43 -31.02
-32.12 -26.73 -30.05 -19.22 -8.95 0.59 3.26 3.14 -2.41 -12.82 -22.93 -32.22
-33.15 -29.22 -28.91 -16.51 -8.16 1.56 3.82 3.02 -3.37 -15.96 -26.33 -30.64
-28.86 -31.08 -25.75 -22.84 -11.51 -0.91 3.88 2.22 -2.95 -12.95 -24.93 -26.35
-19.58 -27 -30.21 -22.9 -12.95 -0.83 4.12 3.59 -3.59 -11.94 -20.36 -29.3
-30.84 -33.09 -27.39 -21.22 -7.97 1.41 4.46 2.34 -1.79 -10.11 -22.59 -26.7
-28.54 -34.66 -28.43 -21.32 -10.31 -0.55 5.32 3.94 -0.85 -10.11 -20.99 -28.99
-29.76 -34.01 -32.13 -21.12 -8.63 3.11 6.17 3.84 -1.31 -10.83 -20.09 -33.01
-26.38 -31.36 -28.45 -14.82 -6.15 1.85 5.34 2.28 -2.63 -13.27 -22.99 -33.2
-30.26 -33.13 -29.09 -22.2 -10.15 0.11 4.18 3.73 -2.77 -17.67 -25.06 -23.36
-25.11 -31.29 -30.39 -20.16 -7.99 0.94 6.22 1.54 -2.85 -13.61 -28.13 -28.29
-23.84 -30.18 -30.65 -18.01 -7.75 2.11 5.72 2.6 -2.38 -12.21 -22.93 -33.89
-31.98 -29.62 -25.49 -21.3 -11.74 2.17 5.12 3.66 -2.76 -14.91 -26.19 -26.1
-22.6 -27.9 -32.99 -21.43 -6.23 1.35 5.36 3.62 -1.15 -11.43 -19.47 -31.5
-30.57 -29.17 -21.87 -22.8 -9.09 1.13 6.28 3.32 -1.63 -11.43 -24.19 -24.65
-27.02 -29.38 -31.95 -24.2 -13.23 -0.24 5.53 3.21 -2.36 -12.32 -28.49 -37.18
-37.39 -22.33 -24.51 -18.6 -5.95 1.18 4.35 2.89 -2.93 -13 -25.09 -28.82
-36.35 -28.85 -26.26 -22.71 -8.82 0.82 5.11 4.81 -2.78 -13.5 -28.31 -33.24
-38.25 -35.57 -25.43 -24.99 -9.66 0.08 5.53 2.64 -2.32 -13.1 -22.86 -28.36
-35.35 -35 -32.55 -22.36 -8.81 1.88 5.28 3.72 -2.12 -13.2 -23.54 -29.12
-28.84 -31.33 -28.12 -21.21 -8.16 1.78 5.67 4.27 -2.12 -13.18 -22.21 -28.46
-27.7 -28.81 -28.78 -20.53 -10.7 1.32 5.08 3.46 -1.86 -12.73 -23.89 -27.71
-29.04 -29.72 -28.21 -20.85 -8.06 1.98 5.83 4.47 -1.59 -12.42 -23.46 -31.2
-31.43 -30.76 -28.62 -25.35 -8.34 1.3 5.38 3.65 -1.85 -13.46 -22.47 -27.81
-29.53 -31.35 -28.21 -20.56 -7.96 2.24 5.83 4.03 -1.56 -12.13 -22.77 -28.66
-27.8 -31.33 -24.74 -18.26 -9.56 2.78 5.93 4.61 1.31 -10.62 -19.55 -31.69
-29.51 -31.27 -32.28 -22.21 -9.66 2.88 6.83 5.51 -1.66 -13.6 -17.84 -23.75
-29.59 -29.17 -30.36 -19.41 -9.16 1.58 5.53 3.31 -2.36 -12.9 -26.76 -30.36
-25.3 -26.27 -31.68 -21.01 -8.67 1.14 4.53 2.93 -2.08 -15.6 -25.89 -28.2
-18.77 -34.27 -32.27 -20.01 -9.95 1.78 5.35 3.71 -2.65 -11.38 -24.85 -30.88
-27.35 -32.84 -34.42 -22.09 -5.5 1.34 5.72 2.13 -2.84 -12.64 -22.44 -31.57
-25.07 -24.39 -24.26 -17.93 -8.64 1.32 5.61 3.79 -4.56 -14.48 -22 -26.72
-23.61 -28.71 -30.66 -19.73 -9.6 0.32 5.17 1.39 -2.98 -15.77 -22.68 -26.12
-36.57 -35.97 -31.56 -22.59 -9.33 3.63 5.43 3.69 -2.96 -12.91 -23.24 -27.23
-30.3 -35.37 -28.49 -21.01 -10.84 -0.09 3.17 2.03 -5.13 -17.15 -20 -32.67
-28.47 -31.97 -30.03 -24.22 -9.72 2.22 5.07 2.91 -2.18 -15.5 -18.58 -27.6
-29.38 -31.95 -22.08 -20.38 -4.38 2.81 5.91 2.31 -1.62 -11.14 -25.64 -25.47
-24.54 -32.71 -26.72 -24.03 -8.22 1.68 6.01 5.38 -1.88 -13.68 -22.85 -31.74
-21.25 -33.45 -31.54 -20.37 -6.14 1.74 6.07 3.47 -0.4 -13.85 -30.34 -28.76
-29.35 -29.11 -29.36 -22.37 -6.5 3.35 3.67 2.63 -0.71 -14.69 -22.48 -26.52
-27.66 -34.01 -29.81 -21.67 -10.05 1.14 5.91 3.59 -1.6 -13.7 -22.7 -28.76
-29.27 -27.03 -30.24 -21.43 -8.08 -0.22 6.46 4.43 -0.94 -13.29 -26.08 -25.74
-32.31 -30.31 -33.11 -20.75 -11.06 1.48 5.39 2.55 -2.44 -13.46 -20.22 -29.48
-30.37 -33.78 -27.2 -22.51 -9.2 2 6.88 5.76 -0.16 -9 -22.99 -35.09
-33.37 -28.25 -27.83 -22.23 -9.72 0.22 4.91 4.65 -3.09 -14.65 -23.53 -33.35
-37.18 -32.42 -33.66 -16.59 -8.68 2.33 6.08 3.46 -1.31 -10.88 -19.72 -22.74
-32.87 -38.26 -30.7 -21.26 -8.71 1.15 7.08 3.06 -3.38 -15.73 -21.82 -29.71
-38.76 -35.15 -27.23 -21.26 -10.18 -0.17 5.58 3.66 -0.71 -9.18 -19.12 -30.09
-34.99 -21.42 -21.59 -22.26 -8.81 -0.55 6.28 2.69 -2.41 -13.13 -21.62 -28.01
-27.34 -30.72 -25.46 -19.56 -13.06 0.15 4.2 3.29 -1.91 -12.25 -27.16 -31.59
-34.89 -33.91 -26.46 -18.86 -12.9 0.01 2.83 4.26 -0.01 -10.85 -22.63 -22.02
-27.45 -34.69 -29.13 -22.98 -7.71 1.03 5.01 3.15 -2.61 -12.23 -26.66 -34.1
-33.99 -26.35 -28.93 -27.71 -9.33 1.91 6.58 3.27 -2.29 -10.78 -25.75 -25.76
-25.11 -28.7 -33.8 -18.26 -10.39 -0.35 5.68 4.76 -1.01 -10.85 -19.5 -31.39
-38.88 -29.02 -32.11 -23.22 -10.78 -0.65 5.62 3.76 0.6 -12.25 -23.81 -27.69
-29.04 -32.64 -32.9 -21.08 -10.69 2.39 5.98 4.16 -1.02 -11.8 -22.43 -28.79
-26.96 -29.76 -27.18 -19.63 -7.06 2.23 6.48 4.18 -1.41 -12.65 -22.33 -33.13
-34.73 -29.09 -21.99 -19.6 -7.61 1.88 6.18 4.06 -1.71 -12.45 -22.63 -28.31
-28.1 -29.55 -28.23 -20.4 -7.71 2.43 6.28 4.46 -1.96 -12 -22.79 -26.05
-34.25 -34.19 -29.39 -21.58 -7.31 2.01 5.58 4.66 -1.78 -12.05 -24.29 -31.99
-37.13 -32.37 -33.61 -16.54 -8.63 2.38 6.13 3.51 -1.26 -10.83 -19.67 -22.69
-32.82 -38.21 -30.65 -21.21 -8.66 1.2 7.13 3.11 -3.33 -15.68 -21.77 -29.66
-38.71 -35.1 -27.18 -21.21 -10.13 -0.12 5.63 3.71 -0.66 -9.13 -19.07 -30.04
-34.94 -21.37 -21.54 -22.21 -8.76 -0.5 6.33 2.74 -2.36 -13.08 -21.57 -27.96
-27.29 -30.67 -25.41 -19.51 -13.01 0.2 4.25 3.34 -1.86 -12.2 -27.11 -31.54
-34.84 -33.86 -26.41 -18.81 -12.85 0.06 2.88 4.31 0.04 -10.8 -22.58 -21.97
-27.4 -34.64 -29.08 -22.93 -7.66 1.08 5.06 3.2 -2.56 -12.18 -26.61 -34.05
-33.94 -26.3 -28.88 -27.66 -9.28 1.96 6.63 3.32 -2.24 -10.73 -25.7 -25.71
-25.06 -28.65 -33.75 -18.21 -10.34 -0.3 5.73 4.81 -0.96 -10.8 -19.45 -31.34
-38.83 -28.97 -32.06 -23.17 -10.73 -0.6 5.67 3.81 0.65 -12.2 -23.76 -27.64
-28.99 -32.59 -32.85 -21.03 -10.64 2.44 6.03 4.21 -0.97 -11.75 -22.38 -28.74
-26.91 -29.71 -27.13 -19.58 -7.01 2.28 6.53 4.23 -1.36 -12.6 -22.28 -33.08
-34.68 -29.04 -21.94 -19.55 -7.56 1.93 6.23 4.11 -1.66 -12.4 -22.58 -28.26
-28.05 -29.5 -28.18 -20.35 -7.66 2.48 6.33 4.51 -1.91 -11.95 -22.74 -26
-34.2 -34.14 -29.34 -21.53 -7.26 2.06 5.63 4.71 -1.73 -12 -24.24 -31.94
-34.65 -36.01 -26.21 -20.82 -10.19 -0.55 3.51 2.48 -4.32 -15.93 -26.01 -29.09
-34.43 -33.11 -25.51 -19.76 -11.62 0.25 5.1 2.56 -4.09 -13.63 -25.35 -29.7
-35.72 -31.5 -26.91 -21.08 -9.51 -0.45 4.92 2.38 -4.31 -13.03 -26.08 -24.88
-34.36 -28.5 -29.71 -22.74 -9.45 0.95 4.82 2.98 -1.79 -12.21 -21.14 -24.62
-30.73 -31.44 -24.46 -21.34 -11.37 0.66 5.2 3.08 -1.72 -13.13 -23.07 -28.25
-33.75 -32.18 -32.48 -17.07 -10.19 2.1 5.47 3.55 -3.89 -12.93 -23.62 -32.29
-27.47 -27.77 -28.39 -22.96 -12.02 0.95 5.6 4.12 -0.86 -9.91 -18.97 -20.15
-27.58 -24.38 -29.21 -17.81 -11.6 0.87 5.32 2.48 -3.69 -13.86 -23.82 -29.07
-38.59 -30.78 -30.65 -20.06 -8.72 2.07 4.8 2.5 -0.78 -11.62 -22.33 -30.37
-27.81 -32.16 -28.36 -16.21 -5.4 2.35 5.2 3.78 -2.87 -11.91 -18.34 -28.52
-30.73 -28.59 -29.44 -21.64 -10.12 1.65 5.38 4.48 -1.39 -9.91 -22.8 -29.54
-24.84 -28.97 -30.41 -19.89 -11.22 0.47 3.9 1.78 -2.26 -14.21 -25.33 -31.08
-29.1 -32.7 -26.61 -19.44 -5.49 2.95 5.2 2.78 -2.19 -11.78 -19.99 -29.97
-32.04 -32.62 -29.49 -25.3 -8.01 1.35 5.1 4.32 -1.15 -10.7 -21.21 -28.03
-31.06 -33.22 -33.23 -15.66 -8.65 0.43 5.2 2.9 -1.83 -14.63 -22.18 -29.77
-30.34 -35.62 -34 -23.12 -9.21 0.33 4.84 2.7 -2.71 -12.79 -21.29 -30.88
-31.98 -26.59 -29.91 -19.08 -8.81 0.73 3.4 3.28 -2.27 -12.68 -22.79 -32.08
-33.01 -29.08 -28.77 -16.37 -8.02 1.7 3.96 3.16 -3.23 -15.82 -26.19 -30.5
-28.72 -30.94 -25.61 -22.7 -11.37 -0.77 4.02 2.36 -2.81 -12.81 -24.79 -26.21
-19.44 -26.86 -30.07 -22.76 -12.81 -0.69 4.26 3.73 -3.45 -11.8 -20.22 -29.16
-30.7 -32.95 -27.25 -21.08 -7.83 1.55 4.6 2.48 -1.65 -9.97 -22.45 -26.56
-28.4 -34.52 -28.29 -21.18 -10.17 -0.41 5.46 4.08 -0.71 -9.97 -20.85 -28.85
-29.62 -33.87 -31.99 -20.98 -8.49 3.25 6.31 3.98 -1.17 -10.69 -19.95 -32.87
-26.24 -31.22 -28.31 -14.68 -6.01 1.99 5.48 2.42 -2.49 -13.13 -22.85 -33.06
-30.12 -32.99 -28.95 -22.06 -10.01 0.25 4.32 3.87 -2.63 -17.53 -24.92 -23.22
-24.97 -31.15 -30.25 -20.02 -7.85 1.08 6.36 1.68 -2.71 -13.47 -27.99 -28.15
-23.7 -30.04 -30.51 -17.87 -7.61 2.25 5.86 2.74 -2.24 -12.07 -22.79 -33.75
-31.84 -29.48 -25.35 -21.16 -11.6 2.31 5.26 3.8 -2.62 -14.77 -26.05 -25.96
-22.46 -27.76 -32.85 -21.29 -6.09 1.49 5.5 3.76 -1.01 -11.29 -19.33 -31.36
-30.43 -29.03 -21.73 -22.66 -8.95 1.27 6.42 3.46 -1.49 -11.29 -24.05 -24.51
-27.56 -33.05 -34.63 -22.3 -5.71 1.13 5.51 1.92 -3.05 -12.85 -22.65 -31.78
-25.28 -24.6 -24.47 -18.14 -8.85 1.11 5.4 3.58 -4.77 -14.69 -22.21 -26.93
-23.82 -28.92 -30.87 -19.94 -9.81 0.11 4.96 1.18 -3.19 -15.98 -22.89 -26.33
-36.78 -36.18 -31.77 -22.8 -9.54 3.42 5.22 3.48 -3.17 -13.12 -23.45 -27.44
-30.51 -35.58 -28.7 -21.22 -11.05 -0.3 2.96 1.82 -5.34 -17.36 -20.21 -32.88
-28.68 -32.18 -30.24 -24.43 -9.93 2.01 4.86 2.7 -2.39 -15.71 -18.79 -27.81
-29.59 -32.16 -22.29 -20.59 -4.59 2.6 5.7 2.1 -1.83 -11.35 -25.85 -25.68
-24.75 -32.92 -26.93 -24.24 -8.43 1.47 5.8 5.17 -2.09 -13.89 -23.06 -31.95
-21.46 -33.66 -31.75 -20.58 -6.35 1.53 5.86 3.26 -0.61 -14.06 -30.55 -28.97
-29.56 -29.32 -29.57 -22.58 -6.71 3.14 3.46 2.42 -0.92 -14.9 -22.69 -26.73
-27.87 -34.22 -30.02 -21.88 -10.26 0.93 5.7 3.38 -1.81 -13.91 -22.91 -28.97
-29.48 -27.24 -30.45 -21.64 -8.29 -0.43 6.25 4.22 -1.15 -13.5 -26.29 -25.95
-32.52 -30.52 -33.32 -20.96 -11.27 1.27 5.18 2.34 -2.65 -13.67 -20.43 -29.69
-30.58 -33.99 -27.41 -22.72 -9.41 1.79 6.67 5.55 -0.37 -9.21 -23.2 -35.3
-33.58 -28.46 -28.04 -22.44 -9.93 0.01 4.7 4.44 -3.3 -14.86 -23.74 -33.56
-30.77 -36.05 -34.43 -23.55 -9.64 -0.1 4.41 2.27 -3.14 -13.22 -21.72 -31.31
-32.41 -27.02 -30.34 -19.51 -9.24 0.3 2.97 2.85 -2.7 -13.11 -23.22 -32.51
-33.44 -29.51 -29.2 -16.8 -8.45 1.27 3.53 2.73 -3.66 -16.25 -26.62 -30.93
-29.15 -31.37 -26.04 -23.13 -11.8 -1.2 3.59 1.93 -3.24 -13.24 -25.22 -26.64
-19.87 -27.29 -30.5 -23.19 -13.24 -1.12 3.83 3.3 -3.88 -12.23 -20.65 -29.59
-31.13 -33.38 -27.68 -21.51 -8.26 1.12 4.17 2.05 -2.08 -10.4 -22.88 -26.99
-28.83 -34.95 -28.72 -21.61 -10.6 -0.84 5.03 3.65 -1.14 -10.4 -21.28 -29.28
-30.05 -34.3 -32.42 -21.41 -8.92 2.82 5.88 3.55 -1.6 -11.12 -20.38 -33.3
-26.67 -31.65 -28.74 -15.11 -6.44 1.56 5.05 1.99 -2.92 -13.56 -23.28 -33.49
-30.55 -33.42 -29.38 -22.49 -10.44 -0.18 3.89 3.44 -3.06 -17.96 -25.35 -23.65
-25.4 -31.58 -30.68 -20.45 -8.28 0.65 5.93 1.25 -3.14 -13.9 -28.42 -28.58
-24.13 -30.47 -30.94 -18.3 -8.04 1.82 5.43 2.31 -2.67 -12.5 -23.22 -34.18
-32.27 -29.91 -25.78 -21.59 -12.03 1.88 4.83 3.37 -3.05 -15.2 -26.48 -26.39
-22.89 -28.19 -33.28 -21.72 -6.52 1.06 5.07 3.33 -1.44 -11.72 -19.76 -31.79
-30.86 -29.46 -22.16 -23.09 -9.38 0.84 5.99 3.03 -1.92 -11.72 -24.48 -24.94
-34.79 -36.15 -26.35 -20.96 -10.33 -0.69 3.37 2.34 -4.46 -16.07 -26.15 -29.23
-34.57 -33.25 -25.65 -19.9 -11.76 0.11 4.96 2.42 -4.23 -13.77 -25.49 -29.84
-35.86 -31.64 -27.05 -21.22 -9.65 -0.59 4.78 2.24 -4.45 -13.17 -26.22 -25.02
-34.5 -28.64 -29.85 -22.88 -9.59 0.81 4.68 2.84 -1.93 -12.35 -21.28 -24.76
-30.87 -31.58 -24.6 -21.48 -11.51 0.52 5.06 2.94 -1.86 -13.27 -23.21 -28.39
-33.89 -32.32 -32.62 -17.21 -10.33 1.96 5.33 3.41 -4.03 -13.07 -23.76 -32.43
-27.61 -27.91 -28.53 -23.1 -12.16 0.81 5.46 3.98 -1 -10.05 -19.11 -20.29
-27.72 -24.52 -29.35 -17.95 -11.74 0.73 5.18 2.34 -3.83 -14 -23.96 -29.21
-38.73 -30.92 -30.79 -20.2 -8.86 1.93 4.66 2.36 -0.92 -11.76 -22.47 -30.51
-27.95 -32.3 -28.5 -16.35 -5.54 2.21 5.06 3.64 -3.01 -12.05 -18.48 -28.66
-30.87 -28.73 -29.58 -21.78 -10.26 1.51 5.24 4.34 -1.53 -10.05 -22.94 -29.68
-24.98 -29.11 -30.55 -20.03 -11.36 0.33 3.76 1.64 -2.4 -14.35 -25.47 -31.22
-29.24 -32.84 -26.75 -19.58 -5.63 2.81 5.06 2.64 -2.33 -11.92 -20.13 -30.11
-32.18 -32.76 -29.63 -25.44 -8.15 1.21 4.96 4.18 -1.29 -10.84 -21.35 -28.17
-31.2 -33.36 -33.37 -15.8 -8.79 0.29 5.06 2.76 -1.97 -14.77 -22.32 -29.91
-29.11 -36.71 -30.07 -26.49 -10.28 1.1 4.69 3.53 -1.72 -15.94 -26.45 -33.19
-26.95 -33.85 -35.8 -21.55 -9.22 1.52 6.17 5.75 -0.32 -13.21 -25.38 -27.22
-22.97 -34.27 -27.5 -20.73 -8.32 0.22 5.35 3.95 -2.16 -12.16 -20.76 -31.88
-23.24 -26.76 -28.03 -22.89 -9.1 1.28 4.93 2.53 -3.22 -13.29 -26.08 -31.75
-28.5 -29.61 -27.99 -23.11 -8.95 1.3 4.73 3.27 -1.7 -14.42 -28.82 -28.16
-29.18 -30.51 -26.82 -18.61 -6.54 2.22 4.58 2.81 -2.96 -12.09 -23.64 -30.22
-27.67 -24.33 -26.88 -22.49 -12.25 -0.36 4.19 3.34 -2.42 -12.83 -25.8 -26.92
-30.08 -32.09 -27.96 -21.31 -8.46 0.19 5.59 2.99 -3.09 -16.59 -28.08 -20.94
-28.79 -38.61 -29.13 -23.7 -9.17 2.22 4.97 2.57 -1.23 -9.84 -20.64 -30.19
-27.27 -28.78 -34.29 -26.34 -10.78 -0.16 6.19 3.05 -3.64 -16.26 -18.47 -25.19
-33.01 -27.13 -30.26 -19.82 -7.73 1.9 4.61 1.73 -4.04 -14.66 -19.46 -26.48
-29.41 -36.06 -27.63 -23 -8.24 0.4 5.21 4.05 -4.4 -12.63 -26.58 -34.72
-25.65 -30.93 -31.94 -20.31 -9.26 0.92 5.99 2.11 -2.3 -12.4 -26.78 -29.74
-36.85 -21.78 -25.88 -20.43 -8.96 1.97 4.87 3.51 -0.58 -11.4 -25.59 -27.46
-32.07 -38.57 -27.26 -16.27 -5.69 2.32 5.53 4.83 -2.33 -13.16 -22.56 -30.25
-27.44 -32.93 -34.51 -22.18 -5.59 1.25 5.63 2.04 -2.93 -12.73 -22.53 -31.66
-25.16 -24.48 -24.35 -18.02 -8.73 1.23 5.52 3.7 -4.65 -14.57 -22.09 -26.81
-23.7 -28.8 -30.75 -19.82 -9.69 0.23 5.08 1.3 -3.07 -15.86 -22.77 -26.21
-36.66 -36.06 -31.65 -22.68 -9.42 3.54 5.34 3.6 -3.05 -13 -23.33 -27.32
-30.39 -35.46 -28.58 -21.1 -10.93 -0.18 3.08 1.94 -5.22 -17.24 -20.09 -32.76
-28.56 -32.06 -30.12 -24.31 -9.81 2.13 4.98 2.82 -2.27 -15.59 -18.67 -27.69
-29.47 -32.04 -22.17 -20.47 -4.47 2.72 5.82 2.22 -1.71 -11.23 -25.73 -25.56
-24.63 -32.8 -26.81 -24.12 -8.31 1.59 5.92 5.29 -1.97 -13.77 -22.94 -31.83
-21.34 -33.54 -31.63 -20.46 -6.23 1.65 5.98 3.38 -0.49 -13.94 -30.43 -28.85
-29.44 -29.2 -29.45 -22.46 -6.59 3.26 3.58 2.54 -0.8 -14.78 -22.57 -26.61
-27.75 -34.1 -29.9 -21.76 -10.14 1.05 5.82 3.5 -1.69 -13.79 -22.79 -28.85
-29.36 -27.12 -30.33 -21.52 -8.17 -0.31 6.37 4.34 -1.03 -13.38 -26.17 -25.83
-32.4 -30.4 -33.2 -20.84 -11.15 1.39 5.3 2.46 -2.53 -13.55 -20.31 -29.57
-30.46 -33.87 -27.29 -22.6 -9.29 1.91 6.79 5.67 -0.25 -9.09 -23.08 -35.18
-33.46 -28.34 -27.92 -22.32 -9.81 0.13 4.82 4.56 -3.18 -14.74 -23.62 -33.44
-27.31 -32.8 -34.38 -22.05 -5.46 1.38 5.76 2.17 -2.8 -12.6 -22.4 -31.53
-25.03 -24.35 -24.22 -17.89 -8.6 1.36 5.65 3.83 -4.52 -14.44 -21.96 -26.68
-23.57 -28.67 -30.62 -19.69 -9.56 0.36 5.21 1.43 -2.94 -15.73 -22.64 -26.08
-36.53 -35.93 -31.52 -22.55 -9.29 3.67 5.47 3.73 -2.92 -12.87 -23.2 -27.19
-30.26 -35.33 -28.45 -20.97 -10.8 -0.05 3.21 2.07 -5.09 -17.11 -19.96 -32.63
-28.43 -31.93 -29.99 -24.18 -9.68 2.26 5.11 2.95 -2.14 -15.46 -18.54 -27.56
-29.34 -31.91 -22.04 -20.34 -4.34 2.85 5.95 2.35 -1.58 -11.1 -25.6 -25.43
-24.5 -32.67 -26.68 -23.99 -8.18 1.72 6.05 5.42 -1.84 -13.64 -22.81 -31.7
-21.21 -33.41 -31.5 -20.33 -6.1 1.78 6.11 3.51 -0.36 -13.81 -30.3 -28.72
-29.31 -29.07 -29.32 -22.33 -6.46 3.39 3.71 2.67 -0.67 -14.65 -22.44 -26.48
-27.62 -33.97 -29.77 -21.63 -10.01 1.18 5.95 3.63 -1.56 -13.66 -22.66 -28.72
-29.23 -26.99 -30.2 -21.39 -8.04 -0.18 6.5 4.47 -0.9 -13.25 -26.04 -25.7
-32.27 -30.27 -33.07 -20.71 -11.02 1.52 5.43 2.59 -2.4 -13.42 -20.18 -29.44
-30.33 -33.74 -27.16 -22.47 -9.16 2.04 6.92 5.8 -0.12 -8.96 -22.95 -35.05
-33.33 -28.21 -27.79 -22.19 -9.68 0.26 4.95 4.69 -3.05 -14.61 -23.49 -33.31
-37.16 -32.4 -33.64 -16.57 -8.66 2.35 6.1 3.48 -1.29 -10.86 -19.7 -22.72
-32.85 -38.24 -30.68 -21.24 -8.69 1.17 7.1 3.08 -3.36 -15.71 -21.8 -29.69
-38.74 -35.13 -27.21 -21.24 -10.16 -0.15 5.6 3.68 -0.69 -9.16 -19.1 -30.07
-34.97 -21.4 -21.57 -22.24 -8.79 -0.53 6.3 2.71 -2.39 -13.11 -21.6 -27.99
-27.32 -30.7 -25.44 -19.54 -13.04 0.17 4.22 3.31 -1.89 -12.23 -27.14 -31.57
-34.87 -33.89 -26.44 -18.84 -12.88 0.03 2.85 4.28 0.01 -10.83 -22.61 -22
-27.43 -34.67 -29.11 -22.96 -7.69 1.05 5.03 3.17 -2.59 -12.21 -26.64 -34.08
-33.97 -26.33 -28.91 -27.69 -9.31 1.93 6.6 3.29 -2.27 -10.76 -25.73 -25.74
-25.09 -28.68 -33.78 -18.24 -10.37 -0.33 5.7 4.78 -0.99 -10.83 -19.48 -31.37
-38.86 -29 -32.09 -23.2 -10.76 -0.63 5.64 3.78 0.62 -12.23 -23.79 -27.67
-29.02 -32.62 -32.88 -21.06 -10.67 2.41 6 4.18 -1 -11.78 -22.41 -28.77
-26.94 -29.74 -27.16 -19.61 -7.04 2.25 6.5 4.2 -1.39 -12.63 -22.31 -33.11
-34.71 -29.07 -21.97 -19.58 -7.59 1.9 6.2 4.08 -1.69 -12.43 -22.61 -28.29
-28.08 -29.53 -28.21 -20.38 -7.69 2.45 6.3 4.48 -1.94 -11.98 -22.77 -26.03
-34.23 -34.17 -29.37 -21.56 -7.29 2.03 5.6 4.68 -1.76 -12.03 -24.27 -31.97
-27.28 -32.77 -34.35 -22.02 -5.43 1.41 5.79 2.2 -2.77 -12.57 -22.37 -31.5
-25 -24.32 -24.19 -17.86 -8.57 1.39 5.68 3.86 -4.49 -14.41 -21.93 -26.65
-23.54 -28.64 -30.59 -19.66 -9.53 0.39 5.24 1.46 -2.91 -15.7 -22.61 -26.05
-36.5 -35.9 -31.49 -22.52 -9.26 3.7 5.5 3.76 -2.89 -12.84 -23.17 -27.16
-30.23 -35.3 -28.42 -20.94 -10.77 -0.02 3.24 2.1 -5.06 -17.08 -19.93 -32.6
-28.4 -31.9 -29.96 -24.15 -9.65 2.29 5.14 2.98 -2.11 -15.43 -18.51 -27.53
-29.31 -31.88 -22.01 -20.31 -4.31 2.88 5.98 2.38 -1.55 -11.07 -25.57 -25.4
-24.47 -32.64 -26.65 -23.96 -8.15 1.75 6.08 5.45 -1.81 -13.61 -22.78 -31.67
-21.18 -33.38 -31.47 -20.3 -6.07 1.81 6.14 3.54 -0.33 -13.78 -30.27 -28.69
-29.28 -29.04 -29.29 -22.3 -6.43 3.42 3.74 2.7 -0.64 -14.62 -22.41 -26.45
-27.59 -33.94 -29.74 -21.6 -9.98 1.21 5.98 3.66 -1.53 -13.63 -22.63 -28.69
-29.2 -26.96 -30.17 -21.36 -8.01 -0.15 6.53 4.5 -0.87 -13.22 -26.01 -25.67
-32.24 -30.24 -33.04 -20.68 -10.99 1.55 5.46 2.62 -2.37 -13.39 -20.15 -29.41
-30.3 -33.71 -27.13 -22.44 -9.13 2.07 6.95 5.83 -0.09 -8.93 -22.92 -35.02
-33.3 -28.18 -27.76 -22.16 -9.65 0.29 4.98 4.72 -3.02 -14.58 -23.46 -33.28
-34.5 -35.86 -26.06 -20.67 -10.04 -0.4 3.66 2.63 -4.17 -15.78 -25.86 -28.94
-34.28 -32.96 -25.36 -19.61 -11.47 0.4 5.25 2.71 -3.94 -13.48 -25.2 -29.55
-35.57 -31.35 -26.76 -20.93 -9.36 -0.3 5.07 2.53 -4.16 -12.88 -25.93 -24.73
-34.21 -28.35 -29.56 -22.59 -9.3 1.1 4.97 3.13 -1.64 -12.06 -20.99 -24.47
-30.58 -31.29 -24.31 -21.19 -11.22 0.81 5.35 3.23 -1.57 -12.98 -22.92 -28.1
-33.6 -32.03 -32.33 -16.92 -10.04 2.25 5.62 3.7 -3.74 -12.78 -23.47 -32.14
-27.32 -27.62 -28.24 -22.81 -11.87 1.1 5.75 4.27 -0.71 -9.76 -18.82 -20
-27.43 -24.23 -29.06 -17.66 -11.45 1.02 5.47 2.63 -3.54 -13.71 -23.67 -28.92
-38.44 -30.63 -30.5 -19.91 -8.57 2.22 4.95 2.65 -0.63 -11.47 -22.18 -30.22
-27.66 -32.01 -28.21 -16.06 -5.25 2.5 5.35 3.93 -2.72 -11.76 -18.19 -28.37
-30.58 -28.44 -29.29 -21.49 -9.97 1.8 5.53 4.63 -1.24 -9.76 -22.65 -29.39
-24.69 -28.82 -30.26 -19.74 -11.07 0.62 4.05 1.93 -2.11 -14.06 -25.18 -30.93
-28.95 -32.55 -26.46 -19.29 -5.34 3.1 5.35 2.93 -2.04 -11.63 -19.84 -29.82
-31.89 -32.47 -29.34 -25.15 -7.86 1.5 5.25 4.47 -1 -10.55 -21.06 -27.88
-30.91 -33.07 -33.08 -15.51 -8.5 0.58 5.35 3.05 -1.68 -14.48 -22.03 -29.62
-37.46 -32.7 -33.94 -16.87 -8.96 2.05 5.8 3.18 -1.59 -11.16 -20 -23.02
-33.15 -38.54 -30.98 -21.54 -8.99 0.87 6.8 2.78 -3.66 -16.01 -22.1 -29.99
-39.04 -35.43 -27.51 -21.54 -10.46 -0.45 5.3 3.38 -0.99 -9.46 -19.4 -30.37
-35.27 -21.7 -21.87 -22.54 -9.09 -0.83 6 2.41 -2.69 -13.41 -21.9 -28.29
-27.62 -31 -25.74 -19.84 -13.34 -0.13 3.92 3.01 -2.19 -12.53 -27.44 -31.87
-35.17 -34.19 -26.74 -19.14 -13.18 -0.27 2.55 3.98 -0.29 -11.13 -22.91 -22.3
-27.73 -34.97 -29.41 -23.26 -7.99 0.75 4.73 2.87 -2.89 -12.51 -26.94 -34.38
-34.27 -26.63 -29.21 -27.99 -9.61 1.63 6.3 2.99 -2.57 -11.06 -26.03 -26.04
-25.39 -28.98 -34.08 -18.54 -10.67 -0.63 5.4 4.48 -1.29 -11.13 -19.78 -31.67
-39.16 -29.3 -32.39 -23.5 -11.06 -0.93 5.34 3.48 0.32 -12.53 -24.09 -27.97
-29.32 -32.92 -33.18 -21.36 -10.97 2.11 5.7 3.88 -1.3 -12.08 -22.71 -29.07
-27.24 -30.04 -27.46 -19.91 -7.34 1.95 6.2 3.9 -1.69 -12.93 -22.61 -33.41
-35.01 -29.37 -22.27 -19.88 -7.89 1.6 5.9 3.78 -1.99 -12.73 -22.91 -28.59
-28.38 -29.83 -28.51 -20.68 -7.99 2.15 6 4.18 -2.24 -12.28 -23.07 -26.33
-34.53 -34.47 -29.67 -21.86 -7.59 1.73 5.3 4.38 -2.06 -12.33 -24.57 -32.27
-26.95 -29.31 -31.88 -24.13 -13.16 -0.17 5.6 3.28 -2.29 -12.25 -28.42 -37.11
-37.32 -22.26 -24.44 -18.53 -5.88 1.25 4.42 2.96 -2.86 -12.93 -25.02 -28.75
-36.28 -28.78 -26.19 -22.64 -8.75 0.89 5.18 4.88 -2.71 -13.43 -28.24 -33.17
-38.18 -35.5 -25.36 -24.92 -9.59 0.15 5.6 2.71 -2.25 -13.03 -22.79 -28.29
-35.28 -34.93 -32.48 -22.29 -8.74 1.95 5.35 3.79 -2.05 -13.13 -23.47 -29.05
-28.77 -31.26 -28.05 -21.14 -8.09 1.85 5.74 4.34 -2.05 -13.11 -22.14 -28.39
-27.63 -28.74 -28.71 -20.46 -10.63 1.39 5.15 3.53 -1.79 -12.66 -23.82 -27.64
-28.97 -29.65 -28.14 -20.78 -7.99 2.05 5.9 4.54 -1.52 -12.35 -23.39 -31.13
-31.36 -30.69 -28.55 -25.28 -8.27 1.37 5.45 3.72 -1.78 -13.39 -22.4 -27.74
-29.46 -31.28 -28.14 -20.49 -7.89 2.31 5.9 4.1 -1.49 -12.06 -22.7 -28.59
-27.73 -31.26 -24.67 -18.19 -9.49 2.85 6 4.68 1.38 -10.55 -19.48 -31.62
-29.44 -31.2 -32.21 -22.14 -9.59 2.95 6.9 5.58 -1.59 -13.53 -17.77 -23.68
-29.52 -29.1 -30.29 -19.34 -9.09 1.65 5.6 3.38 -2.29 -12.83 -26.69 -30.29
-25.23 -26.2 -31.61 -20.94 -8.6 1.21 4.6 3 -2.01 -15.53 -25.82 -28.13
-18.7 -34.2 -32.2 -19.94 -9.88 1.85 5.42 3.78 -2.58 -11.31 -24.78 -30.81
-33.85 -35.21 -25.41 -20.02 -9.39 0.25 4.31 3.28 -3.52 -15.13 -25.21 -28.29
-33.63 -32.31 -24.71 -18.96 -10.82 1.05 5.9 3.36 -3.29 -12.83 -24.55 -28.9
-34.92 -30.7 -26.11 -20.28 -8.71 0.35 5.72 3.18 -3.51 -12.23 -25.28 -24.08
-33.56 -27.7 -28.91 -21.94 -8.65 1.75 5.62 3.78 -0.99 -11.41 -20.34 -23.82
-29.93 -30.64 -23.66 -20.54 -10.57 1.46 6 3.88 -0.92 -12.33 -22.27 -27.45
-32.95 -31.38 -31.68 -16.27 -9.39 2.9 6.27 4.35 -3.09 -12.13 -22.82 -31.49
-26.67 -26.97 -27.59 -22.16 -11.22 1.75 6.4 4.92 -0.06 -9.11 -18.17 -19.35
-26.78 -23.58 -28.41 -17.01 -10.8 1.67 6.12 3.28 -2.89 -13.06 -23.02 -28.27
-37.79 -29.98 -29.85 -19.26 -7.92 2.87 5.6 3.3 0.02 -10.82 -21.53 -29.57
-27.01 -31.36 -27.56 -15.41 -4.6 3.15 6 4.58 -2.07 -11.11 -17.54 -27.72
-29.93 -27.79 -28.64 -20.84 -9.32 2.45 6.18 5.28 -0.59 -9.11 -22 -28.74
-24.04 -28.17 -29.61 -19.09 -10.42 1.27 4.7 2.58 -1.46 -13.41 -24.53 -30.28
-28.3 -31.9 -25.81 -18.64 -4.69 3.75 6 3.58 -1.39 -10.98 -19.19 -29.17
-31.24 -31.82 -28.69 -24.5 -7.21 2.15 5.9 5.12 -0.35 -9.9 -20.41 -27.23
-30.26 -32.42 -32.43 -14.86 -7.85 1.23 6 3.7 -1.03 -13.83 -21.38 -28.97
-29.92 -35.2 -33.58 -22.7 -8.79 0.75 5.26 3.12 -2.29 -12.37 -20.87 -30.46
-31.56 -26.17 -29.49 -18.66 -8.39 1.15 3.82 3.7 -1.85 -12.26 -22.37 -31.66
-32.59 -28.66 -28.35 -15.95 -7.6 2.12 4.38 3.58 -2.81 -15.4 -25.77 -30.08
-28.3 -30.52 -25.19 -22.28 -10.95 -0.35 4.44 2.78 -2.39 -12.39 -24.37 -25.79
-19.02 -26.44 -29.65 -22.34 -12.39 -0.27 4.68 4.15 -3.03 -11.38 -19.8 -28.74
-30.28 -32.53 -26.83 -20.66 -7.41 1.97 5.02 2.9 -1.23 -9.55 -22.03 -26.14
-27.98 -34.1 -27.87 -20.76 -9.75 0.01 5.88 4.5 -0.29 -9.55 -20.43 -28.43
-29.2 -33.45 -31.57 -20.56 -8.07 3.67 6.73 4.4 -0.75 -10.27 -19.53 -32.45
-25.82 -30.8 -27.89 -14.26 -5.59 2.41 5.9 2.84 -2.07 -12.71 -22.43 -32.64
-29.7 -32.57 -28.53 -21.64 -9.59 0.67 4.74 4.29 -2.21 -17.11 -24.5 -22.8
-24.55 -30.73 -29.83 -19.6 -7.43 1.5 6.78 2.1 -2.29 -13.05 -27.57 -27.73
-23.28 -29.62 -30.09 -17.45 -7.19 2.67 6.28 3.16 -1.82 -11.65 -22.37 -33.33
-31.42 -29.06 -24.93 -20.74 -11.18 2.73 5.68 4.22 -2.2 -14.35 -25.63 -25.54
-22.04 -27.34 -32.43 -20.87 -5.67 1.91 5.92 4.18 -0.59 -10.87 -18.91 -30.94
-30.01 -28.61 -21.31 -22.24 -8.53 1.69 6.84 3.88 -1.07 -10.87 -23.63 -24.09
-26.92 -32.41 -33.99 -21.66 -5.07 1.77 6.15 2.56 -2.41 -12.21 -22.01 -31.14
-24.64 -23.96 -23.83 -17.5 -8.21 1.75 6.04 4.22 -4.13 -14.05 -21.57 -26.29
-23.18 -28.28 -30.23 -19.3 -9.17 0.75 5.6 1.82 -2.55 -15.34 -22.25 -25.69
-36.14 -35.54 -31.13 -22.16 -8.9 4.06 5.86 4.12 -2.53 -12.48 -22.81 -26.8
-29.87 -34.94 -28.06 -20.58 -10.41 0.34 3.6 2.46 -4.7 -16.72 -19.57 -32.24
-28.04 -31.54 -29.6 -23.79 -9.29 2.65 5.5 3.34 -1.75 -15.07 -18.15 -27.17
-28.95 -31.52 -21.65 -19.95 -3.95 3.24 6.34 2.74 -1.19 -10.71 -25.21 -25.04
-24.11 -32.28 -26.29 -23.6 -7.79 2.11 6.44 5.81 -1.45 -13.25 -22.42 -31.31
-20.82 -33.02 -31.11 -19.94 -5.71 2.17 6.5 3.9 0.03 -13.42 -29.91 -28.33
-28.92 -28.68 -28.93 -21.94 -6.07 3.78 4.1 3.06 -0.28 -14.26 -22.05 -26.09
-27.23 -33.58 -29.38 -21.24 -9.62 1.57 6.34 4.02 -1.17 -13.27 -22.27 -28.33
-28.84 -26.6 -29.81 -21 -7.65 0.21 6.89 4.86 -0.51 -12.86 -25.65 -25.31
-31.88 -29.88 -32.68 -20.32 -10.63 1.91 5.82 2.98 -2.01 -13.03 -19.79 -29.05
-29.94 -33.35 -26.77 -22.08 -8.77 2.43 7.31 6.19 0.27 -8.57 -22.56 -34.66
-32.94 -27.82 -27.4 -21.8 -9.29 0.65 5.34 5.08 -2.66 -14.22 -23.1 -32.92
-28.28 -35.88 -29.24 -25.66 -9.45 1.93 5.52 4.36 -0.89 -15.11 -25.62 -32.36
-26.12 -33.02 -34.97 -20.72 -8.39 2.35 7 6.58 0.51 -12.38 -24.55 -26.39
-22.14 -33.44 -26.67 -19.9 -7.49 1.05 6.18 4.78 -1.33 -11.33 -19.93 -31.05
-22.41 -25.93 -27.2 -22.06 -8.27 2.11 5.76 3.36 -2.39 -12.46 -25.25 -30.92
-27.67 -28.78 -27.16 -22.28 -8.12 2.13 5.56 4.1 -0.87 -13.59 -27.99 -27.33
-28.35 -29.68 -25.99 -17.78 -5.71 3.05 5.41 3.64 -2.13 -11.26 -22.81 -29.39
-26.84 -23.5 -26.05 -21.66 -11.42 0.47 5.02 4.17 -1.59 -12 -24.97 -26.09
-29.25 -31.26 -27.13 -20.48 -7.63 1.02 6.42 3.82 -2.26 -15.76 -27.25 -20.11
-27.96 -37.78 -28.3 -22.87 -8.34 3.05 5.8 3.4 -0.4 -9.01 -19.81 -29.36
-26.44 -27.95 -33.46 -25.51 -9.95 0.67 7.02 3.88 -2.81 -15.43 -17.64 -24.36
-32.18 -26.3 -29.43 -18.99 -6.9 2.73 5.44 2.56 -3.21 -13.83 -18.63 -25.65
-28.58 -35.23 -26.8 -22.17 -7.41 1.23 6.04 4.88 -3.57 -11.8 -25.75 -33.89
-24.82 -30.1 -31.11 -19.48 -8.43 1.75 6.82 2.94 -1.47 -11.57 -25.95 -28.91
-36.02 -20.95 -25.05 -19.6 -8.13 2.8 5.7 4.34 0.25 -10.57 -24.76 -26.63
-31.24 -37.74 -26.43 -15.44 -4.86 3.15 6.36 5.66 -1.5 -12.33 -21.73 -29.42
-30.62 -32.05 -27.37 -19.34 -6.09 4.18 8.1 6.49 -0.79 -9.24 -17.33 -28.79
-30.49 -29.61 -33.02 -17.32 -7.95 2.51 6.73 2.98 -3.45 -13.66 -22.67 -31.07
-32.9 -25.03 -29.23 -19.46 -7.39 3.17 8.42 2.78 -4.72 -13.88 -23.16 -34.62
-28.35 -26.23 -32.67 -21.63 -8.56 3.12 5.31 3.78 -1.52 -13.37 -26.96 -32.34
-30.47 -28.38 -25.39 -20.03 -6.19 2.25 6.51 5.5 0.21 -11.55 -16.05 -26.5
-23.23 -29.7 -21.41 -20.33 -5.37 3.07 5.8 4.16 -1.51 -12.53 -17.98 -24.42
-29.4 -29.14 -23.39 -17.52 -5.55 2.74 7.13 5.78 -0.41 -10.83 -22.66 -31.42
-31.04 -32.88 -27.82 -20.46 -11.01 1.85 7.2 2.18 -1.79 -11.72 -20.28 -26.71
-31.29 -34.97 -30.01 -21.84 -8.59 1.57 5.42 3.47 -0.99 -13.46 -22.46 -33.95
-33.62 -27.42 -26.43 -18.66 -7.19 2.75 5.82 3.08 -2.19 -12.33 -21.37 -22.83
-31.04 -25.39 -28.23 -18.26 -6.74 2.75 7.15 4.08 -2.73 -13.91 -19.48 -31.67
-32.39 -35.05 -18.98 -16.62 -5.3 4.07 7 5.93 -0.29 -10.63 -20.34 -24.99
-27.12 -32.42 -23.92 -15.72 -5.69 3.13 8.22 4.2 1.31 -9.73 -19.67 -27.29
-25.72 -32.82 -25.51 -17.85 -5.37 4.17 8.02 6.78 -0.15 -9.71 -20.68 -29.01
-28.96 -31.89 -26.61 -21.17 -6.69 3.05 7.4 6.08 0.24 -7.83 -21.77 -30.82
-33.39 -27.78 -26.03 -24.24 -6.99 2.75 6.4 4.68 0.64 -8.63 -22.07 -29.32
-30.72 -24.22 -26.17 -16.91 -5.99 4.55 8.84 6.88 1.61 -9.23 -17.27 -23.26
-31.62 -32.3 -28.49 -19.84 -6.79 2.35 5.6 4.68 0.31 -10.93 -21.14 -22.79
-30.19 -32.9 -27.81 -19.74 -4.09 2.15 5.22 5.38 -0.29 -9.01 -22.34 -21.79
-30.38 -30.57 -28.01 -21.26 -5.09 3.35 8 4.98 2.04 -8.33 -18.74 -21.85
-26.19 -28.42 -22.07 -18.94 -6.97 3.25 7.21 3.49 0.2 -10.35 -22.04 -29.31
-30.75 -33.1 -30.41 -18.34 -7.49 3.05 5.8 4.16 -3.15 -8.91 -16.55 -25.99
-28.52 -35.22 -24.68 -15.44 -6.09 3.25 7.1 4.16 -1.59 -12.35 -22.27 -21.82
-26.24 -21.48 -24.77 -17.84 -6.69 1.65 7.5 6.99 0.23 -8.01 -14.36 -25.7
-25.32 -27.68 -30.01 -18.44 -6.41 4.45 8.22 4.8 -0.09 -8.73 -21.85 -28.79
-26.2 -25.2 -27.38 -17.66 -4.69 5.22 7.7 6.25 0.71 -11.77 -16.52 -20.87
-26.32 -25.7 -22.45 -15.44 -5.99 3.41 7 5.28 0.13 -9.69 -13.75 -23.97
-24.2 -20.02 -23.82 -14.54 -7.79 3.15 6.56 4.88 3.02 -6.71 -19.98 -30.48
-23.5 -24.18 -24.79 -17.52 -4.96 1.25 9.13 4.42 -0.71 -9.6 -17.94 -25.59
-26.17 -24.06 -24.35 -16.9 -5.49 5.41 9.19 4.53 3.44 -7.61 -18.52 -17.37
-29.63 -24.54 -32.24 -16.74 -6.85 2.37 2.91 3.43 -1.22 -10.68 -20.9 -24.07
-25.09 -20.17 -26.18 -16.24 -6.69 3.37 4.2 8.09 2.55 -8.35 -15.46 -23.49
-22.56 -18.46 -24.2 -16.76 -7.43 1.89 8.8 4.75 -0.54 -11.67 -22.97 -17.34
-28.6 -28.29 -24.13 -17.54 -6.54 2.98 9.55 3.28 1.83 -10.21 -16.23 -26.78
-25.69 -28.56 -31.08 -14.74 -2.51 6.27 7.74 5.68 1.19 -5.02 -9.42 -22.56
-30.3 -23.45 -29.48 -16 -4.08 5.1 10.66 4.19 1 -6.47 -9.52 -25.32
-24.54 -30.47 -21.16 -19.62 -8.74 8.54 8.22 1.55 -0.51 -8.88 -13.98 -17.88
-22.35 -27.09 -18.89 -15.78 -4.51 7.25 7.43 6.44 1.74 -6.61 -15.17 -27.33
-26.41 -22.97 -25.45 -16.55 -4.56 6.04 11.81 6.14 -0.62 -4.52 -20.1 -22.1
-27.29 -21.11 -26.1 -17.04 -5.99 1.57 9.1 4.72 0.95 -8.06 -12.91 -21.95
-26.54 -24.73 -22.1 -16.79 -5.24 4.19 11.89 2.55 1.09 -8.54 -18.08 -20.31
-32.83 -22.69 -23.49 -16.88 -6.6 1.99 5.54 5.24 1.72 -8.73 -21.63 -29.89
-27.58 -20.19 -26 -17.44 -5.32 6.91 10.19 4.78 2.24 -6.68 -11.74 -20.01
-28.21 -13.84 -24.85 -18.27 -7.8 -1.33 3.9 4.43 3.92 -6.27 -18.78 -26.2
-27.02 -24.92 -23.63 -20.01 -7.73 2.49 5.55 0.97 1.05 -6.62 -14.21 -27.37
-23.06 -24.71 -25 -19.02 -7.22 0.99 5.95 3.45 0.05 -9.41 -17.64 -25.73
-31.5 -25.23 -21.78 -21.76 -5.53 4.84 9.76 5.5 1.57 -7.2 -16.24 -23.72
-20.66 -29.41 -22.68 -19.93 -4.91 5.72 5.43 6.63 4 -8.72 -17.96 -21.81
-24.45 -21.26 -27.28 -16.8 -5.34 2.46 4.52 3.56 -0.37 -9.85 -20.32 -23.31
-23.08 -20.25 -18.76 -16.86 -6.89 3.91 7.47 8.25 3.8 -9.17 -10.02 -21.97
-29.56 -18.47 -23.4 -16.02 -3.91 6.75 8.49 8.37 -1.02 -8.13 -18.86 -24.95
-24.33 -24.66 -14.58 -14.84 -6.65 6.43 8.67 7.21 2.59 -7.36 -17.42 -23.96
-20.38 -25.75 -21.55 -17.64 -6.75 3.91 6.53 9.89 3.26 -7.32 -16.45 -20.71
-26.18 -24.21 -25.73 -20.97 -7.58 5.05 10.26 4.01 0.9 -5.06 -11.24 -21.16
-22.13 -19.22 -19.58 -16.77 -2.78 2.61 2.77 3.86 1.79 -4.25 -11.89 -20.19
-30.07 -26.33 -23.93 -14.55 0.05 9.26 9.95 6.13 4.25 -7.11 -11.16 -21.52
-31.36 -21.32 -17.4 -18.72 -5.12 4 6.62 5.04 0.43 -7.28 -14.04 -23.73
-21.32 -16.44 -15.63 -11.11 -3.46 2.56 5 4.86 0.94 -6.44 -11.57 -23
-20.53 -18.64 -22.89 -16.14 -2.78 5.04 10.18 5.56 2 -7.93 -11.79 -21.99
-23.34 -19.37 -18.49 -14.75 -2.8 8.93 3.61 2.35 4.19 -5.23 -6.74 -15.39
-23.33 -20.59 -23.62 -14.43 -4.4 3.82 7.85 3.95 -0.06 -5.9 -11.9 -23.96
-24.32 -15.69 -20.44 -13.81 -0.36 4.02 7.81 6.71 3.78 -5.54 -11.36 -18.12
-25.66 -23.6 -23.92 -15.35 -5.18 4.16 4.77 3.13 0.16 -7.34 -11.25 -17.97
-18.84 -22.23 -29.8 -14.56 -6.24 8.14 10.9 4.75 1.96 -9.5 -9.51 -19.5
-22.03 -24.35 -24.81 -13.36 -6.94 2.98 6.49 3.57 1.42 -8.11 -12.59 -20.38
-23.24 -19.51 -22.95 -18.74 -6.07 3.04 5.74 5.9 1.78 -9.93 -19.51 -19.59
-26.46 -22.27 -20.08 -15.45 -4.91 10.35 11.05 7.22 3.59 -4.35 -19.61 -19.29
-21.72 -20.38 -16.72 -20.1 -1.14 4.43 7.04 4.95 5.67 -1.11 -11.7 -22.84
-26.4 -19.94 -21.1 -12.21 -3.4 5.39 8.04 6.23 2.66 -3.95 -8.75 -22.59
-20.19 -23.48 -18.23 -20.63 -7.17 3.7 12.79 10.03 1.52 -7.65 -10.33 -19.75
-29.74 -23.45 -19.39 -9.89 -4.36 8.82 13.73 8.95 3.33 -4.31 -15.98 -14.97
-27.49 -26.22 -21.19 -13.09 -1.85 4.46 6.06 6.19 0.39 -4.79 -10.69 -17.55
-17.2 -17.11 -17.41 -16.83 -1.46 9.93 14.32 6.38 2.32 -6.23 -5.19 -17.33
-17.44 -22.52 -18.25 -14.02 -1.99 9.85 9.06 8.73 4.02 -6.01 -8.52 -15.15
-22.78 -18.21 -24.39 -16.45 -2.25 5.03 5.59 4.56 2.94 -2.84 -6.6 -18.97
-26.9 -19.89 -19.09 -17.16 -2.85 8.31 8.48 7.63 3.42 -6.49 -12.11 -19.05
-16.92 -22.3 -24.48 -17.84 -5.69 6.31 8.49 8.63 4.22 -5.94 -10.66 -14.6
-17.78 -22.29 -18.99 -14.09 -1.18 6.9 11.44 7.73 3.31 -6.51 -13.91 -20.68
-20.88 -19.04 -20.63 -15.4 -3.72 6.58 10.18 5.66 2.95 -6.01 -13.12 -20.38
-18.95 -16.04 -20.51 -18.1 -2.65 10.95 8.74 6.04 3.67 -2.88 -9.69 -14.92
-17.94 -16.15 -17.62 -13.29 0.01 8.28 11.16 5.97 5.73 -4.72 -9.43 -17.22
-18.57 -20.88 -20.98 -14.33 -3.04 5.5 8.38 9.53 4.49 -5.23 -11.17 -11.36
-20.86 -21.7 -22.98 -16.54 -4.11 7.96 7.97 6.93 1.98 -6.14 -8.16 -16.85
-19.19 -24.95 -26.57 -16.17 -2.3 6.35 10.5 7.06 4.49 -7.65 -11.84 -15.93
-17.49 -19.58 -15.93 -13.98 0.47 10.61 8.5 5.78 3.68 -4.53 -9.87 -13.79
-15.6 -14.28 -18.87 -12.8 -2.76 10.09 8.2 7.39 1.69 -2.09 -11.63 -12.81
-15.49 -16.42 -18.82 -14.86 1.37 10.02 12.69 9.93 2.21 -4.61 -12.8 -18.51
-21.29 -20.08 -24.15 -15.64 -3.53 7.46 12.48 5.76 3.72 -3.73 -10.95 -20.6
-21.83 -15.54 -22.63 -7.79 1.31 7.83 11.52 5.76 3.29 -1.14 -8.98 -17.52
-16.84 -18.71 -16.32 -11.06 1.11 8.26 12.24 7.39 3.67 -4.59 -3.56 -9.58
-18.42 -12.83 -17.91 -14.96 -1.51 9.32 14.43 9.02 7.21 -1.44 -8.24 -10.52
-13.13 -14.67 -17.34 -9.84 1.14 9.32 8.07 6.93 3.14 -2.69 -8.48 -20.14
-19.08 -14.93 -17.52 -16.32 -0.23 10.28 7.59 6.71 1.88 -4.1 -11.72 -18.22
-23.71 -18.6 -21.61 -10.48 0.21 7.12 12.01 5.47 5.23 -5.94 -12.59 -13.61
-25.45 -12.33 -20.29 -12.57 -0.28 9.62 10.41 5.01 8.24 -3.85 -11.98 -14.2
-18.44 -19.36 -19.37 -10.28 -1.68 8.52 6.43 7.44 1.71 -2.66 -9.07 -12.95
-15.11 -17.68 -18.52 -14.41 -1.66 8.48 8.43 5.52 6.89 -3.83 -12.41 -18.82
-16.13 -22.31 -10.25 -13.32 -2.67 6 10.78 5.03 4.53 0.72 -9.12 -19.73
-23.2 -18.91 -20.88 -14.1 -0.81 12.13 10.19 9.28 3.67 -4.95 -9.47 -19.68
-17.64 -17.27 -19.29 -11.89 2.79 10.39 11.73 15.31 6.9 -4.04 -10.22 -18.77
-17.23 -22.27 -18.21 -14.05 -1.37 10.93 12.36 9.84 2.37 -5.07 -8.5 -13.83
-20.55 -21.06 -18.08 -11.45 -3.13 6.97 9.55 5.82 5.38 -1.48 -5.36 -8.14
-15.76 -8.85 -15.75 -10.19 1.15 6.13 8.79 6.47 4.95 -1.49 -6.62 -11.63
-12.87 -11.88 -19.86 -11.93 1.31 8.08 10.84 11.44 6.33 -3.03 -12.38 -15.62
-11.02 -17.92 -17.7 -13.36 0.74 6.6 9.76 7.49 4.71 -0.62 -8.68 -13.19
-18.44 -19.12 -20.38 -13.25 -0.39 5.75 5.07 5.52 6.11 2.65 -7.11 -13.31
-12.96 -10.09 -14.56 -14.79 -1.55 5.6 3.82 6.6 5.88 -3.89 -8.27 -12.29
-17.54 -17.5 -21.66 -14.03 -1.5 11.14 7.68 7.15 4.97 -1.34 -5.16 -13.73
-14.91 -11.02 -17.13 -12.84 -1.24 7.14 14.16 10.95 5.21 -1.26 -10.13 -9.92
-11.18 -8.4 -12.17 -8.99 2.02 9.72 5.55 5.95 6.64 -1.57 -3.01 -16.81
-15.27 -12.99 -17.98 -12.08 -2.37 0.87 10.01 5.72 4.89 -2.99 -12.03 -10.64
-19.55 -18.43 -18.08 -13.28 -0.96 9.2 10.35 5.65 3.52 -3.86 -9.08 -14.33
-19.31 -16.42 -21.29 -10.73 -1.16 8.92 11.96 14.93 5.58 -2.31 -2.42 -10.6
-9.82 -11.51 -13.51 -11.82 0.44 6.25 8.71 7.13 2.79 -2.96 -6.29 -9.81
-12.19 -12.86 -17.33 -7.55 2.85 15.79 11.06 9.24 6.59 -0.37 -4.74 -9.78
-11.32 -10.01 -12.06 -9.26 2.26 9.39 9.15 15.95 9.1 -1.71 -10.18 -12.33
-15.25 -11.42 -16.43 -14.6 2.34 10.49 14.65 8.54 5.8 -0.86 -9.31 -13.39
-19.87 -17.57 -16.82 -7.02 3.4 15.98 12.34 10.4 5.72 -2.53 -6.88 -13.39
-8.88 -15.81 -18.38 -7.94 1.31 8.87 9.26 8.78 10.86 -1.56 -6.66 -9.97
-11.74 -9.92 -13.93 -13.04 0.81 13.48 15.94 14.48 10.79 0.13 -6.3 -10.22
-12.79 -12.75 -19.51 -8.93 0.67 14.55 17.14 14.18 5.87 -0.41 -8.56 -10.29
-14.89 -12.28 -18.19 -13.7 3.69 9.8 13.25 11.14 10.19 -0.14 -4.15 -11.71
-9.84 -13.78 -14.26 -9.86 4.34 11.31 9.45 8.57 6.22 -0.42 -7.79 -11.74
-11.41 -11.52 -14.71 -11.56 0.76 11.85 13.02 10.51 6.34 -1.23 -5.83 -7.67
-9.69 -8.11 -17.09 -10.14 -1.61 6.5 11.19 6.04 6.07 -2.39 -3.48 -13.89
-15.79 -16.78 -16.65 -7.28 2.74 9.11 15.65 11.49 5.07 -0.7 -7.21 -8.18
-10.36 -10.35 -14.49 -11.42 0 9.68 12.97 9.12 5.32 -0.13 -8.24 -14.62
-11.66 -11.68 -15.77 -10.24 3.56 12.31 9.06 10.05 6.49 -0.49 -3.11 -10.14
-8.89 -10.6 -14.17 -7.75 1.96 12.83 13.16 9.94 9.99 -1.11 -7.87 -9.47
-8.34 -8.09 -8.72 -9.56 4.07 12.28 13.51 13.96 7.41 0.49 -5.37 -9.15
-14.08 -10.39 -10.12 -9.28 2.73 14.12 17.72 15.07 8.52 1.1 -1.56 -11.38
-13.42 -5.97 -11.51 -9.82 -0.44 10.54 11.28 10.54 7.07 -0.62 -3.4 -8.18
-10.37 -14.68 -18.73 -9.86 0.59 5.9 6.51 11.04 6.31 1.15 -2.85 -8.03
-10.06 -10.52 -11.36 -7.67 2.44 14.56 19.09 12.05 7.36 -0.51 -6.97 -13.06
-8.13 -14.11 -13.19 -7.87 0.68 5.93 17.53 16.26 10.24 -0.58 -5.79 -8.03
-8.02 -8.19 -10.26 -10.39 2.9 13.54 13.79 14.06 9.46 2.43 -3.17 -10.53
-10.97 -8.81 -9.8 -5.74 2.16 12.92 10.64 9.29 6.4 0.45 -1.47 -11.17
-11.21 -12.55 -13.83 -8.77 3.08 14.78 17.39 14.39 9.98 2.01 -4.38 -11.05
-11.69 -10.12 -10.46 -4.25 4.46 12.16 13.4 12.67 8.96 1.88 -5.94 -8.83
-8.4 -7.84 -12.8 -9.81 3.3 12.9 12.84 13.71 7.72 0.38 -5.87 -6.15
-11.61 -5.82 -13.03 -8.26 2.28 13.76 16.13 15.19 9.12 2.37 -4.31 -11.07
-9.28 -8.18 -9.32 -7.76 6.09 12.32 12.66 15.21 8.45 1.92 -3.05 -4.87
-7.18 -5.73 -11.22 -7.59 1.1 6.87 16.15 13.25 7.28 -1.42 -4.77 -10.28
-8.91 -8.11 -12.33 -5.04 5.38 9.96 18.15 11.85 8.27 -0.47 -5.93 -14.71
-13.59 -7.96 -14.93 -9.58 0.65 11.77 18.1 16.75 10.02 1.42 -5.68 -7.34
-6.7 -4.65 -8.91 -9.19 2.18 15.95 15.59 17.42 12.98 2.13 -4.18 -4.47
-8.95 -8.14 -16.04 -6.28 4.25 11.24 13.54 11.13 7.9 0.13 -1.94 -8.42
-6.06 -13.02 -9.66 -4.31 4.4 10.17 14.23 11.53 10.82 3.68 -2.1 -8.12
-12.02 -5.91 -9.65 -9.26 0.69 10.5 10.07 18.33 9.46 2.4 -1.71 -3.83
-3.12 -6.46 -6.83 -4.84 5.12 15.65 19.05 11.57 8.85 0.87 -5.26 -9.07
-10.5 -8.85 -7.35 -5.83 6.98 14.28 15.18 14.41 8.29 1.51 -3.21 -6.96
-8.73 -5.59 -15.34 -6.74 5.18 17.13 20.14 16.52 10.35 3.18 -3.21 -10.05
-5.07 -4.13 -7.61 -4.87 8.11 10.77 17.06 13.4 10.07 3.29 0.43 -6.93
-9.77 -7.03 -6.49 -2.96 3 12.52 20.09 16.15 10.11 3.48 -3.68 -9.79
-13.81 -7.35 -9.82 -7.38 6.88 13.52 15.26 16.74 10.22 1.3 -5.62 -9.17
-9.27 -5.49 -8.11 -7.4 3.51 14.06 18.49 11.37 11.82 3.22 -5.08 -9.58
-9.11 -3.3 -7.16 -7.54 1.44 8.53 15.78 14.23 10.55 2.51 0.33 -6.8
-15.03 -4.22 -10.98 -7 1.44 8.36 11.63 13.52 10.58 2.34 -2.4 -8.57
-10.43 -6.21 -10.18 -5.04 6.77 16.66 18.62 10.2 9.5 4.95 -2.51 -8.37
-8.03 -6.6 -6.63 -2.59 4.61 12.24 12.35 12.22 10.03 2.61 -3.48 -11.01
-9.77 -6.34 -7.15 -5.47 9.53 12.75 14.16 15.32 8.12 3.5 -2.48 -5.87
-11.4 -9.86 -10.35 -6.83 3.63 11.12 17.92 13.81 6.98 1.72 -2.04 -5.76
-10.91 -4.84 -9.3 -6.45 7.05 10.35 15.6 16.35 9.79 5.19 -3.38 -9
-7.61 -7.18 -8.65 -4.28 5.9 12.86 20.13 17.13 6.67 0.69 -2.57 -6.69
-7.33 -9.67 -10.97 -5.23 8.17 13.04 13.85 10.08 10.28 5.92 -2.75 -7.18
-5.77 -5.95 -9.19 -5.07 6.34 16.19 15.5 12.61 10.13 4.03 2.24 -3.75
-9.51 -5.22 -4.84 -4.29 5.25 15.01 17.92 14.99 11.48 4.14 1.7 -5.1
-5.99 -5.37 -9.18 -5.76 4.2 16.19 20.39 16.8 12.23 4.06 0.62 -7.85
-8.76 -12.18 -12.27 -6.38 5.94 12.01 13.68 12.3 12.26 5.96 1.81 -9.05
-6.49 -6.05 -8.31 -5.91 2.77 15.23 18.15 15 11.9 6.64 1.11 -7.33
-6.98 -5.79 -8.53 -2.44 8 16.04 14.16 16.98 11.79 2.41 -0.21 -5.44
-6.54 -2.88 -5.02 -6.22 3.05 21.34 16.8 17.64 10.52 4.34 -1.01 -11.6
-5.09 -3.35 -5.68 -3.51 4.84 14.41 17.15 16.35 13.29 6.34 -0.42 -0.9
-5.88 -1.64 -3.74 -2.7 6.96 12.9 15.63 15.19 13.34 3.12 -0.07 -2.31
-6.96 -5.13 -6.02 -3.64 7.51 15.75 18.77 13.68 14.27 6.26 -3.79 -1.98
-6.34 -2.57 -6.68 -4.15 7.5 12.63 15.22 14.14 13 3.1 -0.54 -1.81
-2.12 -1.28 -4.06 -1.83 6.42 14.38 20.42 15.14 10.36 5.85 0.66 -10.03
-3.55 -4.13 -5.98 -4.54 6.07 12.98 15.77 12.59 10.14 3.73 -3.68 -4.71
-7.72 -6.2 -6.93 -2.08 6 12.81 13.13 11.57 9.36 3.94 -4.53 -10.79
-10.23 -9.25 -10.46 -6.34 4.5 10.29 14.65 12.3 10.82 2.84 -4.51 -9.92
-4.89 -4.17 -6.66 -3.96 6.04 17.78 19.47 15.05 10.4 4.66 -0.74 -11.1
-8.56 -6.23 -8.25 -7.98 6.72 15.48 19.61 12.93 11.74 3.57 -1.47 -10.29
-11.6 -2.42 -6.75 -3.78 5.18 9.15 19.11 18.64 11.41 5.41 -2.36 -7.63
-10.97 -12.07 -7.59 -5.59 5.63 15.56 14.25 15.91 10.83 3.09 -3.39 -9.69
-5.33 -4.47 -7.09 -5.92 4.8 11.57 17.13 18.38 13.52 4.95 -2.18 -8.49
-11.2 -9.49 -8.83 -5.31 8.48 14.91 19.34 11.95 8.87 3.32 -1.72 -2.34
-5.81 -7.09 -6.68 -2.94 7.15 18.24 21.16 19.26 10.39 4.42 2.51 -3.01
-4.07 -2.54 -7.82 -5.11 10.71 15.43 14.64 15.44 11.67 5.16 -0.34 -4.48
-4.83 -4.7 -7.55 -3.13 4.25 14.08 17.26 16.95 15.29 6.83 0.03 -2.88
-1.62 -1.65 -5.88 -2.87 11.62 18.69 20.09 14.86 11.74 6.2 1.55 -4.21
-5.75 -6.06 -6.5 -2.14 8.35 14.61 15.28 14.45 11.86 6.51 -0.01 -3.8
-7.04 -3.64 -6.83 -2.94 4.76 9.71 13.35 15.86 12.02 4.36 -2.13 -2.36
-5.23 -4.08 -6.02 -4.03 2.63 12.08 19.79 17.18 12.56 6.5 2.87 -6.14
-8.3 -6.26 -6.31 -3.39 7.14 19.57 21.41 16.12 12.46 7.74 1.2 0.27
-5.73 -5.33 -5.96 0.43 10.7 18.68 20.78 14.76 10.87 4.85 2.44 -4.7
-2.43 -4.82 -9.26 -4.15 7.26 15.64 20.37 20.42 14.38 7.1 1.62 -3.73
-9.57 -2.36 -5.74 -3.47 5.77 11.71 13.72 15.69 10.01 4.44 0.85 -3.75
-7.47 -3.31 -6.12 -3.47 9.56 18.16 16.47 15.22 12.98 6.4 0.41 -2.23
-4.41 -1.67 -7.88 -4.54 5.42 16.79 21.22 16 9.87 4.92 -1.04 -4.97
-6.72 -4.1 -8.89 -3.64 7.33 19.15 23.44 15.78 14.02 4.56 -0.87 -6.11
-5.3 -6.24 -5.76 -4.41 6.94 15.34 16.35 19.1 12.35 4.74 -0.32 -5.04
-0.84 2.03 -7.28 -4.39 4.3 15.63 15.31 15.91 14.35 5.81 0.29 -5.64
-2.99 -1.5 -3.67 0.26 6.48 14.49 19.18 15.42 11.29 5.52 0.56 -2.55
-3.82 -4.77 -5.62 -3.13 6.44 13.38 18.48 16.26 11.67 4.97 2.29 -2.15
-5.26 -1.56 -6.1 -2.65 4.34 13.94 15.09 12.86 15.13 7.24 3.32 -2.71
-5.07 -0.84 -7.17 -5.09 3.88 17.64 19.88 14.48 13.32 6.6 0 -8.59
-9.13 -9.26 -7.82 -5.35 8.78 15.53 15.87 14.83 11.4 5.84 0.07 -8.21
-5.88 -1.14 -7.81 -3.43 1.94 15.28 16.48 14.61 12.25 7.33 3.62 -4.21
-6.76 -1.62 -8.93 -1.76 8.15 16.8 19.36 12 14.02 6.25 3.02 1.94
-3.42 -2.35 -7.11 -3.85 7.68 14.01 16.2 16.22 10.55 4.62 -0.05 -5.7
-6.22 -3.43 -6.2 -3.68 2.42 14.46 18.93 15.5 11.93 5.94 4.8 -1.93
-3.86 0.8 -5.83 -2.45 6.9 15.12 14.15 18.07 11.83 6.89 2.43 2.03
-3.38 -1.01 -5.06 -3.55 5.05 13.87 19.96 20.86 13 6.6 -1.22 -8.04
-5.67 -4.78 -7.7 -4.07 3.04 16.17 17.76 14.5 11.78 6.93 -0.29 -8.04
-3.15 -1.93 -5.88 -2.14 8.23 15.24 16.75 17.69 11.66 5.28 1.44 -2.02
-8.06 -2.84 -7.38 -5.41 3.64 17.45 19.06 16.22 13.65 7.06 4.38 -2.8
-0.68 -0.42 -3.63 -3.74 7.95 15.35 16.4 18.4 13.89 8.05 0.46 -3.68
-6.67 -6.02 -8.48 -5.33 6.45 14.6 20.31 13.06 11.87 6.98 3.76 -1.95
-6.38 -2.23 -5.23 -2.59 7.13 16.19 17.95 21.16 15.82 8.65 1.42 -5.43
-4.44 -2.51 -1.83 -0.87 5.96 19.44 17.89 18.71 14.28 6.71 4.07 0.67
-2.71 -3.5 -7.52 -4.02 5.82 18.78 17.31 14.36 13.9 4.38 0.96 -5.78
-8.12 -7.28 -7.05 -2.5 9.11 17.2 16.93 14.79 12.63 7.28 -2.78 -2.44
-7.7 -6.2 -6.83 -3.32 7.6 11.8 13.17 10.36 14.03 4.63 1.51 -8.27
-7.05 -3.94 -4.58 -4.31 5.27 11.3 13.43 13.76 12.22 5.68 1.9 -3.82
-6.05 -2.37 -4.81 -4.64 5.14 12.89 21.27 17.32 12.04 7.45 0.06 -3.1
-5.18 -4.28 -4.77 -3.25 9.89 12.64 15.58 17.65 14.24 6.47 0.52 -8.66
-2.72 -2.19 -3.39 -3.72 9.22 14.23 18.94 16.38 13.69 7.93 3.04 -3.56
-4.98 -4.61 -6.78 -3.64 6.6 14.08 18.21 15.89 13.76 10.04 2.76 -1.18
-4.26 -1.73 -6.07 -3.32 10.66 18.43 19.12 17.88 17.36 6.37 3.7 -5.21
-4.04 -6.9 -6.29 -4.89 5.33 15.91 19.46 16.18 12.08 7.24 2.2 0.02
-3.97 -1.8 -5.05 -2.92 5.98 21.76 20.34 19.22 14.41 9.01 2.07 -1.99
-4.43 -1.57 -7.86 0.62 4.99 18.69 20.58 17.95 13.56 7.49 1.24 -7.18
-8.53 -6.65 -7.44 -1.63 9.92 17.28 21.39 17.53 15.41 6.71 2.73 -2.49
-6.34 0.08 -4.12 -3.75 5.31 18.36 15.56 16.19 14.95 5.23 -0.59 -4.21
-3.99 -1.57 -5.86 -2.85 4.26 15.07 24.02 17.89 15.07 5.06 3.3 -0.17
-3.92 -3.69 -3.53 -1.03 7.83 16.7 16.52 15.58 14.78 7.79 4.86 -3.68
-5.84 -3.09 -9.48 -3.1 7.18 15.84 19.94 15.84 12.55 8.67 3.83 -2.24
-5.98 -0.82 -3.89 -4.17 9.05 17.46 17.03 17.04 14.82 6.96 0.77 -7.18
-3.6 -2.22 -5.17 -2.94 9.65 13.21 17.62 12.72 14.35 8.55 2.82 -0.81
-4.16 -0.5 -4.23 -1.18 6.92 15.17 22.05 14.33 13.3 7.53 1.7 -3.24
-8.14 -5.18 -7.03 -4.43 10.01 17.23 14.16 14.41 13.13 6.03 0.08 -6.84
-5.32 0.46 -3.98 -2.49 3.98 12.97 15.97 17.35 10.29 9.02 0.82 -0.05
-0.07 1.85 -4.86 0.88 7.19 12.95 16.81 21.6 14.24 7.54 1.31 -2.54
-3.84 -3.34 -5.19 -1.62 9.74 21.69 19.2 15.97 14.52 6.07 2.6 -2.65
-4.26 -5.16 -2.69 -4.07 5.6 17.11 12.71 13.95 12.97 7.12 4.63 -0.61
-6.41 -3.9 -3.61 -1.31 7.34 18.7 19.6 19.63 14.22 9.48 3.17 -0.84
-1.23 0.48 -4.07 -1.6 12.26 21.11 19.11 17.34 14.36 7.04 4.47 -2.53
-0.51 -4.25 -6.02 -3.58 6.9 20.07 19.05 20.34 13.06 8.62 3.2 -7.06
-1.77 -3.58 -3.51 -2.07 7.73 14.13 19.35 22.36 16.1 8.86 1.01 -4.18
-7.19 -5.9 -5.06 -3.66 3.55 15.75 14.56 14.22 11.7 4.84 0.39 -7.3
-8.89 -8.12 -8.07 -2.38 5.83 15.37 20.18 18.11 15.45 7.48 2.5 -1.16
-5.78 -0.82 -5.84 -0.49 7.37 15.54 19.46 18.05 16.14 9.54 3.25 -1.16
-0.76 -0.89 -5.09 -0.4 10.46 20 17.11 15.12 13.63 8.34 3.1 1.36
-6.34 -6.65 -4.02 -3.06 8.21 20.92 19.09 19.72 16.79 7.75 0.26 -1.68
-4.12 -0.33 -5.11 -3.66 10.02 22.12 23.24 23.11 13.5 9.47 0.3 -2.65
-1.76 -5.1 -2.48 -0.73 7.65 13.07 19.38 17.42 14.96 9.2 2.97 -0.13
-2.67 0.63 -2.8 -0.52 9.35 19.47 19.52 18.91 14.78 9.62 4.2 -2.69
-3.01 -4.04 -4.22 -0.89 3.78 16.11 17.44 14.82 14.63 6.76 0.82 -3.35
-3.3 -0.94 -6.03 -0.2 13.6 17.53 19.42 14.74 12.99 7.57 1.75 -2.88
0.6 -2.78 -3.3 -0.74 9.5 20.21 23.3 19.5 16.2 7.37 5.72 -2.03
-5.6 -2.7 -7.17 -3.25 9.24 17.12 21.96 16.18 16.03 5.84 1.69 -0.45
-5.96 -1.52 -2.16 -2.68 7.35 15.28 20.03 12.89 16.24 9.3 2.48 -1.09
-2.87 -0.62 -3.18 -0.69 8.14 16.93 23.37 17.05 14.84 7.43 5.3 -3.19
-0.41 -1.59 -3.01 -1.68 10.14 19.24 20.05 16.92 13.9 9.45 1.82 0.6
-2.15 -0.72 -5.99 -0.37 11.56 16.81 22.4 21.62 15.34 7.58 2.7 -1.37
-0.78 -1.41 -6.12 -0.33 10.48 14.08 16.73 14.16 13.44 7.9 1.57 -3.75
-1.01 -1.01 -5.23 -4.61 5.05 15.04 16.79 15.12 14.86 11.16 3.05 -3.83
0.7 -1.63 -2.54 1.43 8.4 15.2 14.79 17.12 12.96 5.4 0.61 -3.73
-5.95 -0.13 -3.93 -4.06 10.37 15.51 14.21 19.78 14.54 7.46 2.44 -3.9
-2.59 -2.24 -3.55 -1.59 6.2 16.57 19.3 14.43 12.3 5.15 0.01 -4.55
-4.17 -0.01 -5.44 -2.39 10.55 14.93 21.53 17.48 14.56 10.24 5.47 0.36
-5.06 2.04 -0.7 -0.07 5.42 14.97 20.21 15.19 13.53 8.49 5.27 -1.6
-1.2 -0.35 -5.7 -2.01 8.81 19.23 19.92 17.17 14.83 4.92 4.2 -1.32
-2.39 -1.69 -5.3 -2.79 8.57 15.05 16.8 14.68 14.32 7.85 1.69 -3.05
-6.16 1.75 -3.25 -3.41 7.89 17.92 15.92 18.7 17.25 9.01 7.14 -1.87
0.87 1.85 -1.24 -2.06 5.34 17.61 20.44 15.03 14.37 9.21 2.45 3
-6.27 -5.53 -4.28 -1.53 3.84 14.06 16.47 23.13 13.44 8.04 4.05 -1.33
-2.43 -0.05 -2.53 -2.84 7.41 16.76 19.2 15.17 17.88 8.87 1.98 -0.07
-1.61 -4.45 -2.53 -3.98 6.94 11.71 15.06 19.67 15.76 9.26 2.37 -1.02
-3.7 -2.16 -4.19 -2.89 12.04 21.33 19.52 19.78 14.59 10.45 5.02 0.77
-1.18 1.8 -2.49 -2.75 5.62 13.83 17.04 17.57 14.97 8.28 1.66 -3.23
-3.22 -1.78 -2.44 -2.05 9.44 15.57 21.67 23.95 13.63 9.16 4.8 -1.65
-1.82 -1.55 -2.63 -1.09 8.36 14.72 15.75 16.66 15.84 7.1 -1.82 0.67
-2.19 -2.57 -4.54 0.39 5.89 14.03 15.92 16.26 16.58 9.02 7.39 -4.57
-3.57 -6.87 -4.1 -1.77 12.53 14.26 16.44 14.98 14.5 7.17 0.48 -5.23
-2.89 1.67 -2 -0.54 6.33 12.31 22.26 19.35 15.79 9.22 2.25 -4.92
-0.67 0.44 -3.27 0.78 4.72 18.77 17.21 16.42 16.94 8.51 4.87 -3.58
-4.01 1.25 -3.45 -2.14 8.07 18.58 20.26 15.5 15.81 8.59 6.77 -5.05
-0.9 2.31 -1.45 -0.88 8.39 15.97 20.68 16.58 13.56 10.47 5.32 -2.79
-2.09 -1.26 -2.25 -1.32 8.08 18.03 21.12 17.22 14.21 9.11 4.49 -2.82
-1.93 -6.2 -3.84 -3.25 4.49 12.46 13.83 14.77 11.45 6.72 3.16 -0.74
-2.71 -2.99 -4.01 -0.22 7.97 12.51 13.95 14.95 11.8 7.83 3.54 1.54
0.5 -3.09 -3.21 -0.31 7.84 18.61 24.63 18.21 14.66 7.77 3.17 -2.56
-2.44 -0.93 -7.39 -1.66 7.66 19.44 14.61 17.77 13.19 6.47 0.85 -2.04
-3.44 -2.53 -6.81 -2.29 5.51 17.55 18.24 18.23 15.32 5.71 4.72 -3.61
-2.13 -0.74 -6.73 -1.26 13.91 18.59 21 19.84 14.11 9.08 6.08 -3.88
-1.54 -1.21 -4.22 -0.63 7.27 9.79 14.99 17.46 14.3 7.57 2.56 -2.32
-2.97 -1.02 -4.81 -2.49 8.12 11.05 17.39 16.15 13.06 8.68 2.63 1.4
-3.78 2.28 -3.04 -1.11 7.6 15.26 20.22 18.57 13.43 8 3.49 -1.35
-2.61 0.83 -0.66 -1.54 6.4 17.42 20.16 16.92 14.5 8.13 0.2 -2.48
-2.84 -0.3 -2.41 -2.14 5.72 22.66 25.59 22.66 18.98 8.57 3.72 2.82
1.47 1.15 -5.17 -2.45 8.7 13.73 19.64 15.3 14.29 6.9 3.46 -1.37
-3.81 -0.76 -3.95 -0.6 5.65 14.86 22.54 17.84 14.03 7.99 3.24 -3.82
-3.24 -2.92 -1.68 -0.61 7.26 19.86 20.47 15.93 15.62 8.59 3.47 -2.27
-8.01 -0.53 -1.52 -0.9 7.67 19.05 23.04 22.1 18.28 8.38 6.21 0.27
-5.59 1.11 -1.66 -1.91 10.31 17.31 18.98 17.96 14.14 9.48 4.68 -3.32
-1.09 0.33 -3.56 -3.43 9.29 16.63 20.15 18.64 14.67 8.21 2.63 -1.4
-4.74 -5.03 -2.5 -1.26 5.85 15.68 24.26 20.79 14.31 8.34 4.07 -1.76
0.21 -3.91 -4.89 -1.97 7.42 21.78 27.54 21.96 17.92 9.04 6.52 -2.58
-1.25 0.2 -2.25 -0.64 9.01 18.24 24.9 22 17.78 9.52 5.11 2.25
-2.13 -0.74 -6.73 -1.26 13.91 18.59 21 19.84 14.11 9.08 6.08 -3.88
-5.96 -1.52 -2.16 -2.68 7.35 15.28 20.03 12.89 16.24 9.3 2.48 -1.09
-1.61 -4.45 -2.53 -3.98 6.94 11.71 15.06 19.67 15.76 9.26 2.37 -1.02
-1.01 -1.01 -5.23 -4.61 5.05 15.04 16.79 15.12 14.86 11.16 3.05 -3.83
-1.54 -1.21 -4.22 -0.63 7.27 9.79 14.99 17.46 14.3 7.57 2.56 -2.32
-2.15 -0.72 -5.99 -0.37 11.56 16.81 22.4 21.62 15.34 7.58 2.7 -1.37
-0.9 2.31 -1.45 -0.88 8.39 15.97 20.68 16.58 13.56 10.47 5.32 -2.79
-4.17 -0.01 -5.44 -2.39 10.55 14.93 21.53 17.48 14.56 10.24 5.47 0.36
0.7 -1.63 -2.54 1.43 8.4 15.2 14.79 17.12 12.96 5.4 0.61 -3.73
-2.84 -0.3 -2.41 -2.14 5.72 22.66 25.59 22.66 18.98 8.57 3.72 2.82
-2.59 -2.24 -3.55 -1.59 6.2 16.57 19.3 14.43 12.3 5.15 0.01 -4.55
-1.09 0.33 -3.56 -3.43 9.29 16.63 20.15 18.64 14.67 8.21 2.63 -1.4
-2.19 -2.57 -4.54 0.39 5.89 14.03 15.92 16.26 16.58 9.02 7.39 -4.57
-3.81 -0.76 -3.95 -0.6 5.65 14.86 22.54 17.84 14.03 7.99 3.24 -3.82
-1.18 1.8 -2.49 -2.75 5.62 13.83 17.04 17.57 14.97 8.28 1.66 -3.23
0.21 -3.91 -4.89 -1.97 7.42 21.78 27.54 21.96 17.92 9.04 6.52 -2.58
-5.06 2.04 -0.7 -0.07 5.42 14.97 20.21 15.19 13.53 8.49 5.27 -1.6
-1.82 -1.55 -2.63 -1.09 8.36 14.72 15.75 16.66 15.84 7.1 -1.82 0.67
-6.16 1.75 -3.25 -3.41 7.89 17.92 15.92 18.7 17.25 9.01 7.14 -1.87
-2.89 1.67 -2 -0.54 6.33 12.31 22.26 19.35 15.79 9.22 2.25 -4.92
-1.93 -6.2 -3.84 -3.25 4.49 12.46 13.83 14.77 11.45 6.72 3.16 -0.74
-6.27 -5.53 -4.28 -1.53 3.84 14.06 16.47 23.13 13.44 8.04 4.05 -1.33
-0.78 -1.41 -6.12 -0.33 10.48 14.08 16.73 14.16 13.44 7.9 1.57 -3.75
-1.2 -0.35 -5.7 -2.01 8.81 19.23 19.92 17.17 14.83 4.92 4.2 -1.32
-2.97 -1.02 -4.81 -2.49 8.12 11.05 17.39 16.15 13.06 8.68 2.63 1.4
-5.6 -2.7 -7.17 -3.25 9.24 17.12 21.96 16.18 16.03 5.84 1.69 -0.45
-3.44 -2.53 -6.81 -2.29 5.51 17.55 18.24 18.23 15.32 5.71 4.72 -3.61
-2.61 0.83 -0.66 -1.54 6.4 17.42 20.16 16.92 14.5 8.13 0.2 -2.48
-4.74 -5.03 -2.5 -1.26 5.85 15.68 24.26 20.79 14.31 8.34 4.07 -1.76
-2.87 -0.62 -3.18 -0.69 8.14 16.93 23.37 17.05 14.84 7.43 5.3 -3.19
-1.25 0.2 -2.25 -0.64 9.01 18.24 24.9 22 17.78 9.52 5.11 2.25
1.47 1.15 -5.17 -2.45 8.7 13.73 19.64 15.3 14.29 6.9 3.46 -1.37
-5.59 1.11 -1.66 -1.91 10.31 17.31 18.98 17.96 14.14 9.48 4.68 -3.32
-8.01 -0.53 -1.52 -0.9 7.67 19.05 23.04 22.1 18.28 8.38 6.21 0.27
-3.57 -6.87 -4.1 -1.77 12.53 14.26 16.44 14.98 14.5 7.17 0.48 -5.23
0.5 -3.09 -3.21 -0.31 7.84 18.61 24.63 18.21 14.66 7.77 3.17 -2.56
-0.67 0.44 -3.27 0.78 4.72 18.77 17.21 16.42 16.94 8.51 4.87 -3.58
-3.22 -1.78 -2.44 -2.05 9.44 15.57 21.67 23.95 13.63 9.16 4.8 -1.65
-5.95 -0.13 -3.93 -4.06 10.37 15.51 14.21 19.78 14.54 7.46 2.44 -3.9
-0.41 -1.59 -3.01 -1.68 10.14 19.24 20.05 16.92 13.9 9.45 1.82 0.6
-2.09 -1.26 -2.25 -1.32 8.08 18.03 21.12 17.22 14.21 9.11 4.49 -2.82
-2.43 -0.05 -2.53 -2.84 7.41 16.76 19.2 15.17 17.88 8.87 1.98 -0.07
-4.01 1.25 -3.45 -2.14 8.07 18.58 20.26 15.5 15.81 8.59 6.77 -5.05
-3.24 -2.92 -1.68 -0.61 7.26 19.86 20.47 15.93 15.62 8.59 3.47 -2.27
-3.78 2.28 -3.04 -1.11 7.6 15.26 20.22 18.57 13.43 8 3.49 -1.35
-3.7 -2.16 -4.19 -2.89 12.04 21.33 19.52 19.78 14.59 10.45 5.02 0.77
-2.71 -2.99 -4.01 -0.22 7.97 12.51 13.95 14.95 11.8 7.83 3.54 1.54
-2.44 -0.93 -7.39 -1.66 7.66 19.44 14.61 17.77 13.19 6.47 0.85 -2.04
0.87 1.85 -1.24 -2.06 5.34 17.61 20.44 15.03 14.37 9.21 2.45 3
-2.39 -1.69 -5.3 -2.79 8.57 15.05 16.8 14.68 14.32 7.85 1.69 -3.05
1.47 1.15 -5.17 -2.45 8.7 13.73 19.64 15.3 14.29 6.9 3.46 -1.37
-2.61 0.83 -0.66 -1.54 6.4 17.42 20.16 16.92 14.5 8.13 0.2 -2.48
-5.6 -2.7 -7.17 -3.25 9.24 17.12 21.96 16.18 16.03 5.84 1.69 -0.45
-5.96 -1.52 -2.16 -2.68 7.35 15.28 20.03 12.89 16.24 9.3 2.48 -1.09
-6.27 -5.53 -4.28 -1.53 3.84 14.06 16.47 23.13 13.44 8.04 4.05 -1.33
-1.54 -1.21 -4.22 -0.63 7.27 9.79 14.99 17.46 14.3 7.57 2.56 -2.32
-4.74 -5.03 -2.5 -1.26 5.85 15.68 24.26 20.79 14.31 8.34 4.07 -1.76
-1.18 1.8 -2.49 -2.75 5.62 13.83 17.04 17.57 14.97 8.28 1.66 -3.23
-3.22 -1.78 -2.44 -2.05 9.44 15.57 21.67 23.95 13.63 9.16 4.8 -1.65
-3.24 -2.92 -1.68 -0.61 7.26 19.86 20.47 15.93 15.62 8.59 3.47 -2.27
-0.67 0.44 -3.27 0.78 4.72 18.77 17.21 16.42 16.94 8.51 4.87 -3.58
0.87 1.85 -1.24 -2.06 5.34 17.61 20.44 15.03 14.37 9.21 2.45 3
-5.06 2.04 -0.7 -0.07 5.42 14.97 20.21 15.19 13.53 8.49 5.27 -1.6
0.21 -3.91 -4.89 -1.97 7.42 21.78 27.54 21.96 17.92 9.04 6.52 -2.58
-3.7 -2.16 -4.19 -2.89 12.04 21.33 19.52 19.78 14.59 10.45 5.02 0.77
-4.17 -0.01 -5.44 -2.39 10.55 14.93 21.53 17.48 14.56 10.24 5.47 0.36
-1.2 -0.35 -5.7 -2.01 8.81 19.23 19.92 17.17 14.83 4.92 4.2 -1.32
-2.15 -0.72 -5.99 -0.37 11.56 16.81 22.4 21.62 15.34 7.58 2.7 -1.37
-1.82 -1.55 -2.63 -1.09 8.36 14.72 15.75 16.66 15.84 7.1 -1.82 0.67
-3.57 -6.87 -4.1 -1.77 12.53 14.26 16.44 14.98 14.5 7.17 0.48 -5.23
-4.01 1.25 -3.45 -2.14 8.07 18.58 20.26 15.5 15.81 8.59 6.77 -5.05
-0.9 2.31 -1.45 -0.88 8.39 15.97 20.68 16.58 13.56 10.47 5.32 -2.79
-3.81 -0.76 -3.95 -0.6 5.65 14.86 22.54 17.84 14.03 7.99 3.24 -3.82
-2.13 -0.74 -6.73 -1.26 13.91 18.59 21 19.84 14.11 9.08 6.08 -3.88
-3.44 -2.53 -6.81 -2.29 5.51 17.55 18.24 18.23 15.32 5.71 4.72 -3.61
-1.09 0.33 -3.56 -3.43 9.29 16.63 20.15 18.64 14.67 8.21 2.63 -1.4
-0.41 -1.59 -3.01 -1.68 10.14 19.24 20.05 16.92 13.9 9.45 1.82 0.6
-2.97 -1.02 -4.81 -2.49 8.12 11.05 17.39 16.15 13.06 8.68 2.63 1.4
-2.84 -0.3 -2.41 -2.14 5.72 22.66 25.59 22.66 18.98 8.57 3.72 2.82
-5.95 -0.13 -3.93 -4.06 10.37 15.51 14.21 19.78 14.54 7.46 2.44 -3.9
-2.87 -0.62 -3.18 -0.69 8.14 16.93 23.37 17.05 14.84 7.43 5.3 -3.19
-2.19 -2.57 -4.54 0.39 5.89 14.03 15.92 16.26 16.58 9.02 7.39 -4.57
-6.16 1.75 -3.25 -3.41 7.89 17.92 15.92 18.7 17.25 9.01 7.14 -1.87
-5.59 1.11 -1.66 -1.91 10.31 17.31 18.98 17.96 14.14 9.48 4.68 -3.32
-2.09 -1.26 -2.25 -1.32 8.08 18.03 21.12 17.22 14.21 9.11 4.49 -2.82
-3.78 2.28 -3.04 -1.11 7.6 15.26 20.22 18.57 13.43 8 3.49 -1.35
-2.89 1.67 -2 -0.54 6.33 12.31 22.26 19.35 15.79 9.22 2.25 -4.92
-2.44 -0.93 -7.39 -1.66 7.66 19.44 14.61 17.77 13.19 6.47 0.85 -2.04
0.7 -1.63 -2.54 1.43 8.4 15.2 14.79 17.12 12.96 5.4 0.61 -3.73
-1.61 -4.45 -2.53 -3.98 6.94 11.71 15.06 19.67 15.76 9.26 2.37 -1.02
-1.01 -1.01 -5.23 -4.61 5.05 15.04 16.79 15.12 14.86 11.16 3.05 -3.83
-0.78 -1.41 -6.12 -0.33 10.48 14.08 16.73 14.16 13.44 7.9 1.57 -3.75
-2.59 -2.24 -3.55 -1.59 6.2 16.57 19.3 14.43 12.3 5.15 0.01 -4.55
-2.71 -2.99 -4.01 -0.22 7.97 12.51 13.95 14.95 11.8 7.83 3.54 1.54
-8.01 -0.53 -1.52 -0.9 7.67 19.05 23.04 22.1 18.28 8.38 6.21 0.27
-1.25 0.2 -2.25 -0.64 9.01 18.24 24.9 22 17.78 9.52 5.11 2.25
-2.39 -1.69 -5.3 -2.79 8.57 15.05 16.8 14.68 14.32 7.85 1.69 -3.05
-1.93 -6.2 -3.84 -3.25 4.49 12.46 13.83 14.77 11.45 6.72 3.16 -0.74
0.5 -3.09 -3.21 -0.31 7.84 18.61 24.63 18.21 14.66 7.77 3.17 -2.56
-2.43 -0.05 -2.53 -2.84 7.41 16.76 19.2 15.17 17.88 8.87 1.98 -0.07
-2.15 -0.72 -5.99 -0.37 11.56 16.81 22.4 21.62 15.34 7.58 2.7 -1.37
-6.27 -5.53 -4.28 -1.53 3.84 14.06 16.47 23.13 13.44 8.04 4.05 -1.33
-2.97 -1.02 -4.81 -2.49 8.12 11.05 17.39 16.15 13.06 8.68 2.63 1.4
-4.17 -0.01 -5.44 -2.39 10.55 14.93 21.53 17.48 14.56 10.24 5.47 0.36
-2.87 -0.62 -3.18 -0.69 8.14 16.93 23.37 17.05 14.84 7.43 5.3 -3.19
-1.09 0.33 -3.56 -3.43 9.29 16.63 20.15 18.64 14.67 8.21 2.63 -1.4
-1.18 1.8 -2.49 -2.75 5.62 13.83 17.04 17.57 14.97 8.28 1.66 -3.23
-3.24 -2.92 -1.68 -0.61 7.26 19.86 20.47 15.93 15.62 8.59 3.47 -2.27
-5.96 -1.52 -2.16 -2.68 7.35 15.28 20.03 12.89 16.24 9.3 2.48 -1.09
-4.01 1.25 -3.45 -2.14 8.07 18.58 20.26 15.5 15.81 8.59 6.77 -5.05
0.87 1.85 -1.24 -2.06 5.34 17.61 20.44 15.03 14.37 9.21 2.45 3
-2.39 -1.69 -5.3 -2.79 8.57 15.05 16.8 14.68 14.32 7.85 1.69 -3.05
-0.78 -1.41 -6.12 -0.33 10.48 14.08 16.73 14.16 13.44 7.9 1.57 -3.75
0.7 -1.63 -2.54 1.43 8.4 15.2 14.79 17.12 12.96 5.4 0.61 -3.73
-2.71 -2.99 -4.01 -0.22 7.97 12.51 13.95 14.95 11.8 7.83 3.54 1.54
0.21 -3.91 -4.89 -1.97 7.42 21.78 27.54 21.96 17.92 9.04 6.52 -2.58
-3.78 2.28 -3.04 -1.11 7.6 15.26 20.22 18.57 13.43 8 3.49 -1.35
-0.9 2.31 -1.45 -0.88 8.39 15.97 20.68 16.58 13.56 10.47 5.32 -2.79
-5.6 -2.7 -7.17 -3.25 9.24 17.12 21.96 16.18 16.03 5.84 1.69 -0.45
-5.95 -0.13 -3.93 -4.06 10.37 15.51 14.21 19.78 14.54 7.46 2.44 -3.9
-3.44 -2.53 -6.81 -2.29 5.51 17.55 18.24 18.23 15.32 5.71 4.72 -3.61
-6.16 1.75 -3.25 -3.41 7.89 17.92 15.92 18.7 17.25 9.01 7.14 -1.87
-2.43 -0.05 -2.53 -2.84 7.41 16.76 19.2 15.17 17.88 8.87 1.98 -0.07
-1.61 -4.45 -2.53 -3.98 6.94 11.71 15.06 19.67 15.76 9.26 2.37 -1.02
-5.59 1.11 -1.66 -1.91 10.31 17.31 18.98 17.96 14.14 9.48 4.68 -3.32
-2.09 -1.26 -2.25 -1.32 8.08 18.03 21.12 17.22 14.21 9.11 4.49 -2.82
-8.01 -0.53 -1.52 -0.9 7.67 19.05 23.04 22.1 18.28 8.38 6.21 0.27
-3.81 -0.76 -3.95 -0.6 5.65 14.86 22.54 17.84 14.03 7.99 3.24 -3.82
-0.67 0.44 -3.27 0.78 4.72 18.77 17.21 16.42 16.94 8.51 4.87 -3.58
-4.74 -5.03 -2.5 -1.26 5.85 15.68 24.26 20.79 14.31 8.34 4.07 -1.76
-1.93 -6.2 -3.84 -3.25 4.49 12.46 13.83 14.77 11.45 6.72 3.16 -0.74
-2.44 -0.93 -7.39 -1.66 7.66 19.44 14.61 17.77 13.19 6.47 0.85 -2.04
-0.41 -1.59 -3.01 -1.68 10.14 19.24 20.05 16.92 13.9 9.45 1.82 0.6
-2.61 0.83 -0.66 -1.54 6.4 17.42 20.16 16.92 14.5 8.13 0.2 -2.48
-1.2 -0.35 -5.7 -2.01 8.81 19.23 19.92 17.17 14.83 4.92 4.2 -1.32
-1.25 0.2 -2.25 -0.64 9.01 18.24 24.9 22 17.78 9.52 5.11 2.25
-3.57 -6.87 -4.1 -1.77 12.53 14.26 16.44 14.98 14.5 7.17 0.48 -5.23
0.5 -3.09 -3.21 -0.31 7.84 18.61 24.63 18.21 14.66 7.77 3.17 -2.56
-3.22 -1.78 -2.44 -2.05 9.44 15.57 21.67 23.95 13.63 9.16 4.8 -1.65
-3.7 -2.16 -4.19 -2.89 12.04 21.33 19.52 19.78 14.59 10.45 5.02 0.77
-5.06 2.04 -0.7 -0.07 5.42 14.97 20.21 15.19 13.53 8.49 5.27 -1.6
-2.84 -0.3 -2.41 -2.14 5.72 22.66 25.59 22.66 18.98 8.57 3.72 2.82
1.47 1.15 -5.17 -2.45 8.7 13.73 19.64 15.3 14.29 6.9 3.46 -1.37
-1.82 -1.55 -2.63 -1.09 8.36 14.72 15.75 16.66 15.84 7.1 -1.82 0.67
-1.01 -1.01 -5.23 -4.61 5.05 15.04 16.79 15.12 14.86 11.16 3.05 -3.83
-2.89 1.67 -2 -0.54 6.33 12.31 22.26 19.35 15.79 9.22 2.25 -4.92
-2.59 -2.24 -3.55 -1.59 6.2 16.57 19.3 14.43 12.3 5.15 0.01 -4.55
-1.54 -1.21 -4.22 -0.63 7.27 9.79 14.99 17.46 14.3 7.57 2.56 -2.32
-2.13 -0.74 -6.73 -1.26 13.91 18.59 21 19.84 14.11 9.08 6.08 -3.88
-2.19 -2.57 -4.54 0.39 5.89 14.03 15.92 16.26 16.58 9.02 7.39 -4.57
-5.6 -2.7 -7.17 -3.25 9.24 17.12 21.96 16.18 16.03 5.84 1.69 -0.45
-1.2 -0.35 -5.7 -2.01 8.81 19.23 19.92 17.17 14.83 4.92 4.2 -1.32
-2.43 -0.05 -2.53 -2.84 7.41 16.76 19.2 15.17 17.88 8.87 1.98 -0.07
-2.19 -2.57 -4.54 0.39 5.89 14.03 15.92 16.26 16.58 9.02 7.39 -4.57
-5.06 2.04 -0.7 -0.07 5.42 14.97 20.21 15.19 13.53 8.49 5.27 -1.6
-0.9 2.31 -1.45 -0.88 8.39 15.97 20.68 16.58 13.56 10.47 5.32 -2.79
-1.01 -1.01 -5.23 -4.61 5.05 15.04 16.79 15.12 14.86 11.16 3.05 -3.83
-2.61 0.83 -0.66 -1.54 6.4 17.42 20.16 16.92 14.5 8.13 0.2 -2.48
-2.39 -1.69 -5.3 -2.79 8.57 15.05 16.8 14.68 14.32 7.85 1.69 -3.05
-1.61 -4.45 -2.53 -3.98 6.94 11.71 15.06 19.67 15.76 9.26 2.37 -1.02
-2.44 -0.93 -7.39 -1.66 7.66 19.44 14.61 17.77 13.19 6.47 0.85 -2.04
-3.24 -2.92 -1.68 -0.61 7.26 19.86 20.47 15.93 15.62 8.59 3.47 -2.27
-2.09 -1.26 -2.25 -1.32 8.08 18.03 21.12 17.22 14.21 9.11 4.49 -2.82
-4.17 -0.01 -5.44 -2.39 10.55 14.93 21.53 17.48 14.56 10.24 5.47 0.36
-1.54 -1.21 -4.22 -0.63 7.27 9.79 14.99 17.46 14.3 7.57 2.56 -2.32
-2.97 -1.02 -4.81 -2.49 8.12 11.05 17.39 16.15 13.06 8.68 2.63 1.4
-1.93 -6.2 -3.84 -3.25 4.49 12.46 13.83 14.77 11.45 6.72 3.16 -0.74
-3.78 2.28 -3.04 -1.11 7.6 15.26 20.22 18.57 13.43 8 3.49 -1.35
-1.82 -1.55 -2.63 -1.09 8.36 14.72 15.75 16.66 15.84 7.1 -1.82 0.67
0.5 -3.09 -3.21 -0.31 7.84 18.61 24.63 18.21 14.66 7.77 3.17 -2.56
-5.96 -1.52 -2.16 -2.68 7.35 15.28 20.03 12.89 16.24 9.3 2.48 -1.09
-3.81 -0.76 -3.95 -0.6 5.65 14.86 22.54 17.84 14.03 7.99 3.24 -3.82
-2.87 -0.62 -3.18 -0.69 8.14 16.93 23.37 17.05 14.84 7.43 5.3 -3.19
-2.71 -2.99 -4.01 -0.22 7.97 12.51 13.95 14.95 11.8 7.83 3.54 1.54
-0.67 0.44 -3.27 0.78 4.72 18.77 17.21 16.42 16.94 8.51 4.87 -3.58
0.21 -3.91 -4.89 -1.97 7.42 21.78 27.54 21.96 17.92 9.04 6.52 -2.58
-2.13 -0.74 -6.73 -1.26 13.91 18.59 21 19.84 14.11 9.08 6.08 -3.88
-2.59 -2.24 -3.55 -1.59 6.2 16.57 19.3 14.43 12.3 5.15 0.01 -4.55
-6.27 -5.53 -4.28 -1.53 3.84 14.06 16.47 23.13 13.44 8.04 4.05 -1.33
-4.01 1.25 -3.45 -2.14 8.07 18.58 20.26 15.5 15.81 8.59 6.77 -5.05
-3.7 -2.16 -4.19 -2.89 12.04 21.33 19.52 19.78 14.59 10.45 5.02 0.77
0.87 1.85 -1.24 -2.06 5.34 17.61 20.44 15.03 14.37 9.21 2.45 3
1.47 1.15 -5.17 -2.45 8.7 13.73 19.64 15.3 14.29 6.9 3.46 -1.37
-3.44 -2.53 -6.81 -2.29 5.51 17.55 18.24 18.23 15.32 5.71 4.72 -3.61
-6.16 1.75 -3.25 -3.41 7.89 17.92 15.92 18.7 17.25 9.01 7.14 -1.87
-5.59 1.11 -1.66 -1.91 10.31 17.31 18.98 17.96 14.14 9.48 4.68 -3.32
-2.89 1.67 -2 -0.54 6.33 12.31 22.26 19.35 15.79 9.22 2.25 -4.92
-8.01 -0.53 -1.52 -0.9 7.67 19.05 23.04 22.1 18.28 8.38 6.21 0.27
-1.25 0.2 -2.25 -0.64 9.01 18.24 24.9 22 17.78 9.52 5.11 2.25
-4.74 -5.03 -2.5 -1.26 5.85 15.68 24.26 20.79 14.31 8.34 4.07 -1.76
-3.22 -1.78 -2.44 -2.05 9.44 15.57 21.67 23.95 13.63 9.16 4.8 -1.65
-3.57 -6.87 -4.1 -1.77 12.53 14.26 16.44 14.98 14.5 7.17 0.48 -5.23
-5.95 -0.13 -3.93 -4.06 10.37 15.51 14.21 19.78 14.54 7.46 2.44 -3.9
-1.18 1.8 -2.49 -2.75 5.62 13.83 17.04 17.57 14.97 8.28 1.66 -3.23
-0.41 -1.59 -3.01 -1.68 10.14 19.24 20.05 16.92 13.9 9.45 1.82 0.6
-0.78 -1.41 -6.12 -0.33 10.48 14.08 16.73 14.16 13.44 7.9 1.57 -3.75
-1.09 0.33 -3.56 -3.43 9.29 16.63 20.15 18.64 14.67 8.21 2.63 -1.4
-2.84 -0.3 -2.41 -2.14 5.72 22.66 25.59 22.66 18.98 8.57 3.72 2.82
0.7 -1.63 -2.54 1.43 8.4 15.2 14.79 17.12 12.96 5.4 0.61 -3.73
-2.15 -0.72 -5.99 -0.37 11.56 16.81 22.4 21.62 15.34 7.58 2.7 -1.37
-3.24 -2.92 -1.68 -0.61 7.26 19.86 20.47 15.93 15.62 8.59 3.47 -2.27
-1.93 -6.2 -3.84 -3.25 4.49 12.46 13.83 14.77 11.45 6.72 3.16 -0.74
-8.01 -0.53 -1.52 -0.9 7.67 19.05 23.04 22.1 18.28 8.38 6.21 0.27
-0.9 2.31 -1.45 -0.88 8.39 15.97 20.68 16.58 13.56 10.47 5.32 -2.79
-0.41 -1.59 -3.01 -1.68 10.14 19.24 20.05 16.92 13.9 9.45 1.82 0.6
-0.78 -1.41 -6.12 -0.33 10.48 14.08 16.73 14.16 13.44 7.9 1.57 -3.75
-3.57 -6.87 -4.1 -1.77 12.53 14.26 16.44 14.98 14.5 7.17 0.48 -5.23
-2.44 -0.93 -7.39 -1.66 7.66 19.44 14.61 17.77 13.19 6.47 0.85 -2.04
-2.89 1.67 -2 -0.54 6.33 12.31 22.26 19.35 15.79 9.22 2.25 -4.92
-1.54 -1.21 -4.22 -0.63 7.27 9.79 14.99 17.46 14.3 7.57 2.56 -2.32
-2.97 -1.02 -4.81 -2.49 8.12 11.05 17.39 16.15 13.06 8.68 2.63 1.4
-5.96 -1.52 -2.16 -2.68 7.35 15.28 20.03 12.89 16.24 9.3 2.48 -1.09
-4.01 1.25 -3.45 -2.14 8.07 18.58 20.26 15.5 15.81 8.59 6.77 -5.05
-2.19 -2.57 -4.54 0.39 5.89 14.03 15.92 16.26 16.58 9.02 7.39 -4.57
-0.67 0.44 -3.27 0.78 4.72 18.77 17.21 16.42 16.94 8.51 4.87 -3.58
0.5 -3.09 -3.21 -0.31 7.84 18.61 24.63 18.21 14.66 7.77 3.17 -2.56
-1.01 -1.01 -5.23 -4.61 5.05 15.04 16.79 15.12 14.86 11.16 3.05 -3.83
-2.87 -0.62 -3.18 -0.69 8.14 16.93 23.37 17.05 14.84 7.43 5.3 -3.19
-3.7 -2.16 -4.19 -2.89 12.04 21.33 19.52 19.78 14.59 10.45 5.02 0.77
-4.17 -0.01 -5.44 -2.39 10.55 14.93 21.53 17.48 14.56 10.24 5.47 0.36
-3.78 2.28 -3.04 -1.11 7.6 15.26 20.22 18.57 13.43 8 3.49 -1.35
-5.6 -2.7 -7.17 -3.25 9.24 17.12 21.96 16.18 16.03 5.84 1.69 -0.45
-3.81 -0.76 -3.95 -0.6 5.65 14.86 22.54 17.84 14.03 7.99 3.24 -3.82
-2.84 -0.3 -2.41 -2.14 5.72 22.66 25.59 22.66 18.98 8.57 3.72 2.82
-2.43 -0.05 -2.53 -2.84 7.41 16.76 19.2 15.17 17.88 8.87 1.98 -0.07
0.21 -3.91 -4.89 -1.97 7.42 21.78 27.54 21.96 17.92 9.04 6.52 -2.58
-2.09 -1.26 -2.25 -1.32 8.08 18.03 21.12 17.22 14.21 9.11 4.49 -2.82
-1.2 -0.35 -5.7 -2.01 8.81 19.23 19.92 17.17 14.83 4.92 4.2 -1.32
0.7 -1.63 -2.54 1.43 8.4 15.2 14.79 17.12 12.96 5.4 0.61 -3.73
-2.61 0.83 -0.66 -1.54 6.4 17.42 20.16 16.92 14.5 8.13 0.2 -2.48
-1.18 1.8 -2.49 -2.75 5.62 13.83 17.04 17.57 14.97 8.28 1.66 -3.23
-6.27 -5.53 -4.28 -1.53 3.84 14.06 16.47 23.13 13.44 8.04 4.05 -1.33
-3.22 -1.78 -2.44 -2.05 9.44 15.57 21.67 23.95 13.63 9.16 4.8 -1.65
-6.16 1.75 -3.25 -3.41 7.89 17.92 15.92 18.7 17.25 9.01 7.14 -1.87
-2.13 -0.74 -6.73 -1.26 13.91 18.59 21 19.84 14.11 9.08 6.08 -3.88
-5.95 -0.13 -3.93 -4.06 10.37 15.51 14.21 19.78 14.54 7.46 2.44 -3.9
-5.06 2.04 -0.7 -0.07 5.42 14.97 20.21 15.19 13.53 8.49 5.27 -1.6
-2.71 -2.99 -4.01 -0.22 7.97 12.51 13.95 14.95 11.8 7.83 3.54 1.54
-2.39 -1.69 -5.3 -2.79 8.57 15.05 16.8 14.68 14.32 7.85 1.69 -3.05
-1.82 -1.55 -2.63 -1.09 8.36 14.72 15.75 16.66 15.84 7.1 -1.82 0.67
-1.25 0.2 -2.25 -0.64 9.01 18.24 24.9 22 17.78 9.52 5.11 2.25
-1.61 -4.45 -2.53 -3.98 6.94 11.71 15.06 19.67 15.76 9.26 2.37 -1.02
-4.74 -5.03 -2.5 -1.26 5.85 15.68 24.26 20.79 14.31 8.34 4.07 -1.76
0.87 1.85 -1.24 -2.06 5.34 17.61 20.44 15.03 14.37 9.21 2.45 3
-1.09 0.33 -3.56 -3.43 9.29 16.63 20.15 18.64 14.67 8.21 2.63 -1.4
-3.44 -2.53 -6.81 -2.29 5.51 17.55 18.24 18.23 15.32 5.71 4.72 -3.61
-5.59 1.11 -1.66 -1.91 10.31 17.31 18.98 17.96 14.14 9.48 4.68 -3.32
1.47 1.15 -5.17 -2.45 8.7 13.73 19.64 15.3 14.29 6.9 3.46 -1.37
-2.59 -2.24 -3.55 -1.59 6.2 16.57 19.3 14.43 12.3 5.15 0.01 -4.55
-2.15 -0.72 -5.99 -0.37 11.56 16.81 22.4 21.62 15.34 7.58 2.7 -1.37
-2.87 -0.62 -3.18 -0.69 8.14 16.93 23.37 17.05 14.84 7.43 5.3 -3.19
-1.2 -0.35 -5.7 -2.01 8.81 19.23 19.92 17.17 14.83 4.92 4.2 -1.32
-0.78 -1.41 -6.12 -0.33 10.48 14.08 16.73 14.16 13.44 7.9 1.57 -3.75
-3.78 2.28 -3.04 -1.11 7.6 15.26 20.22 18.57 13.43 8 3.49 -1.35
-3.44 -2.53 -6.81 -2.29 5.51 17.55 18.24 18.23 15.32 5.71 4.72 -3.61
-3.24 -2.92 -1.68 -0.61 7.26 19.86 20.47 15.93 15.62 8.59 3.47 -2.27
-5.95 -0.13 -3.93 -4.06 10.37 15.51 14.21 19.78 14.54 7.46 2.44 -3.9
-3.81 -0.76 -3.95 -0.6 5.65 14.86 22.54 17.84 14.03 7.99 3.24 -3.82
-6.16 1.75 -3.25 -3.41 7.89 17.92 15.92 18.7 17.25 9.01 7.14 -1.87
-2.59 -2.24 -3.55 -1.59 6.2 16.57 19.3 14.43 12.3 5.15 0.01 -4.55
-5.06 2.04 -0.7 -0.07 5.42 14.97 20.21 15.19 13.53 8.49 5.27 -1.6
-4.01 1.25 -3.45 -2.14 8.07 18.58 20.26 15.5 15.81 8.59 6.77 -5.05
-3.57 -6.87 -4.1 -1.77 12.53 14.26 16.44 14.98 14.5 7.17 0.48 -5.23
-1.01 -1.01 -5.23 -4.61 5.05 15.04 16.79 15.12 14.86 11.16 3.05 -3.83
-0.67 0.44 -3.27 0.78 4.72 18.77 17.21 16.42 16.94 8.51 4.87 -3.58
-6.27 -5.53 -4.28 -1.53 3.84 14.06 16.47 23.13 13.44 8.04 4.05 -1.33
-1.25 0.2 -2.25 -0.64 9.01 18.24 24.9 22 17.78 9.52 5.11 2.25
0.7 -1.63 -2.54 1.43 8.4 15.2 14.79 17.12 12.96 5.4 0.61 -3.73
1.47 1.15 -5.17 -2.45 8.7 13.73 19.64 15.3 14.29 6.9 3.46 -1.37
0.87 1.85 -1.24 -2.06 5.34 17.61 20.44 15.03 14.37 9.21 2.45 3
-2.44 -0.93 -7.39 -1.66 7.66 19.44 14.61 17.77 13.19 6.47 0.85 -2.04
-0.9 2.31 -1.45 -0.88 8.39 15.97 20.68 16.58 13.56 10.47 5.32 -2.79
-8.01 -0.53 -1.52 -0.9 7.67 19.05 23.04 22.1 18.28 8.38 6.21 0.27
-2.61 0.83 -0.66 -1.54 6.4 17.42 20.16 16.92 14.5 8.13 0.2 -2.48
-2.19 -2.57 -4.54 0.39 5.89 14.03 15.92 16.26 16.58 9.02 7.39 -4.57
-1.18 1.8 -2.49 -2.75 5.62 13.83 17.04 17.57 14.97 8.28 1.66 -3.23
-5.96 -1.52 -2.16 -2.68 7.35 15.28 20.03 12.89 16.24 9.3 2.48 -1.09
-4.17 -0.01 -5.44 -2.39 10.55 14.93 21.53 17.48 14.56 10.24 5.47 0.36
0.5 -3.09 -3.21 -0.31 7.84 18.61 24.63 18.21 14.66 7.77 3.17 -2.56
-3.7 -2.16 -4.19 -2.89 12.04 21.33 19.52 19.78 14.59 10.45 5.02 0.77
-5.59 1.11 -1.66 -1.91 10.31 17.31 18.98 17.96 14.14 9.48 4.68 -3.32
-2.39 -1.69 -5.3 -2.79 8.57 15.05 16.8 14.68 14.32 7.85 1.69 -3.05
-2.15 -0.72 -5.99 -0.37 11.56 16.81 22.4 21.62 15.34 7.58 2.7 -1.37
-1.54 -1.21 -4.22 -0.63 7.27 9.79 14.99 17.46 14.3 7.57 2.56 -2.32
-3.22 -1.78 -2.44 -2.05 9.44 15.57 21.67 23.95 13.63 9.16 4.8 -1.65
-2.09 -1.26 -2.25 -1.32 8.08 18.03 21.12 17.22 14.21 9.11 4.49 -2.82
-2.13 -0.74 -6.73 -1.26 13.91 18.59 21 19.84 14.11 9.08 6.08 -3.88
-5.6 -2.7 -7.17 -3.25 9.24 17.12 21.96 16.18 16.03 5.84 1.69 -0.45
-4.74 -5.03 -2.5 -1.26 5.85 15.68 24.26 20.79 14.31 8.34 4.07 -1.76
-0.41 -1.59 -3.01 -1.68 10.14 19.24 20.05 16.92 13.9 9.45 1.82 0.6
-2.71 -2.99 -4.01 -0.22 7.97 12.51 13.95 14.95 11.8 7.83 3.54 1.54
-1.61 -4.45 -2.53 -3.98 6.94 11.71 15.06 19.67 15.76 9.26 2.37 -1.02
-2.84 -0.3 -2.41 -2.14 5.72 22.66 25.59 22.66 18.98 8.57 3.72 2.82
-1.93 -6.2 -3.84 -3.25 4.49 12.46 13.83 14.77 11.45 6.72 3.16 -0.74
0.21 -3.91 -4.89 -1.97 7.42 21.78 27.54 21.96 17.92 9.04 6.52 -2.58
-1.82 -1.55 -2.63 -1.09 8.36 14.72 15.75 16.66 15.84 7.1 -1.82 0.67
-1.09 0.33 -3.56 -3.43 9.29 16.63 20.15 18.64 14.67 8.21 2.63 -1.4
-2.43 -0.05 -2.53 -2.84 7.41 16.76 19.2 15.17 17.88 8.87 1.98 -0.07
-2.97 -1.02 -4.81 -2.49 8.12 11.05 17.39 16.15 13.06 8.68 2.63 1.4
-2.89 1.67 -2 -0.54 6.33 12.31 22.26 19.35 15.79 9.22 2.25 -4.92
-0.41 -1.59 -3.01 -1.68 10.14 19.24 20.05 16.92 13.9 9.45 1.82 0.6
-2.15 -0.72 -5.99 -0.37 11.56 16.81 22.4 21.62 15.34 7.58 2.7 -1.37
-0.78 -1.41 -6.12 -0.33 10.48 14.08 16.73 14.16 13.44 7.9 1.57 -3.75
-2.44 -0.93 -7.39 -1.66 7.66 19.44 14.61 17.77 13.19 6.47 0.85 -2.04
-4.74 -5.03 -2.5 -1.26 5.85 15.68 24.26 20.79 14.31 8.34 4.07 -1.76
-1.54 -1.21 -4.22 -0.63 7.27 9.79 14.99 17.46 14.3 7.57 2.56 -2.32
-2.97 -1.02 -4.81 -2.49 8.12 11.05 17.39 16.15 13.06 8.68 2.63 1.4
-6.16 1.75 -3.25 -3.41 7.89 17.92 15.92 18.7 17.25 9.01 7.14 -1.87
0.87 1.85 -1.24 -2.06 5.34 17.61 20.44 15.03 14.37 9.21 2.45 3
-2.13 -0.74 -6.73 -1.26 13.91 18.59 21 19.84 14.11 9.08 6.08 -3.88
-2.59 -2.24 -3.55 -1.59 6.2 16.57 19.3 14.43 12.3 5.15 0.01 -4.55
-0.67 0.44 -3.27 0.78 4.72 18.77 17.21 16.42 16.94 8.51 4.87 -3.58
-1.2 -0.35 -5.7 -2.01 8.81 19.23 19.92 17.17 14.83 4.92 4.2 -1.32
-1.61 -4.45 -2.53 -3.98 6.94 11.71 15.06 19.67 15.76 9.26 2.37 -1.02
-2.87 -0.62 -3.18 -0.69 8.14 16.93 23.37 17.05 14.84 7.43 5.3 -3.19
-0.9 2.31 -1.45 -0.88 8.39 15.97 20.68 16.58 13.56 10.47 5.32 -2.79
-3.24 -2.92 -1.68 -0.61 7.26 19.86 20.47 15.93 15.62 8.59 3.47 -2.27
-2.89 1.67 -2 -0.54 6.33 12.31 22.26 19.35 15.79 9.22 2.25 -4.92
-3.81 -0.76 -3.95 -0.6 5.65 14.86 22.54 17.84 14.03 7.99 3.24 -3.82
-3.44 -2.53 -6.81 -2.29 5.51 17.55 18.24 18.23 15.32 5.71 4.72 -3.61
-5.6 -2.7 -7.17 -3.25 9.24 17.12 21.96 16.18 16.03 5.84 1.69 -0.45
1.47 1.15 -5.17 -2.45 8.7 13.73 19.64 15.3 14.29 6.9 3.46 -1.37
-5.96 -1.52 -2.16 -2.68 7.35 15.28 20.03 12.89 16.24 9.3 2.48 -1.09
-1.93 -6.2 -3.84 -3.25 4.49 12.46 13.83 14.77 11.45 6.72 3.16 -0.74
-2.84 -0.3 -2.41 -2.14 5.72 22.66 25.59 22.66 18.98 8.57 3.72 2.82
-8.01 -0.53 -1.52 -0.9 7.67 19.05 23.04 22.1 18.28 8.38 6.21 0.27
-1.82 -1.55 -2.63 -1.09 8.36 14.72 15.75 16.66 15.84 7.1 -1.82 0.67
-2.19 -2.57 -4.54 0.39 5.89 14.03 15.92 16.26 16.58 9.02 7.39 -4.57
-2.61 0.83 -0.66 -1.54 6.4 17.42 20.16 16.92 14.5 8.13 0.2 -2.48
0.7 -1.63 -2.54 1.43 8.4 15.2 14.79 17.12 12.96 5.4 0.61 -3.73
-1.09 0.33 -3.56 -3.43 9.29 16.63 20.15 18.64 14.67 8.21 2.63 -1.4
-5.59 1.11 -1.66 -1.91 10.31 17.31 18.98 17.96 14.14 9.48 4.68 -3.32
-1.01 -1.01 -5.23 -4.61 5.05 15.04 16.79 15.12 14.86 11.16 3.05 -3.83
-3.57 -6.87 -4.1 -1.77 12.53 14.26 16.44 14.98 14.5 7.17 0.48 -5.23
-2.43 -0.05 -2.53 -2.84 7.41 16.76 19.2 15.17 17.88 8.87 1.98 -0.07
-2.71 -2.99 -4.01 -0.22 7.97 12.51 13.95 14.95 11.8 7.83 3.54 1.54
-4.01 1.25 -3.45 -2.14 8.07 18.58 20.26 15.5 15.81 8.59 6.77 -5.05
-1.25 0.2 -2.25 -0.64 9.01 18.24 24.9 22 17.78 9.52 5.11 2.25
-5.95 -0.13 -3.93 -4.06 10.37 15.51 14.21 19.78 14.54 7.46 2.44 -3.9
0.21 -3.91 -4.89 -1.97 7.42 21.78 27.54 21.96 17.92 9.04 6.52 -2.58
-3.78 2.28 -3.04 -1.11 7.6 15.26 20.22 18.57 13.43 8 3.49 -1.35
-6.27 -5.53 -4.28 -1.53 3.84 14.06 16.47 23.13 13.44 8.04 4.05 -1.33
-2.09 -1.26 -2.25 -1.32 8.08 18.03 21.12 17.22 14.21 9.11 4.49 -2.82
-1.18 1.8 -2.49 -2.75 5.62 13.83 17.04 17.57 14.97 8.28 1.66 -3.23
0.5 -3.09 -3.21 -0.31 7.84 18.61 24.63 18.21 14.66 7.77 3.17 -2.56
-3.22 -1.78 -2.44 -2.05 9.44 15.57 21.67 23.95 13.63 9.16 4.8 -1.65
-4.17 -0.01 -5.44 -2.39 10.55 14.93 21.53 17.48 14.56 10.24 5.47 0.36
-3.7 -2.16 -4.19 -2.89 12.04 21.33 19.52 19.78 14.59 10.45 5.02 0.77
-2.39 -1.69 -5.3 -2.79 8.57 15.05 16.8 14.68 14.32 7.85 1.69 -3.05
-5.06 2.04 -0.7 -0.07 5.42 14.97 20.21 15.19 13.53 8.49 5.27 -1.6
-5.6 -2.7 -7.17 -3.25 9.24 17.12 21.96 16.18 16.03 5.84 1.69 -0.45
-3.22 -1.78 -2.44 -2.05 9.44 15.57 21.67 23.95 13.63 9.16 4.8 -1.65
-0.41 -1.59 -3.01 -1.68 10.14 19.24 20.05 16.92 13.9 9.45 1.82 0.6
-5.59 1.11 -1.66 -1.91 10.31 17.31 18.98 17.96 14.14 9.48 4.68 -3.32
-2.71 -2.99 -4.01 -0.22 7.97 12.51 13.95 14.95 11.8 7.83 3.54 1.54
-1.01 -1.01 -5.23 -4.61 5.05 15.04 16.79 15.12 14.86 11.16 3.05 -3.83
-2.84 -0.3 -2.41 -2.14 5.72 22.66 25.59 22.66 18.98 8.57 3.72 2.82
-6.27 -5.53 -4.28 -1.53 3.84 14.06 16.47 23.13 13.44 8.04 4.05 -1.33
-2.97 -1.02 -4.81 -2.49 8.12 11.05 17.39 16.15 13.06 8.68 2.63 1.4
-2.13 -0.74 -6.73 -1.26 13.91 18.59 21 19.84 14.11 9.08 6.08 -3.88
-1.18 1.8 -2.49 -2.75 5.62 13.83 17.04 17.57 14.97 8.28 1.66 -3.23
-5.96 -1.52 -2.16 -2.68 7.35 15.28 20.03 12.89 16.24 9.3 2.48 -1.09
-2.61 0.83 -0.66 -1.54 6.4 17.42 20.16 16.92 14.5 8.13 0.2 -2.48
0.7 -1.63 -2.54 1.43 8.4 15.2 14.79 17.12 12.96 5.4 0.61 -3.73
-2.44 -0.93 -7.39 -1.66 7.66 19.44 14.61 17.77 13.19 6.47 0.85 -2.04
-1.25 0.2 -2.25 -0.64 9.01 18.24 24.9 22 17.78 9.52 5.11 2.25
-0.78 -1.41 -6.12 -0.33 10.48 14.08 16.73 14.16 13.44 7.9 1.57 -3.75
0.87 1.85 -1.24 -2.06 5.34 17.61 20.44 15.03 14.37 9.21 2.45 3
-4.01 1.25 -3.45 -2.14 8.07 18.58 20.26 15.5 15.81 8.59 6.77 -5.05
-1.93 -6.2 -3.84 -3.25 4.49 12.46 13.83 14.77 11.45 6.72 3.16 -0.74
-3.24 -2.92 -1.68 -0.61 7.26 19.86 20.47 15.93 15.62 8.59 3.47 -2.27
-8.01 -0.53 -1.52 -0.9 7.67 19.05 23.04 22.1 18.28 8.38 6.21 0.27
-2.43 -0.05 -2.53 -2.84 7.41 16.76 19.2 15.17 17.88 8.87 1.98 -0.07
-1.61 -4.45 -2.53 -3.98 6.94 11.71 15.06 19.67 15.76 9.26 2.37 -1.02
0.5 -3.09 -3.21 -0.31 7.84 18.61 24.63 18.21 14.66 7.77 3.17 -2.56
-1.09 0.33 -3.56 -3.43 9.29 16.63 20.15 18.64 14.67 8.21 2.63 -1.4
-0.9 2.31 -1.45 -0.88 8.39 15.97 20.68 16.58 13.56 10.47 5.32 -2.79
-4.74 -5.03 -2.5 -1.26 5.85 15.68 24.26 20.79 14.31 8.34 4.07 -1.76
-1.82 -1.55 -2.63 -1.09 8.36 14.72 15.75 16.66 15.84 7.1 -1.82 0.67
-2.59 -2.24 -3.55 -1.59 6.2 16.57 19.3 14.43 12.3 5.15 0.01 -4.55
-0.67 0.44 -3.27 0.78 4.72 18.77 17.21 16.42 16.94 8.51 4.87 -3.58
-3.44 -2.53 -6.81 -2.29 5.51 17.55 18.24 18.23 15.32 5.71 4.72 -3.61
-3.57 -6.87 -4.1 -1.77 12.53 14.26 16.44 14.98 14.5 7.17 0.48 -5.23
-2.89 1.67 -2 -0.54 6.33 12.31 22.26 19.35 15.79 9.22 2.25 -4.92
-1.2 -0.35 -5.7 -2.01 8.81 19.23 19.92 17.17 14.83 4.92 4.2 -1.32
-2.39 -1.69 -5.3 -2.79 8.57 15.05 16.8 14.68 14.32 7.85 1.69 -3.05
-2.09 -1.26 -2.25 -1.32 8.08 18.03 21.12 17.22 14.21 9.11 4.49 -2.82
-4.17 -0.01 -5.44 -2.39 10.55 14.93 21.53 17.48 14.56 10.24 5.47 0.36
0.21 -3.91 -4.89 -1.97 7.42 21.78 27.54 21.96 17.92 9.04 6.52 -2.58
-2.87 -0.62 -3.18 -0.69 8.14 16.93 23.37 17.05 14.84 7.43 5.3 -3.19
-1.54 -1.21 -4.22 -0.63 7.27 9.79 14.99 17.46 14.3 7.57 2.56 -2.32
-5.06 2.04 -0.7 -0.07 5.42 14.97 20.21 15.19 13.53 8.49 5.27 -1.6
-3.78 2.28 -3.04 -1.11 7.6 15.26 20.22 18.57 13.43 8 3.49 -1.35
-2.15 -0.72 -5.99 -0.37 11.56 16.81 22.4 21.62 15.34 7.58 2.7 -1.37
-3.7 -2.16 -4.19 -2.89 12.04 21.33 19.52 19.78 14.59 10.45 5.02 0.77
1.47 1.15 -5.17 -2.45 8.7 13.73 19.64 15.3 14.29 6.9 3.46 -1.37
-3.81 -0.76 -3.95 -0.6 5.65 14.86 22.54 17.84 14.03 7.99 3.24 -3.82
-5.95 -0.13 -3.93 -4.06 10.37 15.51 14.21 19.78 14.54 7.46 2.44 -3.9
-6.16 1.75 -3.25 -3.41 7.89 17.92 15.92 18.7 17.25 9.01 7.14 -1.87
-2.19 -2.57 -4.54 0.39 5.89 14.03 15.92 16.26 16.58 9.02 7.39 -4.57
-1.54 -1.21 -4.22 -0.63 7.27 9.79 14.99 17.46 14.3 7.57 2.56 -2.32
-2.87 -0.62 -3.18 -0.69 8.14 16.93 23.37 17.05 14.84 7.43 5.3 -3.19
-3.22 -1.78 -2.44 -2.05 9.44 15.57 21.67 23.95 13.63 9.16 4.8 -1.65
-4.74 -5.03 -2.5 -1.26 5.85 15.68 24.26 20.79 14.31 8.34 4.07 -1.76
-1.18 1.8 -2.49 -2.75 5.62 13.83 17.04 17.57 14.97 8.28 1.66 -3.23
-2.43 -0.05 -2.53 -2.84 7.41 16.76 19.2 15.17 17.88 8.87 1.98 -0.07
-1.09 0.33 -3.56 -3.43 9.29 16.63 20.15 18.64 14.67 8.21 2.63 -1.4
-0.67 0.44 -3.27 0.78 4.72 18.77 17.21 16.42 16.94 8.51 4.87 -3.58
-1.01 -1.01 -5.23 -4.61 5.05 15.04 16.79 15.12 14.86 11.16 3.05 -3.83
-2.59 -2.24 -3.55 -1.59 6.2 16.57 19.3 14.43 12.3 5.15 0.01 -4.55
-5.59 1.11 -1.66 -1.91 10.31 17.31 18.98 17.96 14.14 9.48 4.68 -3.32
1.47 1.15 -5.17 -2.45 8.7 13.73 19.64 15.3 14.29 6.9 3.46 -1.37
-4.01 1.25 -3.45 -2.14 8.07 18.58 20.26 15.5 15.81 8.59 6.77 -5.05
0.21 -3.91 -4.89 -1.97 7.42 21.78 27.54 21.96 17.92 9.04 6.52 -2.58
-1.25 0.2 -2.25 -0.64 9.01 18.24 24.9 22 17.78 9.52 5.11 2.25
-2.39 -1.69 -5.3 -2.79 8.57 15.05 16.8 14.68 14.32 7.85 1.69 -3.05
-1.2 -0.35 -5.7 -2.01 8.81 19.23 19.92 17.17 14.83 4.92 4.2 -1.32
-2.15 -0.72 -5.99 -0.37 11.56 16.81 22.4 21.62 15.34 7.58 2.7 -1.37
-3.7 -2.16 -4.19 -2.89 12.04 21.33 19.52 19.78 14.59 10.45 5.02 0.77
-5.6 -2.7 -7.17 -3.25 9.24 17.12 21.96 16.18 16.03 5.84 1.69 -0.45
-1.93 -6.2 -3.84 -3.25 4.49 12.46 13.83 14.77 11.45 6.72 3.16 -0.74
-8.01 -0.53 -1.52 -0.9 7.67 19.05 23.04 22.1 18.28 8.38 6.21 0.27
-3.44 -2.53 -6.81 -2.29 5.51 17.55 18.24 18.23 15.32 5.71 4.72 -3.61
-1.82 -1.55 -2.63 -1.09 8.36 14.72 15.75 16.66 15.84 7.1 -1.82 0.67
-0.9 2.31 -1.45 -0.88 8.39 15.97 20.68 16.58 13.56 10.47 5.32 -2.79
-3.81 -0.76 -3.95 -0.6 5.65 14.86 22.54 17.84 14.03 7.99 3.24 -3.82
-2.09 -1.26 -2.25 -1.32 8.08 18.03 21.12 17.22 14.21 9.11 4.49 -2.82
-3.57 -6.87 -4.1 -1.77 12.53 14.26 16.44 14.98 14.5 7.17 0.48 -5.23
-2.44 -0.93 -7.39 -1.66 7.66 19.44 14.61 17.77 13.19 6.47 0.85 -2.04
-6.16 1.75 -3.25 -3.41 7.89 17.92 15.92 18.7 17.25 9.01 7.14 -1.87
-2.84 -0.3 -2.41 -2.14 5.72 22.66 25.59 22.66 18.98 8.57 3.72 2.82
-2.97 -1.02 -4.81 -2.49 8.12 11.05 17.39 16.15 13.06 8.68 2.63 1.4
-2.61 0.83 -0.66 -1.54 6.4 17.42 20.16 16.92 14.5 8.13 0.2 -2.48
-3.24 -2.92 -1.68 -0.61 7.26 19.86 20.47 15.93 15.62 8.59 3.47 -2.27
-2.71 -2.99 -4.01 -0.22 7.97 12.51 13.95 14.95 11.8 7.83 3.54 1.54
-1.61 -4.45 -2.53 -3.98 6.94 11.71 15.06 19.67 15.76 9.26 2.37 -1.02
-6.27 -5.53 -4.28 -1.53 3.84 14.06 16.47 23.13 13.44 8.04 4.05 -1.33
0.5 -3.09 -3.21 -0.31 7.84 18.61 24.63 18.21 14.66 7.77 3.17 -2.56
-5.95 -0.13 -3.93 -4.06 10.37 15.51 14.21 19.78 14.54 7.46 2.44 -3.9
0.87 1.85 -1.24 -2.06 5.34 17.61 20.44 15.03 14.37 9.21 2.45 3
0.7 -1.63 -2.54 1.43 8.4 15.2 14.79 17.12 12.96 5.4 0.61 -3.73
-2.89 1.67 -2 -0.54 6.33 12.31 22.26 19.35 15.79 9.22 2.25 -4.92
-3.78 2.28 -3.04 -1.11 7.6 15.26 20.22 18.57 13.43 8 3.49 -1.35
-4.17 -0.01 -5.44 -2.39 10.55 14.93 21.53 17.48 14.56 10.24 5.47 0.36
-2.19 -2.57 -4.54 0.39 5.89 14.03 15.92 16.26 16.58 9.02 7.39 -4.57
-5.06 2.04 -0.7 -0.07 5.42 14.97 20.21 15.19 13.53 8.49 5.27 -1.6
-2.13 -0.74 -6.73 -1.26 13.91 18.59 21 19.84 14.11 9.08 6.08 -3.88
-0.78 -1.41 -6.12 -0.33 10.48 14.08 16.73 14.16 13.44 7.9 1.57 -3.75
-0.41 -1.59 -3.01 -1.68 10.14 19.24 20.05 16.92 13.9 9.45 1.82 0.6
-5.96 -1.52 -2.16 -2.68 7.35 15.28 20.03 12.89 16.24 9.3 2.48 -1.09
-5.59 1.11 -1.66 -1.91 10.31 17.31 18.98 17.96 14.14 9.48 4.68 -3.32
0.5 -3.09 -3.21 -0.31 7.84 18.61 24.63 18.21 14.66 7.77 3.17 -2.56
-3.22 -1.78 -2.44 -2.05 9.44 15.57 21.67 23.95 13.63 9.16 4.8 -1.65
1.47 1.15 -5.17 -2.45 8.7 13.73 19.64 15.3 14.29 6.9 3.46 -1.37
-6.27 -5.53 -4.28 -1.53 3.84 14.06 16.47 23.13 13.44 8.04 4.05 -1.33
-2.97 -1.02 -4.81 -2.49 8.12 11.05 17.39 16.15 13.06 8.68 2.63 1.4
-0.9 2.31 -1.45 -0.88 8.39 15.97 20.68 16.58 13.56 10.47 5.32 -2.79
-1.2 -0.35 -5.7 -2.01 8.81 19.23 19.92 17.17 14.83 4.92 4.2 -1.32
-2.44 -0.93 -7.39 -1.66 7.66 19.44 14.61 17.77 13.19 6.47 0.85 -2.04
-2.15 -0.72 -5.99 -0.37 11.56 16.81 22.4 21.62 15.34 7.58 2.7 -1.37
-1.93 -6.2 -3.84 -3.25 4.49 12.46 13.83 14.77 11.45 6.72 3.16 -0.74
-0.78 -1.41 -6.12 -0.33 10.48 14.08 16.73 14.16 13.44 7.9 1.57 -3.75
-2.39 -1.69 -5.3 -2.79 8.57 15.05 16.8 14.68 14.32 7.85 1.69 -3.05
-1.18 1.8 -2.49 -2.75 5.62 13.83 17.04 17.57 14.97 8.28 1.66 -3.23
-2.43 -0.05 -2.53 -2.84 7.41 16.76 19.2 15.17 17.88 8.87 1.98 -0.07
-3.57 -6.87 -4.1 -1.77 12.53 14.26 16.44 14.98 14.5 7.17 0.48 -5.23
-5.6 -2.7 -7.17 -3.25 9.24 17.12 21.96 16.18 16.03 5.84 1.69 -0.45
-3.81 -0.76 -3.95 -0.6 5.65 14.86 22.54 17.84 14.03 7.99 3.24 -3.82
-5.95 -0.13 -3.93 -4.06 10.37 15.51 14.21 19.78 14.54 7.46 2.44 -3.9
-2.87 -0.62 -3.18 -0.69 8.14 16.93 23.37 17.05 14.84 7.43 5.3 -3.19
-1.01 -1.01 -5.23 -4.61 5.05 15.04 16.79 15.12 14.86 11.16 3.05 -3.83
-1.82 -1.55 -2.63 -1.09 8.36 14.72 15.75 16.66 15.84 7.1 -1.82 0.67
-2.59 -2.24 -3.55 -1.59 6.2 16.57 19.3 14.43 12.3 5.15 0.01 -4.55
-3.44 -2.53 -6.81 -2.29 5.51 17.55 18.24 18.23 15.32 5.71 4.72 -3.61
-1.61 -4.45 -2.53 -3.98 6.94 11.71 15.06 19.67 15.76 9.26 2.37 -1.02
-8.01 -0.53 -1.52 -0.9 7.67 19.05 23.04 22.1 18.28 8.38 6.21 0.27
-4.17 -0.01 -5.44 -2.39 10.55 14.93 21.53 17.48 14.56 10.24 5.47 0.36
-2.19 -2.57 -4.54 0.39 5.89 14.03 15.92 16.26 16.58 9.02 7.39 -4.57
-2.13 -0.74 -6.73 -1.26 13.91 18.59 21 19.84 14.11 9.08 6.08 -3.88
-2.84 -0.3 -2.41 -2.14 5.72 22.66 25.59 22.66 18.98 8.57 3.72 2.82
-3.7 -2.16 -4.19 -2.89 12.04 21.33 19.52 19.78 14.59 10.45 5.02 0.77
-2.61 0.83 -0.66 -1.54 6.4 17.42 20.16 16.92 14.5 8.13 0.2 -2.48
0.87 1.85 -1.24 -2.06 5.34 17.61 20.44 15.03 14.37 9.21 2.45 3
-3.24 -2.92 -1.68 -0.61 7.26 19.86 20.47 15.93 15.62 8.59 3.47 -2.27
-2.71 -2.99 -4.01 -0.22 7.97 12.51 13.95 14.95 11.8 7.83 3.54 1.54
-1.25 0.2 -2.25 -0.64 9.01 18.24 24.9 22 17.78 9.52 5.11 2.25
-5.06 2.04 -0.7 -0.07 5.42 14.97 20.21 15.19 13.53 8.49 5.27 -1.6
0.21 -3.91 -4.89 -1.97 7.42 21.78 27.54 21.96 17.92 9.04 6.52 -2.58
-4.74 -5.03 -2.5 -1.26 5.85 15.68 24.26 20.79 14.31 8.34 4.07 -1.76
-3.78 2.28 -3.04 -1.11 7.6 15.26 20.22 18.57 13.43 8 3.49 -1.35
-2.89 1.67 -2 -0.54 6.33 12.31 22.26 19.35 15.79 9.22 2.25 -4.92
-2.09 -1.26 -2.25 -1.32 8.08 18.03 21.12 17.22 14.21 9.11 4.49 -2.82
-0.67 0.44 -3.27 0.78 4.72 18.77 17.21 16.42 16.94 8.51 4.87 -3.58
-4.01 1.25 -3.45 -2.14 8.07 18.58 20.26 15.5 15.81 8.59 6.77 -5.05
-1.09 0.33 -3.56 -3.43 9.29 16.63 20.15 18.64 14.67 8.21 2.63 -1.4
-1.54 -1.21 -4.22 -0.63 7.27 9.79 14.99 17.46 14.3 7.57 2.56 -2.32
-5.96 -1.52 -2.16 -2.68 7.35 15.28 20.03 12.89 16.24 9.3 2.48 -1.09
0.7 -1.63 -2.54 1.43 8.4 15.2 14.79 17.12 12.96 5.4 0.61 -3.73
-6.16 1.75 -3.25 -3.41 7.89 17.92 15.92 18.7 17.25 9.01 7.14 -1.87
-0.41 -1.59 -3.01 -1.68 10.14 19.24 20.05 16.92 13.9 9.45 1.82 0.6
0.21 -3.91 -4.89 -1.97 7.42 21.78 27.54 21.96 17.92 9.04 6.52 -2.58
-2.97 -1.02 -4.81 -2.49 8.12 11.05 17.39 16.15 13.06 8.68 2.63 1.4
-4.74 -5.03 -2.5 -1.26 5.85 15.68 24.26 20.79 14.31 8.34 4.07 -1.76
-5.6 -2.7 -7.17 -3.25 9.24 17.12 21.96 16.18 16.03 5.84 1.69 -0.45
-6.27 -5.53 -4.28 -1.53 3.84 14.06 16.47 23.13 13.44 8.04 4.05 -1.33
-2.87 -0.62 -3.18 -0.69 8.14 16.93 23.37 17.05 14.84 7.43 5.3 -3.19
-5.06 2.04 -0.7 -0.07 5.42 14.97 20.21 15.19 13.53 8.49 5.27 -1.6
-8.01 -0.53 -1.52 -0.9 7.67 19.05 23.04 22.1 18.28 8.38 6.21 0.27
1.47 1.15 -5.17 -2.45 8.7 13.73 19.64 15.3 14.29 6.9 3.46 -1.37
-5.96 -1.52 -2.16 -2.68 7.35 15.28 20.03 12.89 16.24 9.3 2.48 -1.09
-4.17 -0.01 -5.44 -2.39 10.55 14.93 21.53 17.48 14.56 10.24 5.47 0.36
-2.84 -0.3 -2.41 -2.14 5.72 22.66 25.59 22.66 18.98 8.57 3.72 2.82
-2.19 -2.57 -4.54 0.39 5.89 14.03 15.92 16.26 16.58 9.02 7.39 -4.57
-1.25 0.2 -2.25 -0.64 9.01 18.24 24.9 22 17.78 9.52 5.11 2.25
-2.71 -2.99 -4.01 -0.22 7.97 12.51 13.95 14.95 11.8 7.83 3.54 1.54
-4.01 1.25 -3.45 -2.14 8.07 18.58 20.26 15.5 15.81 8.59 6.77 -5.05
-1.54 -1.21 -4.22 -0.63 7.27 9.79 14.99 17.46 14.3 7.57 2.56 -2.32
-2.15 -0.72 -5.99 -0.37 11.56 16.81 22.4 21.62 15.34 7.58 2.7 -1.37
-1.2 -0.35 -5.7 -2.01 8.81 19.23 19.92 17.17 14.83 4.92 4.2 -1.32
-1.09 0.33 -3.56 -3.43 9.29 16.63 20.15 18.64 14.67 8.21 2.63 -1.4
-1.61 -4.45 -2.53 -3.98 6.94 11.71 15.06 19.67 15.76 9.26 2.37 -1.02
-2.61 0.83 -0.66 -1.54 6.4 17.42 20.16 16.92 14.5 8.13 0.2 -2.48
0.7 -1.63 -2.54 1.43 8.4 15.2 14.79 17.12 12.96 5.4 0.61 -3.73
-2.43 -0.05 -2.53 -2.84 7.41 16.76 19.2 15.17 17.88 8.87 1.98 -0.07
-1.18 1.8 -2.49 -2.75 5.62 13.83 17.04 17.57 14.97 8.28 1.66 -3.23
-3.22 -1.78 -2.44 -2.05 9.44 15.57 21.67 23.95 13.63 9.16 4.8 -1.65
0.87 1.85 -1.24 -2.06 5.34 17.61 20.44 15.03 14.37 9.21 2.45 3
-2.89 1.67 -2 -0.54 6.33 12.31 22.26 19.35 15.79 9.22 2.25 -4.92
-3.44 -2.53 -6.81 -2.29 5.51 17.55 18.24 18.23 15.32 5.71 4.72 -3.61
-6.16 1.75 -3.25 -3.41 7.89 17.92 15.92 18.7 17.25 9.01 7.14 -1.87
-2.59 -2.24 -3.55 -1.59 6.2 16.57 19.3 14.43 12.3 5.15 0.01 -4.55
-0.67 0.44 -3.27 0.78 4.72 18.77 17.21 16.42 16.94 8.51 4.87 -3.58
-3.81 -0.76 -3.95 -0.6 5.65 14.86 22.54 17.84 14.03 7.99 3.24 -3.82
-5.95 -0.13 -3.93 -4.06 10.37 15.51 14.21 19.78 14.54 7.46 2.44 -3.9
-1.93 -6.2 -3.84 -3.25 4.49 12.46 13.83 14.77 11.45 6.72 3.16 -0.74
-1.82 -1.55 -2.63 -1.09 8.36 14.72 15.75 16.66 15.84 7.1 -1.82 0.67
-2.44 -0.93 -7.39 -1.66 7.66 19.44 14.61 17.77 13.19 6.47 0.85 -2.04
-0.9 2.31 -1.45 -0.88 8.39 15.97 20.68 16.58 13.56 10.47 5.32 -2.79
0.5 -3.09 -3.21 -0.31 7.84 18.61 24.63 18.21 14.66 7.77 3.17 -2.56
-3.7 -2.16 -4.19 -2.89 12.04 21.33 19.52 19.78 14.59 10.45 5.02 0.77
-5.59 1.11 -1.66 -1.91 10.31 17.31 18.98 17.96 14.14 9.48 4.68 -3.32
-2.39 -1.69 -5.3 -2.79 8.57 15.05 16.8 14.68 14.32 7.85 1.69 -3.05
-0.41 -1.59 -3.01 -1.68 10.14 19.24 20.05 16.92 13.9 9.45 1.82 0.6
-0.78 -1.41 -6.12 -0.33 10.48 14.08 16.73 14.16 13.44 7.9 1.57 -3.75
-2.13 -0.74 -6.73 -1.26 13.91 18.59 21 19.84 14.11 9.08 6.08 -3.88
-3.24 -2.92 -1.68 -0.61 7.26 19.86 20.47 15.93 15.62 8.59 3.47 -2.27
-3.57 -6.87 -4.1 -1.77 12.53 14.26 16.44 14.98 14.5 7.17 0.48 -5.23
-3.78 2.28 -3.04 -1.11 7.6 15.26 20.22 18.57 13.43 8 3.49 -1.35
-1.01 -1.01 -5.23 -4.61 5.05 15.04 16.79 15.12 14.86 11.16 3.05 -3.83
-2.09 -1.26 -2.25 -1.32 8.08 18.03 21.12 17.22 14.21 9.11 4.49 -2.82
0.5 -3.09 -3.21 -0.31 7.84 18.61 24.63 18.21 14.66 7.77 3.17 -2.56
-1.18 1.8 -2.49 -2.75 5.62 13.83 17.04 17.57 14.97 8.28 1.66 -3.23
-2.44 -0.93 -7.39 -1.66 7.66 19.44 14.61 17.77 13.19 6.47 0.85 -2.04
-2.71 -2.99 -4.01 -0.22 7.97 12.51 13.95 14.95 11.8 7.83 3.54 1.54
-8.01 -0.53 -1.52 -0.9 7.67 19.05 23.04 22.1 18.28 8.38 6.21 0.27
-2.84 -0.3 -2.41 -2.14 5.72 22.66 25.59 22.66 18.98 8.57 3.72 2.82
-2.39 -1.69 -5.3 -2.79 8.57 15.05 16.8 14.68 14.32 7.85 1.69 -3.05
-4.74 -5.03 -2.5 -1.26 5.85 15.68 24.26 20.79 14.31 8.34 4.07 -1.76
0.87 1.85 -1.24 -2.06 5.34 17.61 20.44 15.03 14.37 9.21 2.45 3
-6.27 -5.53 -4.28 -1.53 3.84 14.06 16.47 23.13 13.44 8.04 4.05 -1.33
-1.2 -0.35 -5.7 -2.01 8.81 19.23 19.92 17.17 14.83 4.92 4.2 -1.32
0.21 -3.91 -4.89 -1.97 7.42 21.78 27.54 21.96 17.92 9.04 6.52 -2.58
-3.7 -2.16 -4.19 -2.89 12.04 21.33 19.52 19.78 14.59 10.45 5.02 0.77
-3.57 -6.87 -4.1 -1.77 12.53 14.26 16.44 14.98 14.5 7.17 0.48 -5.23
-3.24 -2.92 -1.68 -0.61 7.26 19.86 20.47 15.93 15.62 8.59 3.47 -2.27
-0.67 0.44 -3.27 0.78 4.72 18.77 17.21 16.42 16.94 8.51 4.87 -3.58
-2.15 -0.72 -5.99 -0.37 11.56 16.81 22.4 21.62 15.34 7.58 2.7 -1.37
-1.54 -1.21 -4.22 -0.63 7.27 9.79 14.99 17.46 14.3 7.57 2.56 -2.32
-5.96 -1.52 -2.16 -2.68 7.35 15.28 20.03 12.89 16.24 9.3 2.48 -1.09
-0.9 2.31 -1.45 -0.88 8.39 15.97 20.68 16.58 13.56 10.47 5.32 -2.79
0.7 -1.63 -2.54 1.43 8.4 15.2 14.79 17.12 12.96 5.4 0.61 -3.73
-2.97 -1.02 -4.81 -2.49 8.12 11.05 17.39 16.15 13.06 8.68 2.63 1.4
-1.09 0.33 -3.56 -3.43 9.29 16.63 20.15 18.64 14.67 8.21 2.63 -1.4
-5.6 -2.7 -7.17 -3.25 9.24 17.12 21.96 16.18 16.03 5.84 1.69 -0.45
-1.01 -1.01 -5.23 -4.61 5.05 15.04 16.79 15.12 14.86 11.16 3.05 -3.83
-5.06 2.04 -0.7 -0.07 5.42 14.97 20.21 15.19 13.53 8.49 5.27 -1.6
-2.09 -1.26 -2.25 -1.32 8.08 18.03 21.12 17.22 14.21 9.11 4.49 -2.82
-5.59 1.11 -1.66 -1.91 10.31 17.31 18.98 17.96 14.14 9.48 4.68 -3.32
-2.61 0.83 -0.66 -1.54 6.4 17.42 20.16 16.92 14.5 8.13 0.2 -2.48
-2.43 -0.05 -2.53 -2.84 7.41 16.76 19.2 15.17 17.88 8.87 1.98 -0.07
-1.25 0.2 -2.25 -0.64 9.01 18.24 24.9 22 17.78 9.52 5.11 2.25
-4.17 -0.01 -5.44 -2.39 10.55 14.93 21.53 17.48 14.56 10.24 5.47 0.36
-0.41 -1.59 -3.01 -1.68 10.14 19.24 20.05 16.92 13.9 9.45 1.82 0.6
-2.87 -0.62 -3.18 -0.69 8.14 16.93 23.37 17.05 14.84 7.43 5.3 -3.19
-3.78 2.28 -3.04 -1.11 7.6 15.26 20.22 18.57 13.43 8 3.49 -1.35
1.47 1.15 -5.17 -2.45 8.7 13.73 19.64 15.3 14.29 6.9 3.46 -1.37
-6.16 1.75 -3.25 -3.41 7.89 17.92 15.92 18.7 17.25 9.01 7.14 -1.87
-4.01 1.25 -3.45 -2.14 8.07 18.58 20.26 15.5 15.81 8.59 6.77 -5.05
-1.82 -1.55 -2.63 -1.09 8.36 14.72 15.75 16.66 15.84 7.1 -1.82 0.67
-1.93 -6.2 -3.84 -3.25 4.49 12.46 13.83 14.77 11.45 6.72 3.16 -0.74
-2.59 -2.24 -3.55 -1.59 6.2 16.57 19.3 14.43 12.3 5.15 0.01 -4.55
-0.78 -1.41 -6.12 -0.33 10.48 14.08 16.73 14.16 13.44 7.9 1.57 -3.75
-2.13 -0.74 -6.73 -1.26 13.91 18.59 21 19.84 14.11 9.08 6.08 -3.88
-2.19 -2.57 -4.54 0.39 5.89 14.03 15.92 16.26 16.58 9.02 7.39 -4.57
-3.81 -0.76 -3.95 -0.6 5.65 14.86 22.54 17.84 14.03 7.99 3.24 -3.82
-2.89 1.67 -2 -0.54 6.33 12.31 22.26 19.35 15.79 9.22 2.25 -4.92
-3.44 -2.53 -6.81 -2.29 5.51 17.55 18.24 18.23 15.32 5.71 4.72 -3.61
-1.61 -4.45 -2.53 -3.98 6.94 11.71 15.06 19.67 15.76 9.26 2.37 -1.02
-5.95 -0.13 -3.93 -4.06 10.37 15.51 14.21 19.78 14.54 7.46 2.44 -3.9
-3.22 -1.78 -2.44 -2.05 9.44 15.57 21.67 23.95 13.63 9.16 4.8 -1.65
-2.89 1.67 -2 -0.54 6.33 12.31 22.26 19.35 15.79 9.22 2.25 -4.92
-3.44 -2.53 -6.81 -2.29 5.51 17.55 18.24 18.23 15.32 5.71 4.72 -3.61
-2.87 -0.62 -3.18 -0.69 8.14 16.93 23.37 17.05 14.84 7.43 5.3 -3.19
0.7 -1.63 -2.54 1.43 8.4 15.2 14.79 17.12 12.96 5.4 0.61 -3.73
0.21 -3.91 -4.89 -1.97 7.42 21.78 27.54 21.96 17.92 9.04 6.52 -2.58
-5.59 1.11 -1.66 -1.91 10.31 17.31 18.98 17.96 14.14 9.48 4.68 -3.32
-0.9 2.31 -1.45 -0.88 8.39 15.97 20.68 16.58 13.56 10.47 5.32 -2.79
-4.01 1.25 -3.45 -2.14 8.07 18.58 20.26 15.5 15.81 8.59 6.77 -5.05
1.47 1.15 -5.17 -2.45 8.7 13.73 19.64 15.3 14.29 6.9 3.46 -1.37
-5.06 2.04 -0.7 -0.07 5.42 14.97 20.21 15.19 13.53 8.49 5.27 -1.6
-1.09 0.33 -3.56 -3.43 9.29 16.63 20.15 18.64 14.67 8.21 2.63 -1.4
-3.81 -0.76 -3.95 -0.6 5.65 14.86 22.54 17.84 14.03 7.99 3.24 -3.82
-2.15 -0.72 -5.99 -0.37 11.56 16.81 22.4 21.62 15.34 7.58 2.7 -1.37
-2.19 -2.57 -4.54 0.39 5.89 14.03 15.92 16.26 16.58 9.02 7.39 -4.57
-5.96 -1.52 -2.16 -2.68 7.35 15.28 20.03 12.89 16.24 9.3 2.48 -1.09
-6.27 -5.53 -4.28 -1.53 3.84 14.06 16.47 23.13 13.44 8.04 4.05 -1.33
-2.71 -2.99 -4.01 -0.22 7.97 12.51 13.95 14.95 11.8 7.83 3.54 1.54
-4.17 -0.01 -5.44 -2.39 10.55 14.93 21.53 17.48 14.56 10.24 5.47 0.36
-3.57 -6.87 -4.1 -1.77 12.53 14.26 16.44 14.98 14.5 7.17 0.48 -5.23
-0.41 -1.59 -3.01 -1.68 10.14 19.24 20.05 16.92 13.9 9.45 1.82 0.6
-1.82 -1.55 -2.63 -1.09 8.36 14.72 15.75 16.66 15.84 7.1 -1.82 0.67
-2.59 -2.24 -3.55 -1.59 6.2 16.57 19.3 14.43 12.3 5.15 0.01 -4.55
-2.97 -1.02 -4.81 -2.49 8.12 11.05 17.39 16.15 13.06 8.68 2.63 1.4
-8.01 -0.53 -1.52 -0.9 7.67 19.05 23.04 22.1 18.28 8.38 6.21 0.27
-2.43 -0.05 -2.53 -2.84 7.41 16.76 19.2 15.17 17.88 8.87 1.98 -0.07
-1.54 -1.21 -4.22 -0.63 7.27 9.79 14.99 17.46 14.3 7.57 2.56 -2.32
-1.25 0.2 -2.25 -0.64 9.01 18.24 24.9 22 17.78 9.52 5.11 2.25
-2.39 -1.69 -5.3 -2.79 8.57 15.05 16.8 14.68 14.32 7.85 1.69 -3.05
0.87 1.85 -1.24 -2.06 5.34 17.61 20.44 15.03 14.37 9.21 2.45 3
-3.24 -2.92 -1.68 -0.61 7.26 19.86 20.47 15.93 15.62 8.59 3.47 -2.27
-5.95 -0.13 -3.93 -4.06 10.37 15.51 14.21 19.78 14.54 7.46 2.44 -3.9
-1.01 -1.01 -5.23 -4.61 5.05 15.04 16.79 15.12 14.86 11.16 3.05 -3.83
-1.61 -4.45 -2.53 -3.98 6.94 11.71 15.06 19.67 15.76 9.26 2.37 -1.02
-3.22 -1.78 -2.44 -2.05 9.44 15.57 21.67 23.95 13.63 9.16 4.8 -1.65
-2.09 -1.26 -2.25 -1.32 8.08 18.03 21.12 17.22 14.21 9.11 4.49 -2.82
-6.16 1.75 -3.25 -3.41 7.89 17.92 15.92 18.7 17.25 9.01 7.14 -1.87
-0.67 0.44 -3.27 0.78 4.72 18.77 17.21 16.42 16.94 8.51 4.87 -3.58
-2.84 -0.3 -2.41 -2.14 5.72 22.66 25.59 22.66 18.98 8.57 3.72 2.82
-4.74 -5.03 -2.5 -1.26 5.85 15.68 24.26 20.79 14.31 8.34 4.07 -1.76
0.5 -3.09 -3.21 -0.31 7.84 18.61 24.63 18.21 14.66 7.77 3.17 -2.56
-5.6 -2.7 -7.17 -3.25 9.24 17.12 21.96 16.18 16.03 5.84 1.69 -0.45
-1.93 -6.2 -3.84 -3.25 4.49 12.46 13.83 14.77 11.45 6.72 3.16 -0.74
-2.61 0.83 -0.66 -1.54 6.4 17.42 20.16 16.92 14.5 8.13 0.2 -2.48
-1.2 -0.35 -5.7 -2.01 8.81 19.23 19.92 17.17 14.83 4.92 4.2 -1.32
-0.78 -1.41 -6.12 -0.33 10.48 14.08 16.73 14.16 13.44 7.9 1.57 -3.75
-3.7 -2.16 -4.19 -2.89 12.04 21.33 19.52 19.78 14.59 10.45 5.02 0.77
-3.78 2.28 -3.04 -1.11 7.6 15.26 20.22 18.57 13.43 8 3.49 -1.35
-1.18 1.8 -2.49 -2.75 5.62 13.83 17.04 17.57 14.97 8.28 1.66 -3.23
-2.13 -0.74 -6.73 -1.26 13.91 18.59 21 19.84 14.11 9.08 6.08 -3.88
-2.44 -0.93 -7.39 -1.66 7.66 19.44 14.61 17.77 13.19 6.47 0.85 -2.04
-2.43 -0.05 -2.53 -2.84 7.41 16.76 19.2 15.17 17.88 8.87 1.98 -0.07
-0.41 -1.59 -3.01 -1.68 10.14 19.24 20.05 16.92 13.9 9.45 1.82 0.6
-1.93 -6.2 -3.84 -3.25 4.49 12.46 13.83 14.77 11.45 6.72 3.16 -0.74
-4.01 1.25 -3.45 -2.14 8.07 18.58 20.26 15.5 15.81 8.59 6.77 -5.05
-2.87 -0.62 -3.18 -0.69 8.14 16.93 23.37 17.05 14.84 7.43 5.3 -3.19
-2.44 -0.93 -7.39 -1.66 7.66 19.44 14.61 17.77 13.19 6.47 0.85 -2.04
-1.2 -0.35 -5.7 -2.01 8.81 19.23 19.92 17.17 14.83 4.92 4.2 -1.32
-0.67 0.44 -3.27 0.78 4.72 18.77 17.21 16.42 16.94 8.51 4.87 -3.58
-3.78 2.28 -3.04 -1.11 7.6 15.26 20.22 18.57 13.43 8 3.49 -1.35
-2.59 -2.24 -3.55 -1.59 6.2 16.57 19.3 14.43 12.3 5.15 0.01 -4.55
-2.15 -0.72 -5.99 -0.37 11.56 16.81 22.4 21.62 15.34 7.58 2.7 -1.37
-5.96 -1.52 -2.16 -2.68 7.35 15.28 20.03 12.89 16.24 9.3 2.48 -1.09
0.87 1.85 -1.24 -2.06 5.34 17.61 20.44 15.03 14.37 9.21 2.45 3
-5.95 -0.13 -3.93 -4.06 10.37 15.51 14.21 19.78 14.54 7.46 2.44 -3.9
-1.61 -4.45 -2.53 -3.98 6.94 11.71 15.06 19.67 15.76 9.26 2.37 -1.02
-6.16 1.75 -3.25 -3.41 7.89 17.92 15.92 18.7 17.25 9.01 7.14 -1.87
-2.13 -0.74 -6.73 -1.26 13.91 18.59 21 19.84 14.11 9.08 6.08 -3.88
0.7 -1.63 -2.54 1.43 8.4 15.2 14.79 17.12 12.96 5.4 0.61 -3.73
-3.81 -0.76 -3.95 -0.6 5.65 14.86 22.54 17.84 14.03 7.99 3.24 -3.82
1.47 1.15 -5.17 -2.45 8.7 13.73 19.64 15.3 14.29 6.9 3.46 -1.37
-2.19 -2.57 -4.54 0.39 5.89 14.03 15.92 16.26 16.58 9.02 7.39 -4.57
-5.06 2.04 -0.7 -0.07 5.42 14.97 20.21 15.19 13.53 8.49 5.27 -1.6
-1.09 0.33 -3.56 -3.43 9.29 16.63 20.15 18.64 14.67 8.21 2.63 -1.4
-2.89 1.67 -2 -0.54 6.33 12.31 22.26 19.35 15.79 9.22 2.25 -4.92
0.21 -3.91 -4.89 -1.97 7.42 21.78 27.54 21.96 17.92 9.04 6.52 -2.58
-3.7 -2.16 -4.19 -2.89 12.04 21.33 19.52 19.78 14.59 10.45 5.02 0.77
-3.22 -1.78 -2.44 -2.05 9.44 15.57 21.67 23.95 13.63 9.16 4.8 -1.65
-1.82 -1.55 -2.63 -1.09 8.36 14.72 15.75 16.66 15.84 7.1 -1.82 0.67
-3.44 -2.53 -6.81 -2.29 5.51 17.55 18.24 18.23 15.32 5.71 4.72 -3.61
-2.09 -1.26 -2.25 -1.32 8.08 18.03 21.12 17.22 14.21 9.11 4.49 -2.82
-5.59 1.11 -1.66 -1.91 10.31 17.31 18.98 17.96 14.14 9.48 4.68 -3.32
-2.61 0.83 -0.66 -1.54 6.4 17.42 20.16 16.92 14.5 8.13 0.2 -2.48
-8.01 -0.53 -1.52 -0.9 7.67 19.05 23.04 22.1 18.28 8.38 6.21 0.27
-1.25 0.2 -2.25 -0.64 9.01 18.24 24.9 22 17.78 9.52 5.11 2.25
-2.71 -2.99 -4.01 -0.22 7.97 12.51 13.95 14.95 11.8 7.83 3.54 1.54
-1.01 -1.01 -5.23 -4.61 5.05 15.04 16.79 15.12 14.86 11.16 3.05 -3.83
-3.57 -6.87 -4.1 -1.77 12.53 14.26 16.44 14.98 14.5 7.17 0.48 -5.23
-4.17 -0.01 -5.44 -2.39 10.55 14.93 21.53 17.48 14.56 10.24 5.47 0.36
-0.9 2.31 -1.45 -0.88 8.39 15.97 20.68 16.58 13.56 10.47 5.32 -2.79
-4.74 -5.03 -2.5 -1.26 5.85 15.68 24.26 20.79 14.31 8.34 4.07 -1.76
-1.18 1.8 -2.49 -2.75 5.62 13.83 17.04 17.57 14.97 8.28 1.66 -3.23
-1.54 -1.21 -4.22 -0.63 7.27 9.79 14.99 17.46 14.3 7.57 2.56 -2.32
-3.24 -2.92 -1.68 -0.61 7.26 19.86 20.47 15.93 15.62 8.59 3.47 -2.27
-2.84 -0.3 -2.41 -2.14 5.72 22.66 25.59 22.66 18.98 8.57 3.72 2.82
-5.6 -2.7 -7.17 -3.25 9.24 17.12 21.96 16.18 16.03 5.84 1.69 -0.45
0.5 -3.09 -3.21 -0.31 7.84 18.61 24.63 18.21 14.66 7.77 3.17 -2.56
-2.39 -1.69 -5.3 -2.79 8.57 15.05 16.8 14.68 14.32 7.85 1.69 -3.05
-2.97 -1.02 -4.81 -2.49 8.12 11.05 17.39 16.15 13.06 8.68 2.63 1.4
-6.27 -5.53 -4.28 -1.53 3.84 14.06 16.47 23.13 13.44 8.04 4.05 -1.33
-0.78 -1.41 -6.12 -0.33 10.48 14.08 16.73 14.16 13.44 7.9 1.57 -3.75
