Jan Feb Mar Apr Mai Jun Jul Aug Sep Okt Nov Dez
-28.68 -32.28 -32.6 -20.79 -10.43 2.54 6.11 4.36 -0.76 -11.43 -22 -28.45
-26.51 -29.39 -26.81 -19.26 -6.81 2.38 6.61 4.36 -1.18 -12.33 -21.88 -32.69
-34.32 -28.66 -21.69 -19.32 -7.37 2.06 6.31 4.24 -1.51 -12.11 -22.2 -27.9
-27.73 -29.14 -27.93 -20.11 -7.51 2.58 6.41 4.66 -1.76 -11.63 -22.38 -25.5
-33.76 -33.85 -29.03 -21.26 -7.09 2.16 5.71 4.86 -1.53 -11.73 -23.88 -31.57
-26.65 -29.05 -31.67 -23.91 -13 -0.11 5.64 3.39 -2.15 -12 -28.07 -36.78
-37.04 -22.01 -24.23 -18.36 -5.77 1.29 4.47 3.09 -2.72 -12.7 -24.74 -28.45
-35.95 -28.55 -26.03 -22.48 -8.64 0.91 5.24 4.98 -2.55 -13.22 -27.94 -32.81
-37.84 -35.18 -25.13 -24.7 -9.45 0.19 5.62 2.82 -2.12 -12.8 -22.45 -27.97
-34.94 -34.6 -32.27 -22.19 -8.66 1.99 5.36 3.89 -1.93 -12.9 -23.17 -28.77
-28.52 -31.05 -27.81 -20.96 -7.98 1.86 5.77 4.47 -1.93 -12.87 -21.75 -28.07
-27.33 -28.46 -28.5 -20.26 -10.56 1.41 5.14 3.62 -1.68 -12.4 -23.54 -27.27
-28.75 -29.34 -27.93 -20.58 -7.85 2.09 5.94 4.69 -1.38 -12.07 -23.05 -30.87
-31.12 -30.46 -28.33 -25.19 -8.16 1.39 5.46 3.81 -1.65 -13.18 -22.05 -27.38
-29.25 -31.11 -27.91 -20.28 -7.74 2.37 5.95 4.24 -1.32 -11.75 -22.35 -28.27
-27.41 -31.05 -24.46 -17.97 -9.36 2.89 6.04 4.81 1.52 -10.3 -19.12 -31.3
-29.13 -30.95 -32 -21.96 -9.46 2.99 6.92 5.69 -1.45 -13.3 -17.47 -23.37
-29.23 -28.85 -30.1 -19.15 -8.96 1.69 5.64 3.47 -2.15 -12.6 -26.35 -29.97
-24.93 -25.95 -31.43 -20.76 -8.46 1.27 4.64 3.09 -1.85 -15.27 -25.45 -27.79
-18.4 -33.97 -32.01 -19.76 -9.76 1.89 5.44 3.89 -2.45 -11.07 -24.5 -30.47
-26.58 -28.98 -31.6 -23.84 -12.93 -0.04 5.71 3.46 -2.08 -11.93 -28 -36.71
-36.97 -21.94 -24.16 -18.29 -5.7 1.36 4.54 3.16 -2.65 -12.63 -24.67 -28.38
-35.88 -28.48 -25.96 -22.41 -8.57 0.98 5.31 5.05 -2.48 -13.15 -27.87 -32.74
-37.77 -35.11 -25.06 -24.63 -9.38 0.26 5.69 2.89 -2.05 -12.73 -22.38 -27.9
-34.87 -34.53 -32.2 -22.12 -8.59 2.06 5.43 3.96 -1.86 -12.83 -23.1 -28.7
-28.45 -30.98 -27.74 -20.89 -7.91 1.93 5.84 4.54 -1.86 -12.8 -21.68 -28
-27.26 -28.39 -28.43 -20.19 -10.49 1.48 5.21 3.69 -1.61 -12.33 -23.47 -27.2
-28.68 -29.27 -27.86 -20.51 -7.78 2.16 6.01 4.76 -1.31 -12 -22.98 -30.8
-31.05 -30.39 -28.26 -25.12 -8.09 1.46 5.53 3.88 -1.58 -13.11 -21.98 -27.31
-29.18 -31.04 -27.84 -20.21 -7.67 2.44 6.02 4.31 -1.25 -11.68 -22.28 -28.2
-27.34 -30.98 -24.39 -17.9 -9.29 2.96 6.11 4.88 1.59 -10.23 -19.05 -31.23
-29.06 -30.88 -31.93 -21.89 -9.39 3.06 6.99 5.76 -1.38 -13.23 -17.4 -23.3
-29.16 -28.78 -30.03 -19.08 -8.89 1.76 5.71 3.54 -2.08 -12.53 -26.28 -29.9
-24.86 -25.88 -31.36 -20.69 -8.39 1.34 4.71 3.16 -1.78 -15.2 -25.38 -27.72
-18.33 -33.9 -31.94 -19.69 -9.69 1.96 5.51 3.96 -2.38 -11 -24.43 -30.4
-28.78 -36.43 -29.7 -26.26 -10.02 1.26 4.81 3.71 -1.48 -15.56 -26.08 -32.83
-26.56 -33.48 -35.51 -21.29 -8.99 1.66 6.31 5.97 -0.08 -12.82 -24.98 -26.8
-22.49 -33.89 -27.23 -20.37 -8.09 0.36 5.51 4.16 -1.88 -11.83 -20.28 -31.38
-22.76 -26.41 -27.63 -22.51 -8.89 1.46 5.11 2.78 -2.98 -12.91 -25.68 -31.4
-28.28 -29.28 -27.66 -22.79 -8.72 1.46 4.91 3.46 -1.48 -14.03 -28.37 -27.9
-28.86 -30.15 -26.46 -18.32 -6.29 2.36 4.71 2.96 -2.78 -11.83 -23.28 -29.8
-27.14 -23.86 -26.53 -22.19 -12.02 -0.21 4.31 3.56 -2.18 -12.54 -25.28 -26.38
-29.86 -31.78 -27.63 -20.91 -8.22 0.34 5.7 3.16 -2.89 -16.26 -27.68 -20.4
-28.43 -38.3 -28.86 -23.54 -8.99 2.36 5.14 2.76 -0.98 -9.53 -20.25 -29.73
-26.86 -28.55 -34 -26.19 -10.49 -0.01 6.31 3.34 -3.38 -15.94 -18.13 -24.73
-32.66 -26.76 -29.96 -19.59 -7.49 2.06 4.81 1.96 -3.78 -14.33 -19.08 -26
-29.08 -35.68 -27.33 -22.72 -7.99 0.56 5.31 4.26 -4.18 -12.33 -26.1 -34.28
-25.26 -30.58 -31.7 -19.99 -8.99 1.06 6.11 2.33 -2.1 -12.13 -26.45 -29.37
-36.53 -21.4 -25.51 -20.01 -8.72 2.06 5.01 3.76 -0.36 -11.03 -25.15 -27.07
-31.73 -38.25 -27.01 -15.99 -5.46 2.46 5.71 5.06 -2.08 -12.83 -22.18 -29.83
-34.24 -35.61 -25.91 -20.49 -9.94 -0.39 3.65 2.71 -4.06 -15.58 -25.56 -28.65
-34.04 -32.79 -25.16 -19.44 -11.37 0.41 5.26 2.76 -3.83 -13.28 -24.95 -29.25
-35.33 -31.16 -26.58 -20.76 -9.29 -0.29 5.06 2.61 -4.06 -12.71 -25.66 -24.48
-34.01 -28.11 -29.39 -22.41 -9.21 1.11 4.96 3.21 -1.53 -11.83 -20.7 -24.15
-30.29 -31.06 -24.09 -21.04 -11.14 0.81 5.36 3.31 -1.46 -12.78 -22.65 -27.85
-33.36 -31.86 -32.13 -16.74 -9.91 2.31 5.61 3.76 -3.61 -12.58 -23.21 -31.85
-26.99 -27.41 -28.12 -22.67 -11.79 1.11 5.76 4.34 -0.6 -9.53 -18.53 -19.75
-27.26 -24.06 -28.88 -17.47 -11.34 1.06 5.46 2.71 -3.45 -13.43 -23.33 -28.63
-38.28 -30.36 -30.38 -19.71 -8.5 2.21 4.96 2.71 -0.53 -11.3 -21.98 -29.99
-27.45 -31.81 -28.05 -15.86 -5.14 2.53 5.36 4.01 -2.58 -11.55 -17.88 -28.09
-30.38 -28.14 -29.13 -21.31 -9.87 1.81 5.49 4.71 -1.13 -9.53 -22.35 -29.02
-24.43 -28.51 -30.08 -19.51 -10.97 0.66 4.06 2.01 -1.98 -13.83 -24.98 -30.82
-28.73 -32.35 -26.29 -19.14 -5.24 3.11 5.36 3.01 -1.95 -11.37 -19.53 -29.54
-31.66 -32.23 -29.18 -24.99 -7.79 1.51 5.26 4.54 -0.91 -10.4 -20.85 -27.63
-30.61 -32.83 -32.95 -15.34 -8.46 0.61 5.36 3.08 -1.53 -14.28 -21.85 -29.42
-36.85 -32.13 -33.42 -16.37 -8.52 2.41 6.16 3.61 -1.13 -10.61 -19.36 -22.38
-32.55 -37.97 -30.45 -21.04 -8.54 1.24 7.16 3.21 -3.2 -15.45 -21.46 -29.35
-38.44 -34.87 -26.98 -21.04 -10.02 -0.09 5.66 3.81 -0.53 -8.91 -18.76 -29.72
-34.65 -21.12 -21.34 -22.04 -8.64 -0.46 6.36 2.84 -2.23 -12.85 -21.26 -27.65
-26.99 -30.43 -25.21 -19.34 -12.88 0.24 4.29 3.44 -1.73 -11.98 -26.8 -31.22
-34.52 -33.6 -26.21 -18.64 -12.7 0.11 2.94 4.41 0.17 -10.56 -22.25 -21.71
-27.11 -34.42 -28.9 -22.71 -7.54 1.11 5.09 3.31 -2.43 -11.98 -26.3 -33.69
-33.63 -26.04 -28.68 -27.45 -9.13 2.01 6.63 3.41 -2.15 -10.53 -25.4 -25.38
-24.83 -28.43 -33.57 -18.05 -10.21 -0.26 5.79 4.91 -0.83 -10.59 -19.16 -31.02
-38.52 -28.76 -31.85 -23.01 -10.61 -0.56 5.68 3.91 0.76 -11.98 -23.4 -27.38
-28.73 -32.33 -32.65 -20.84 -10.48 2.49 6.06 4.31 -0.81 -11.48 -22.05 -28.5
-26.56 -29.44 -26.86 -19.31 -6.86 2.33 6.56 4.31 -1.23 -12.38 -21.93 -32.74
-34.37 -28.71 -21.74 -19.37 -7.42 2.01 6.26 4.19 -1.56 -12.16 -22.25 -27.95
-27.78 -29.19 -27.98 -20.16 -7.56 2.53 6.36 4.61 -1.81 -11.68 -22.43 -25.55
-33.81 -33.9 -29.08 -21.31 -7.14 2.11 5.66 4.81 -1.58 -11.78 -23.93 -31.62
-30.25 -35.66 -34.06 -23.27 -9.37 0.1 4.58 2.53 -2.84 -12.77 -21.24 -30.86
-32.01 -26.64 -29.99 -19.15 -8.9 0.5 3.18 3.1 -2.46 -12.79 -22.76 -32.06
-33.14 -29.16 -28.89 -16.33 -8.27 1.47 3.75 3 -3.34 -15.89 -26.21 -30.51
-28.65 -30.94 -25.57 -22.85 -11.55 -1 3.78 2.2 -2.94 -12.79 -24.67 -26.16
-19.42 -26.87 -30.07 -22.73 -12.95 -0.9 4.05 3.6 -3.51 -11.82 -20.16 -29.07
-30.72 -32.97 -27.37 -21.15 -7.95 1.3 4.35 2.3 -1.82 -9.99 -22.32 -26.56
-28.32 -34.44 -28.39 -21.26 -10.25 -0.67 5.13 3.87 -0.84 -9.99 -20.74 -28.76
-29.69 -33.94 -32.09 -21.03 -8.65 3 6.05 3.8 -1.34 -10.76 -19.94 -32.86
-26.22 -31.24 -28.29 -14.82 -6.12 1.77 5.25 2.3 -2.64 -13.19 -22.84 -33.01
-30.12 -33.12 -28.99 -22.15 -10.15 0 4.07 3.7 -2.74 -17.59 -24.94 -23.27
-25.02 -31.04 -30.37 -20.05 -7.92 0.8 6.15 1.5 -2.84 -13.52 -28.06 -28.13
-23.6 -29.97 -30.59 -17.82 -7.75 2 5.65 2.6 -2.44 -12.09 -22.74 -33.74
-31.91 -29.44 -25.32 -21.17 -11.73 2.1 5.05 3.6 -2.74 -14.79 -25.94 -25.86
-22.45 -27.65 -33.01 -21.45 -6.25 1.3 5.22 3.6 -1.14 -11.29 -19.31 -31.36
-30.52 -28.94 -21.79 -22.83 -9.02 1 6.15 3.3 -1.66 -11.28 -24.04 -24.44
-36.93 -32.21 -33.5 -16.45 -8.6 2.33 6.08 3.53 -1.21 -10.69 -19.44 -22.46
-32.63 -38.05 -30.53 -21.12 -8.62 1.16 7.08 3.13 -3.28 -15.53 -21.54 -29.43
-38.52 -34.95 -27.06 -21.12 -10.1 -0.17 5.58 3.73 -0.61 -8.99 -18.84 -29.8
-34.73 -21.2 -21.42 -22.12 -8.72 -0.54 6.28 2.76 -2.31 -12.93 -21.34 -27.73
-27.07 -30.51 -25.29 -19.42 -12.96 0.16 4.21 3.36 -1.81 -12.06 -26.88 -31.3
-34.6 -33.68 -26.29 -18.72 -12.78 0.03 2.86 4.33 0.09 -10.64 -22.33 -21.79
-27.19 -34.5 -28.98 -22.79 -7.62 1.03 5.01 3.23 -2.51 -12.06 -26.38 -33.77
-33.71 -26.12 -28.76 -27.53 -9.21 1.93 6.55 3.33 -2.23 -10.61 -25.48 -25.46
-24.91 -28.51 -33.65 -18.13 -10.29 -0.34 5.71 4.83 -0.91 -10.67 -19.24 -31.1
-38.6 -28.84 -31.93 -23.09 -10.69 -0.64 5.6 3.83 0.68 -12.06 -23.48 -27.46
-28.81 -32.41 -32.73 -20.92 -10.56 2.41 5.98 4.23 -0.89 -11.56 -22.13 -28.58
-26.64 -29.52 -26.94 -19.39 -6.94 2.25 6.48 4.23 -1.31 -12.46 -22.01 -32.82
-34.45 -28.79 -21.82 -19.45 -7.5 1.93 6.18 4.11 -1.64 -12.24 -22.33 -28.03
-27.86 -29.27 -28.06 -20.24 -7.64 2.45 6.28 4.53 -1.89 -11.76 -22.51 -25.63
-33.89 -33.98 -29.16 -21.39 -7.22 2.03 5.58 4.73 -1.66 -11.86 -24.01 -31.7
-30.17 -35.58 -33.98 -23.19 -9.29 0.18 4.66 2.61 -2.76 -12.69 -21.16 -30.78
-31.93 -26.56 -29.91 -19.07 -8.82 0.58 3.26 3.18 -2.38 -12.71 -22.68 -31.98
-33.06 -29.08 -28.81 -16.25 -8.19 1.55 3.83 3.08 -3.26 -15.81 -26.13 -30.43
-28.57 -30.86 -25.49 -22.77 -11.47 -0.92 3.86 2.28 -2.86 -12.71 -24.59 -26.08
-19.34 -26.79 -29.99 -22.65 -12.87 -0.82 4.13 3.68 -3.43 -11.74 -20.08 -28.99
-30.64 -32.89 -27.29 -21.07 -7.87 1.38 4.43 2.38 -1.74 -9.91 -22.24 -26.48
-28.24 -34.36 -28.31 -21.18 -10.17 -0.59 5.21 3.95 -0.76 -9.91 -20.66 -28.68
-29.61 -33.86 -32.01 -20.95 -8.57 3.08 6.13 3.88 -1.26 -10.68 -19.86 -32.78
-26.14 -31.16 -28.21 -14.74 -6.04 1.85 5.33 2.38 -2.56 -13.11 -22.76 -32.93
-30.04 -33.04 -28.91 -22.07 -10.07 0.08 4.15 3.78 -2.66 -17.51 -24.86 -23.19
-24.94 -30.96 -30.29 -19.97 -7.84 0.88 6.23 1.58 -2.76 -13.44 -27.98 -28.05
-23.52 -29.89 -30.51 -17.74 -7.67 2.08 5.73 2.68 -2.36 -12.01 -22.66 -33.66
-31.83 -29.36 -25.24 -21.09 -11.65 2.18 5.13 3.68 -2.66 -14.71 -25.86 -25.78
-22.37 -27.57 -32.93 -21.37 -6.17 1.38 5.3 3.68 -1.06 -11.21 -19.23 -31.28
-30.44 -28.86 -21.71 -22.75 -8.94 1.08 6.23 3.38 -1.58 -11.2 -23.96 -24.36
-34.43 -35.8 -26.1 -20.68 -10.13 -0.58 3.46 2.52 -4.25 -15.77 -25.75 -28.84
-34.23 -32.98 -25.35 -19.63 -11.56 0.22 5.07 2.57 -4.02 -13.47 -25.14 -29.44
-35.52 -31.35 -26.77 -20.95 -9.48 -0.48 4.87 2.42 -4.25 -12.9 -25.85 -24.67
-34.2 -28.3 -29.58 -22.6 -9.4 0.92 4.77 3.02 -1.72 -12.02 -20.89 -24.34
-30.48 -31.25 -24.28 -21.23 -11.33 0.62 5.17 3.12 -1.65 -12.97 -22.84 -28.04
-33.55 -32.05 -32.32 -16.93 -10.1 2.12 5.42 3.57 -3.8 -12.77 -23.4 -32.04
-27.18 -27.6 -28.31 -22.86 -11.98 0.92 5.57 4.15 -0.79 -9.72 -18.72 -19.94
-27.45 -24.25 -29.07 -17.66 -11.53 0.87 5.27 2.52 -3.64 -13.62 -23.52 -28.82
-38.47 -30.55 -30.57 -19.9 -8.69 2.02 4.77 2.52 -0.72 -11.49 -22.17 -30.18
-27.64 -32 -28.24 -16.05 -5.33 2.34 5.17 3.82 -2.77 -11.74 -18.07 -28.28
-30.57 -28.33 -29.32 -21.5 -10.06 1.62 5.3 4.52 -1.32 -9.72 -22.54 -29.21
-24.62 -28.7 -30.27 -19.7 -11.16 0.47 3.87 1.82 -2.17 -14.02 -25.17 -31.01
-28.92 -32.54 -26.48 -19.33 -5.43 2.92 5.17 2.82 -2.14 -11.56 -19.72 -29.73
-31.85 -32.42 -29.37 -25.18 -7.98 1.32 5.07 4.35 -1.1 -10.59 -21.04 -27.82
-30.8 -33.02 -33.14 -15.53 -8.65 0.42 5.17 2.89 -1.72 -14.47 -22.04 -29.61
-28.76 -36.41 -29.68 -26.24 -10 1.28 4.83 3.73 -1.46 -15.54 -26.06 -32.81
-26.54 -33.46 -35.49 -21.27 -8.97 1.68 6.33 5.99 -0.06 -12.8 -24.96 -26.78
-22.47 -33.87 -27.21 -20.35 -8.07 0.38 5.53 4.18 -1.86 -11.81 -20.26 -31.36
-22.74 -26.39 -27.61 -22.49 -8.87 1.48 5.13 2.8 -2.96 -12.89 -25.66 -31.38
-28.26 -29.26 -27.64 -22.77 -8.7 1.48 4.93 3.48 -1.46 -14.01 -28.35 -27.88
-28.84 -30.13 -26.44 -18.3 -6.27 2.38 4.73 2.98 -2.76 -11.81 -23.26 -29.78
-27.12 -23.84 -26.51 -22.17 -12 -0.19 4.33 3.58 -2.16 -12.52 -25.26 -26.36
-29.84 -31.76 -27.61 -20.89 -8.2 0.36 5.72 3.18 -2.87 -16.24 -27.66 -20.38
-28.41 -38.28 -28.84 -23.52 -8.97 2.38 5.16 2.78 -0.96 -9.51 -20.23 -29.71
-26.84 -28.53 -33.98 -26.17 -10.47 0.01 6.33 3.36 -3.36 -15.92 -18.11 -24.71
-32.64 -26.74 -29.94 -19.57 -7.47 2.08 4.83 1.98 -3.76 -14.31 -19.06 -25.98
-29.06 -35.66 -27.31 -22.7 -7.97 0.58 5.33 4.28 -4.16 -12.31 -26.08 -34.26
-25.24 -30.56 -31.68 -19.97 -8.97 1.08 6.13 2.35 -2.08 -12.11 -26.43 -29.35
-36.51 -21.38 -25.49 -19.99 -8.7 2.08 5.03 3.78 -0.34 -11.01 -25.13 -27.05
-31.71 -38.23 -26.99 -15.97 -5.44 2.48 5.73 5.08 -2.06 -12.81 -22.16 -29.81
-30.33 -35.74 -34.14 -23.35 -9.45 0.02 4.5 2.45 -2.92 -12.85 -21.32 -30.94
-32.09 -26.72 -30.07 -19.23 -8.98 0.42 3.1 3.02 -2.54 -12.87 -22.84 -32.14
-33.22 -29.24 -28.97 -16.41 -8.35 1.39 3.67 2.92 -3.42 -15.97 -26.29 -30.59
-28.73 -31.02 -25.65 -22.93 -11.63 -1.08 3.7 2.12 -3.02 -12.87 -24.75 -26.24
-19.5 -26.95 -30.15 -22.81 -13.03 -0.98 3.97 3.52 -3.59 -11.9 -20.24 -29.15
-30.8 -33.05 -27.45 -21.23 -8.03 1.22 4.27 2.22 -1.9 -10.07 -22.4 -26.64
-28.4 -34.52 -28.47 -21.34 -10.33 -0.75 5.05 3.79 -0.92 -10.07 -20.82 -28.84
-29.77 -34.02 -32.17 -21.11 -8.73 2.92 5.97 3.72 -1.42 -10.84 -20.02 -32.94
-26.3 -31.32 -28.37 -14.9 -6.2 1.69 5.17 2.22 -2.72 -13.27 -22.92 -33.09
-30.2 -33.2 -29.07 -22.23 -10.23 -0.08 3.99 3.62 -2.82 -17.67 -25.02 -23.35
-25.1 -31.12 -30.45 -20.13 -8 0.72 6.07 1.42 -2.92 -13.6 -28.14 -28.21
-23.68 -30.05 -30.67 -17.9 -7.83 1.92 5.57 2.52 -2.52 -12.17 -22.82 -33.82
-31.99 -29.52 -25.4 -21.25 -11.81 2.02 4.97 3.52 -2.82 -14.87 -26.02 -25.94
-22.53 -27.73 -33.09 -21.53 -6.33 1.22 5.14 3.52 -1.22 -11.37 -19.39 -31.44
-30.6 -29.02 -21.87 -22.91 -9.1 0.92 6.07 3.22 -1.74 -11.36 -24.12 -24.52
-27.27 -32.89 -34.46 -22.08 -5.6 1.15 5.5 2.05 -2.89 -12.64 -22.36 -31.56
-24.97 -24.2 -24.24 -18 -8.72 1.15 5.48 3.73 -4.59 -14.44 -21.89 -26.61
-23.5 -28.69 -30.64 -19.7 -9.6 0.15 5 1.32 -3.09 -15.72 -22.59 -26.01
-36.47 -36.09 -31.57 -22.6 -9.4 3.42 5.3 3.58 -2.96 -12.83 -23.09 -27.21
-30.24 -35.37 -28.47 -21 -10.95 -0.3 3 1.93 -5.19 -17.16 -19.79 -32.54
-28.27 -31.82 -30.14 -24.3 -9.88 2.05 4.9 2.75 -2.29 -15.44 -18.49 -27.51
-29.15 -31.82 -21.97 -20.3 -4.5 2.65 5.78 2.25 -1.69 -11.14 -25.49 -25.31
-24.47 -32.81 -26.74 -24.1 -8.3 1.52 5.83 5.28 -1.96 -13.61 -22.69 -31.61
-21.17 -33.39 -31.54 -20.4 -6.2 1.55 5.89 3.32 -0.49 -13.76 -30.29 -28.68
-29.34 -29.02 -29.34 -22.4 -6.6 3.15 3.5 2.55 -0.84 -14.67 -22.32 -26.28
-27.57 -34.04 -29.81 -21.77 -10.2 0.98 5.7 3.45 -1.66 -13.64 -22.59 -28.61
-29.1 -27.06 -30.31 -21.47 -8.17 -0.35 6.3 4.35 -0.99 -13.27 -25.87 -25.61
-32.15 -30.19 -33.11 -20.8 -11.15 1.28 5.2 2.45 -2.49 -13.44 -20.07 -29.38
-30.27 -33.81 -27.24 -22.57 -9.3 1.85 6.7 5.65 -0.19 -9.04 -22.89 -35.03
-33.27 -28.19 -27.79 -22.28 -9.8 0.05 4.67 4.52 -3.19 -14.67 -23.51 -33.31
-27.17 -32.79 -34.36 -21.98 -5.5 1.25 5.6 2.15 -2.79 -12.54 -22.26 -31.46
-24.87 -24.1 -24.14 -17.9 -8.62 1.25 5.58 3.83 -4.49 -14.34 -21.79 -26.51
-23.4 -28.59 -30.54 -19.6 -9.5 0.25 5.1 1.42 -2.99 -15.62 -22.49 -25.91
-36.37 -35.99 -31.47 -22.5 -9.3 3.52 5.4 3.68 -2.86 -12.73 -22.99 -27.11
-30.14 -35.27 -28.37 -20.9 -10.85 -0.2 3.1 2.03 -5.09 -17.06 -19.69 -32.44
-28.17 -31.72 -30.04 -24.2 -9.78 2.15 5 2.85 -2.19 -15.34 -18.39 -27.41
-29.05 -31.72 -21.87 -20.2 -4.4 2.75 5.88 2.35 -1.59 -11.04 -25.39 -25.21
-24.37 -32.71 -26.64 -24 -8.2 1.62 5.93 5.38 -1.86 -13.51 -22.59 -31.51
-21.07 -33.29 -31.44 -20.3 -6.1 1.65 5.99 3.42 -0.39 -13.66 -30.19 -28.58
-29.24 -28.92 -29.24 -22.3 -6.5 3.25 3.6 2.65 -0.74 -14.57 -22.22 -26.18
-27.47 -33.94 -29.71 -21.67 -10.1 1.08 5.8 3.55 -1.56 -13.54 -22.49 -28.51
-29 -26.96 -30.21 -21.37 -8.07 -0.25 6.4 4.45 -0.89 -13.17 -25.77 -25.51
-32.05 -30.09 -33.01 -20.7 -11.05 1.38 5.3 2.55 -2.39 -13.34 -19.97 -29.28
-30.17 -33.71 -27.14 -22.47 -9.2 1.95 6.8 5.75 -0.09 -8.94 -22.79 -34.93
-33.17 -28.09 -27.69 -22.18 -9.7 0.15 4.77 4.62 -3.09 -14.57 -23.41 -33.21
-30.41 -35.82 -34.22 -23.43 -9.53 -0.06 4.42 2.37 -3 -12.93 -21.4 -31.02
-32.17 -26.8 -30.15 -19.31 -9.06 0.34 3.02 2.94 -2.62 -12.95 -22.92 -32.22
-33.3 -29.32 -29.05 -16.49 -8.43 1.31 3.59 2.84 -3.5 -16.05 -26.37 -30.67
-28.81 -31.1 -25.73 -23.01 -11.71 -1.16 3.62 2.04 -3.1 -12.95 -24.83 -26.32
-19.58 -27.03 -30.23 -22.89 -13.11 -1.06 3.89 3.44 -3.67 -11.98 -20.32 -29.23
-30.88 -33.13 -27.53 -21.31 -8.11 1.14 4.19 2.14 -1.98 -10.15 -22.48 -26.72
-28.48 -34.6 -28.55 -21.42 -10.41 -0.83 4.97 3.71 -1 -10.15 -20.9 -28.92
-29.85 -34.1 -32.25 -21.19 -8.81 2.84 5.89 3.64 -1.5 -10.92 -20.1 -33.02
-26.38 -31.4 -28.45 -14.98 -6.28 1.61 5.09 2.14 -2.8 -13.35 -23 -33.17
-30.28 -33.28 -29.15 -22.31 -10.31 -0.16 3.91 3.54 -2.9 -17.75 -25.1 -23.43
-25.18 -31.2 -30.53 -20.21 -8.08 0.64 5.99 1.34 -3 -13.68 -28.22 -28.29
-23.76 -30.13 -30.75 -17.98 -7.91 1.84 5.49 2.44 -2.6 -12.25 -22.9 -33.9
-32.07 -29.6 -25.48 -21.33 -11.89 1.94 4.89 3.44 -2.9 -14.95 -26.1 -26.02
-22.61 -27.81 -33.17 -21.61 -6.41 1.14 5.06 3.44 -1.3 -11.45 -19.47 -31.52
-30.68 -29.1 -21.95 -22.99 -9.18 0.84 5.99 3.14 -1.82 -11.44 -24.2 -24.6
-28.86 -36.51 -29.78 -26.34 -10.1 1.18 4.73 3.63 -1.56 -15.64 -26.16 -32.91
-26.64 -33.56 -35.59 -21.37 -9.07 1.58 6.23 5.89 -0.16 -12.9 -25.06 -26.88
-22.57 -33.97 -27.31 -20.45 -8.17 0.28 5.43 4.08 -1.96 -11.91 -20.36 -31.46
-22.84 -26.49 -27.71 -22.59 -8.97 1.38 5.03 2.7 -3.06 -12.99 -25.76 -31.48
-28.36 -29.36 -27.74 -22.87 -8.8 1.38 4.83 3.38 -1.56 -14.11 -28.45 -27.98
-28.94 -30.23 -26.54 -18.4 -6.37 2.28 4.63 2.88 -2.86 -11.91 -23.36 -29.88
-27.22 -23.94 -26.61 -22.27 -12.1 -0.29 4.23 3.48 -2.26 -12.62 -25.36 -26.46
-29.94 -31.86 -27.71 -20.99 -8.3 0.26 5.62 3.08 -2.97 -16.34 -27.76 -20.48
-28.51 -38.38 -28.94 -23.62 -9.07 2.28 5.06 2.68 -1.06 -9.61 -20.33 -29.81
-26.94 -28.63 -34.08 -26.27 -10.57 -0.09 6.23 3.26 -3.46 -16.02 -18.21 -24.81
-32.74 -26.84 -30.04 -19.67 -7.57 1.98 4.73 1.88 -3.86 -14.41 -19.16 -26.08
-29.16 -35.76 -27.41 -22.8 -8.07 0.48 5.23 4.18 -4.26 -12.41 -26.18 -34.36
-25.34 -30.66 -31.78 -20.07 -9.07 0.98 6.03 2.25 -2.18 -12.21 -26.53 -29.45
-36.61 -21.48 -25.59 -20.09 -8.8 1.98 4.93 3.68 -0.44 -11.11 -25.23 -27.15
-31.81 -38.33 -27.09 -16.07 -5.54 2.38 5.63 4.98 -2.16 -12.91 -22.26 -29.91
-37 -32.28 -33.57 -16.52 -8.67 2.26 6.01 3.46 -1.28 -10.76 -19.51 -22.53
-32.7 -38.12 -30.6 -21.19 -8.69 1.09 7.01 3.06 -3.35 -15.6 -21.61 -29.5
-38.59 -35.02 -27.13 -21.19 -10.17 -0.24 5.51 3.66 -0.68 -9.06 -18.91 -29.87
-34.8 -21.27 -21.49 -22.19 -8.79 -0.61 6.21 2.69 -2.38 -13 -21.41 -27.8
-27.14 -30.58 -25.36 -19.49 -13.03 0.09 4.14 3.29 -1.88 -12.13 -26.95 -31.37
-34.67 -33.75 -26.36 -18.79 -12.85 -0.04 2.79 4.26 0.02 -10.71 -22.4 -21.86
-27.26 -34.57 -29.05 -22.86 -7.69 0.96 4.94 3.16 -2.58 -12.13 -26.45 -33.84
-33.78 -26.19 -28.83 -27.6 -9.28 1.86 6.48 3.26 -2.3 -10.68 -25.55 -25.53
-24.98 -28.58 -33.72 -18.2 -10.36 -0.41 5.64 4.76 -0.98 -10.74 -19.31 -31.17
-38.67 -28.91 -32 -23.16 -10.76 -0.71 5.53 3.76 0.61 -12.13 -23.55 -27.53
-28.88 -32.48 -32.8 -20.99 -10.63 2.34 5.91 4.16 -0.96 -11.63 -22.2 -28.65
-26.71 -29.59 -27.01 -19.46 -7.01 2.18 6.41 4.16 -1.38 -12.53 -22.08 -32.89
-34.52 -28.86 -21.89 -19.52 -7.57 1.86 6.11 4.04 -1.71 -12.31 -22.4 -28.1
-27.93 -29.34 -28.13 -20.31 -7.71 2.38 6.21 4.46 -1.96 -11.83 -22.58 -25.7
-33.96 -34.05 -29.23 -21.46 -7.29 1.96 5.51 4.66 -1.73 -11.93 -24.08 -31.77
-34.42 -35.79 -26.09 -20.67 -10.12 -0.57 3.47 2.53 -4.24 -15.76 -25.74 -28.83
-34.22 -32.97 -25.34 -19.62 -11.55 0.23 5.08 2.58 -4.01 -13.46 -25.13 -29.43
-35.51 -31.34 -26.76 -20.94 -9.47 -0.47 4.88 2.43 -4.24 -12.89 -25.84 -24.66
-34.19 -28.29 -29.57 -22.59 -9.39 0.93 4.78 3.03 -1.71 -12.01 -20.88 -24.33
-30.47 -31.24 -24.27 -21.22 -11.32 0.63 5.18 3.13 -1.64 -12.96 -22.83 -28.03
-33.54 -32.04 -32.31 -16.92 -10.09 2.13 5.43 3.58 -3.79 -12.76 -23.39 -32.03
-27.17 -27.59 -28.3 -22.85 -11.97 0.93 5.58 4.16 -0.78 -9.71 -18.71 -19.93
-27.44 -24.24 -29.06 -17.65 -11.52 0.88 5.28 2.53 -3.63 -13.61 -23.51 -28.81
-38.46 -30.54 -30.56 -19.89 -8.68 2.03 4.78 2.53 -0.71 -11.48 -22.16 -30.17
-27.63 -31.99 -28.23 -16.04 -5.32 2.35 5.18 3.83 -2.76 -11.73 -18.06 -28.27
-30.56 -28.32 -29.31 -21.49 -10.05 1.63 5.31 4.53 -1.31 -9.71 -22.53 -29.2
-24.61 -28.69 -30.26 -19.69 -11.15 0.48 3.88 1.83 -2.16 -14.01 -25.16 -31
-28.91 -32.53 -26.47 -19.32 -5.42 2.93 5.18 2.83 -2.13 -11.55 -19.71 -29.72
-31.84 -32.41 -29.36 -25.17 -7.97 1.33 5.08 4.36 -1.09 -10.58 -21.03 -27.81
-30.79 -33.01 -33.13 -15.52 -8.64 0.43 5.18 2.9 -1.71 -14.46 -22.03 -29.6
-29.03 -36.68 -29.95 -26.51 -10.27 1.01 4.56 3.46 -1.73 -15.81 -26.33 -33.08
-26.81 -33.73 -35.76 -21.54 -9.24 1.41 6.06 5.72 -0.33 -13.07 -25.23 -27.05
-22.74 -34.14 -27.48 -20.62 -8.34 0.11 5.26 3.91 -2.13 -12.08 -20.53 -31.63
-23.01 -26.66 -27.88 -22.76 -9.14 1.21 4.86 2.53 -3.23 -13.16 -25.93 -31.65
-28.53 -29.53 -27.91 -23.04 -8.97 1.21 4.66 3.21 -1.73 -14.28 -28.62 -28.15
-29.11 -30.4 -26.71 -18.57 -6.54 2.11 4.46 2.71 -3.03 -12.08 -23.53 -30.05
-27.39 -24.11 -26.78 -22.44 -12.27 -0.46 4.06 3.31 -2.43 -12.79 -25.53 -26.63
-30.11 -32.03 -27.88 -21.16 -8.47 0.09 5.45 2.91 -3.14 -16.51 -27.93 -20.65
-28.68 -38.55 -29.11 -23.79 -9.24 2.11 4.89 2.51 -1.23 -9.78 -20.5 -29.98
-27.11 -28.8 -34.25 -26.44 -10.74 -0.26 6.06 3.09 -3.63 -16.19 -18.38 -24.98
-32.91 -27.01 -30.21 -19.84 -7.74 1.81 4.56 1.71 -4.03 -14.58 -19.33 -26.25
-29.33 -35.93 -27.58 -22.97 -8.24 0.31 5.06 4.01 -4.43 -12.58 -26.35 -34.53
-25.51 -30.83 -31.95 -20.24 -9.24 0.81 5.86 2.08 -2.35 -12.38 -26.7 -29.62
-36.78 -21.65 -25.76 -20.26 -8.97 1.81 4.76 3.51 -0.61 -11.28 -25.4 -27.32
-31.98 -38.5 -27.26 -16.24 -5.71 2.21 5.46 4.81 -2.33 -13.08 -22.43 -30.08
-28.86 -36.51 -29.78 -26.34 -10.1 1.18 4.73 3.63 -1.56 -15.64 -26.16 -32.91
-26.64 -33.56 -35.59 -21.37 -9.07 1.58 6.23 5.89 -0.16 -12.9 -25.06 -26.88
-22.57 -33.97 -27.31 -20.45 -8.17 0.28 5.43 4.08 -1.96 -11.91 -20.36 -31.46
-22.84 -26.49 -27.71 -22.59 -8.97 1.38 5.03 2.7 -3.06 -12.99 -25.76 -31.48
-28.36 -29.36 -27.74 -22.87 -8.8 1.38 4.83 3.38 -1.56 -14.11 -28.45 -27.98
-28.94 -30.23 -26.54 -18.4 -6.37 2.28 4.63 2.88 -2.86 -11.91 -23.36 -29.88
-27.22 -23.94 -26.61 -22.27 -12.1 -0.29 4.23 3.48 -2.26 -12.62 -25.36 -26.46
-29.94 -31.86 -27.71 -20.99 -8.3 0.26 5.62 3.08 -2.97 -16.34 -27.76 -20.48
-28.51 -38.38 -28.94 -23.62 -9.07 2.28 5.06 2.68 -1.06 -9.61 -20.33 -29.81
-26.94 -28.63 -34.08 -26.27 -10.57 -0.09 6.23 3.26 -3.46 -16.02 -18.21 -24.81
-32.74 -26.84 -30.04 -19.67 -7.57 1.98 4.73 1.88 -3.86 -14.41 -19.16 -26.08
-29.16 -35.76 -27.41 -22.8 -8.07 0.48 5.23 4.18 -4.26 -12.41 -26.18 -34.36
-25.34 -30.66 -31.78 -20.07 -9.07 0.98 6.03 2.25 -2.18 -12.21 -26.53 -29.45
-36.61 -21.48 -25.59 -20.09 -8.8 1.98 4.93 3.68 -0.44 -11.11 -25.23 -27.15
-31.81 -38.33 -27.09 -16.07 -5.54 2.38 5.63 4.98 -2.16 -12.91 -22.26 -29.91
-27.35 -32.97 -34.54 -22.16 -5.68 1.07 5.42 1.97 -2.97 -12.72 -22.44 -31.64
-25.05 -24.28 -24.32 -18.08 -8.8 1.07 5.4 3.65 -4.67 -14.52 -21.97 -26.69
-23.58 -28.77 -30.72 -19.78 -9.68 0.07 4.92 1.24 -3.17 -15.8 -22.67 -26.09
-36.55 -36.17 -31.65 -22.68 -9.48 3.34 5.22 3.5 -3.04 -12.91 -23.17 -27.29
-30.32 -35.45 -28.55 -21.08 -11.03 -0.38 2.92 1.85 -5.27 -17.24 -19.87 -32.62
-28.35 -31.9 -30.22 -24.38 -9.96 1.97 4.82 2.67 -2.37 -15.52 -18.57 -27.59
-29.23 -31.9 -22.05 -20.38 -4.58 2.57 5.7 2.17 -1.77 -11.22 -25.57 -25.39
-24.55 -32.89 -26.82 -24.18 -8.38 1.44 5.75 5.2 -2.04 -13.69 -22.77 -31.69
-21.25 -33.47 -31.62 -20.48 -6.28 1.47 5.81 3.24 -0.57 -13.84 -30.37 -28.76
-29.42 -29.1 -29.42 -22.48 -6.68 3.07 3.42 2.47 -0.92 -14.75 -22.4 -26.36
-27.65 -34.12 -29.89 -21.85 -10.28 0.9 5.62 3.37 -1.74 -13.72 -22.67 -28.69
-29.18 -27.14 -30.39 -21.55 -8.25 -0.43 6.22 4.27 -1.07 -13.35 -25.95 -25.69
-32.23 -30.27 -33.19 -20.88 -11.23 1.2 5.12 2.37 -2.57 -13.52 -20.15 -29.46
-30.35 -33.89 -27.32 -22.65 -9.38 1.77 6.62 5.57 -0.27 -9.12 -22.97 -35.11
-33.35 -28.27 -27.87 -22.36 -9.88 -0.03 4.59 4.44 -3.27 -14.75 -23.59 -33.39
-37.16 -32.44 -33.73 -16.68 -8.83 2.1 5.85 3.3 -1.44 -10.92 -19.67 -22.69
-32.86 -38.28 -30.76 -21.35 -8.85 0.93 6.85 2.9 -3.51 -15.76 -21.77 -29.66
-38.75 -35.18 -27.29 -21.35 -10.33 -0.4 5.35 3.5 -0.84 -9.22 -19.07 -30.03
-34.96 -21.43 -21.65 -22.35 -8.95 -0.77 6.05 2.53 -2.54 -13.16 -21.57 -27.96
-27.3 -30.74 -25.52 -19.65 -13.19 -0.07 3.98 3.13 -2.04 -12.29 -27.11 -31.53
-34.83 -33.91 -26.52 -18.95 -13.01 -0.2 2.63 4.1 -0.14 -10.87 -22.56 -22.02
-27.42 -34.73 -29.21 -23.02 -7.85 0.8 4.78 3 -2.74 -12.29 -26.61 -34
-33.94 -26.35 -28.99 -27.76 -9.44 1.7 6.32 3.1 -2.46 -10.84 -25.71 -25.69
-25.14 -28.74 -33.88 -18.36 -10.52 -0.57 5.48 4.6 -1.14 -10.9 -19.47 -31.33
-38.83 -29.07 -32.16 -23.32 -10.92 -0.87 5.37 3.6 0.45 -12.29 -23.71 -27.69
-29.04 -32.64 -32.96 -21.15 -10.79 2.18 5.75 4 -1.12 -11.79 -22.36 -28.81
-26.87 -29.75 -27.17 -19.62 -7.17 2.02 6.25 4 -1.54 -12.69 -22.24 -33.05
-34.68 -29.02 -22.05 -19.68 -7.73 1.7 5.95 3.88 -1.87 -12.47 -22.56 -28.26
-28.09 -29.5 -28.29 -20.47 -7.87 2.22 6.05 4.3 -2.12 -11.99 -22.74 -25.86
-34.12 -34.21 -29.39 -21.62 -7.45 1.8 5.35 4.5 -1.89 -12.09 -24.24 -31.93
-28.8 -36.45 -29.72 -26.28 -10.04 1.24 4.79 3.69 -1.5 -15.58 -26.1 -32.85
-26.58 -33.5 -35.53 -21.31 -9.01 1.64 6.29 5.95 -0.1 -12.84 -25 -26.82
-22.51 -33.91 -27.25 -20.39 -8.11 0.34 5.49 4.14 -1.9 -11.85 -20.3 -31.4
-22.78 -26.43 -27.65 -22.53 -8.91 1.44 5.09 2.76 -3 -12.93 -25.7 -31.42
-28.3 -29.3 -27.68 -22.81 -8.74 1.44 4.89 3.44 -1.5 -14.05 -28.39 -27.92
-28.88 -30.17 -26.48 -18.34 -6.31 2.34 4.69 2.94 -2.8 -11.85 -23.3 -29.82
-27.16 -23.88 -26.55 -22.21 -12.04 -0.23 4.29 3.54 -2.2 -12.56 -25.3 -26.4
-29.88 -31.8 -27.65 -20.93 -8.24 0.32 5.68 3.14 -2.91 -16.28 -27.7 -20.42
-28.45 -38.32 -28.88 -23.56 -9.01 2.34 5.12 2.74 -1 -9.55 -20.27 -29.75
-26.88 -28.57 -34.02 -26.21 -10.51 -0.03 6.29 3.32 -3.4 -15.96 -18.15 -24.75
-32.68 -26.78 -29.98 -19.61 -7.51 2.04 4.79 1.94 -3.8 -14.35 -19.1 -26.02
-29.1 -35.7 -27.35 -22.74 -8.01 0.54 5.29 4.24 -4.2 -12.35 -26.12 -34.3
-25.28 -30.6 -31.72 -20.01 -9.01 1.04 6.09 2.31 -2.12 -12.15 -26.47 -29.39
-36.55 -21.42 -25.53 -20.03 -8.74 2.04 4.99 3.74 -0.38 -11.05 -25.17 -27.09
-31.75 -38.27 -27.03 -16.01 -5.48 2.44 5.69 5.04 -2.1 -12.85 -22.2 -29.85
-26.9 -29.3 -31.92 -24.16 -13.25 -0.36 5.39 3.14 -2.4 -12.25 -28.32 -37.03
-37.29 -22.26 -24.48 -18.61 -6.02 1.04 4.22 2.84 -2.97 -12.95 -24.99 -28.7
-36.2 -28.8 -26.28 -22.73 -8.89 0.66 4.99 4.73 -2.8 -13.47 -28.19 -33.06
-38.09 -35.43 -25.38 -24.95 -9.7 -0.06 5.37 2.57 -2.37 -13.05 -22.7 -28.22
-35.19 -34.85 -32.52 -22.44 -8.91 1.74 5.11 3.64 -2.18 -13.15 -23.42 -29.02
-28.77 -31.3 -28.06 -21.21 -8.23 1.61 5.52 4.22 -2.18 -13.12 -22 -28.32
-27.58 -28.71 -28.75 -20.51 -10.81 1.16 4.89 3.37 -1.93 -12.65 -23.79 -27.52
-29 -29.59 -28.18 -20.83 -8.1 1.84 5.69 4.44 -1.63 -12.32 -23.3 -31.12
-31.37 -30.71 -28.58 -25.44 -8.41 1.14 5.21 3.56 -1.9 -13.43 -22.3 -27.63
-29.5 -31.36 -28.16 -20.53 -7.99 2.12 5.7 3.99 -1.57 -12 -22.6 -28.52
-27.66 -31.3 -24.71 -18.22 -9.61 2.64 5.79 4.56 1.27 -10.55 -19.37 -31.55
-29.38 -31.2 -32.25 -22.21 -9.71 2.74 6.67 5.44 -1.7 -13.55 -17.72 -23.62
-29.48 -29.1 -30.35 -19.4 -9.21 1.44 5.39 3.22 -2.4 -12.85 -26.6 -30.22
-25.18 -26.2 -31.68 -21.01 -8.71 1.02 4.39 2.84 -2.1 -15.52 -25.7 -28.04
-18.65 -34.22 -32.26 -20.01 -10.01 1.64 5.19 3.64 -2.7 -11.32 -24.75 -30.72
-28.72 -36.37 -29.64 -26.2 -9.96 1.32 4.87 3.77 -1.42 -15.5 -26.02 -32.77
-26.5 -33.42 -35.45 -21.23 -8.93 1.72 6.37 6.03 -0.02 -12.76 -24.92 -26.74
-22.43 -33.83 -27.17 -20.31 -8.03 0.42 5.57 4.22 -1.82 -11.77 -20.22 -31.32
-22.7 -26.35 -27.57 -22.45 -8.83 1.52 5.17 2.84 -2.92 -12.85 -25.62 -31.34
-28.22 -29.22 -27.6 -22.73 -8.66 1.52 4.97 3.52 -1.42 -13.97 -28.31 -27.84
-28.8 -30.09 -26.4 -18.26 -6.23 2.42 4.77 3.02 -2.72 -11.77 -23.22 -29.74
-27.08 -23.8 -26.47 -22.13 -11.96 -0.15 4.37 3.62 -2.12 -12.48 -25.22 -26.32
-29.8 -31.72 -27.57 -20.85 -8.16 0.4 5.76 3.22 -2.83 -16.2 -27.62 -20.34
-28.37 -38.24 -28.8 -23.48 -8.93 2.42 5.2 2.82 -0.92 -9.47 -20.19 -29.67
-26.8 -28.49 -33.94 -26.13 -10.43 0.05 6.37 3.4 -3.32 -15.88 -18.07 -24.67
-32.6 -26.7 -29.9 -19.53 -7.43 2.12 4.87 2.02 -3.72 -14.27 -19.02 -25.94
-29.02 -35.62 -27.27 -22.66 -7.93 0.62 5.37 4.32 -4.12 -12.27 -26.04 -34.22
-25.2 -30.52 -31.64 -19.93 -8.93 1.12 6.17 2.39 -2.04 -12.07 -26.39 -29.31
-36.47 -21.34 -25.45 -19.95 -8.66 2.12 5.07 3.82 -0.3 -10.97 -25.09 -27.01
-31.67 -38.19 -26.95 -15.93 -5.4 2.52 5.77 5.12 -2.02 -12.77 -22.12 -29.77
-34.5 -35.87 -26.17 -20.75 -10.2 -0.65 3.39 2.45 -4.32 -15.84 -25.82 -28.91
-34.3 -33.05 -25.42 -19.7 -11.63 0.15 5 2.5 -4.09 -13.54 -25.21 -29.51
-35.59 -31.42 -26.84 -21.02 -9.55 -0.55 4.8 2.35 -4.32 -12.97 -25.92 -24.74
-34.27 -28.37 -29.65 -22.67 -9.47 0.85 4.7 2.95 -1.79 -12.09 -20.96 -24.41
-30.55 -31.32 -24.35 -21.3 -11.4 0.55 5.1 3.05 -1.72 -13.04 -22.91 -28.11
-33.62 -32.12 -32.39 -17 -10.17 2.05 5.35 3.5 -3.87 -12.84 -23.47 -32.11
-27.25 -27.67 -28.38 -22.93 -12.05 0.85 5.5 4.08 -0.86 -9.79 -18.79 -20.01
-27.52 -24.32 -29.14 -17.73 -11.6 0.8 5.2 2.45 -3.71 -13.69 -23.59 -28.89
-38.54 -30.62 -30.64 -19.97 -8.76 1.95 4.7 2.45 -0.79 -11.56 -22.24 -30.25
-27.71 -32.07 -28.31 -16.12 -5.4 2.27 5.1 3.75 -2.84 -11.81 -18.14 -28.35
-30.64 -28.4 -29.39 -21.57 -10.13 1.55 5.23 4.45 -1.39 -9.79 -22.61 -29.28
-24.69 -28.77 -30.34 -19.77 -11.23 0.4 3.8 1.75 -2.24 -14.09 -25.24 -31.08
-28.99 -32.61 -26.55 -19.4 -5.5 2.85 5.1 2.75 -2.21 -11.63 -19.79 -29.8
-31.92 -32.49 -29.44 -25.25 -8.05 1.25 5 4.28 -1.17 -10.66 -21.11 -27.89
-30.87 -33.09 -33.21 -15.6 -8.72 0.35 5.1 2.82 -1.79 -14.54 -22.11 -29.68
-26.63 -29.03 -31.65 -23.89 -12.98 -0.09 5.66 3.41 -2.13 -11.98 -28.05 -36.76
-37.02 -21.99 -24.21 -18.34 -5.75 1.31 4.49 3.11 -2.7 -12.68 -24.72 -28.43
-35.93 -28.53 -26.01 -22.46 -8.62 0.93 5.26 5 -2.53 -13.2 -27.92 -32.79
-37.82 -35.16 -25.11 -24.68 -9.43 0.21 5.64 2.84 -2.1 -12.78 -22.43 -27.95
-34.92 -34.58 -32.25 -22.17 -8.64 2.01 5.38 3.91 -1.91 -12.88 -23.15 -28.75
-28.5 -31.03 -27.79 -20.94 -7.96 1.88 5.79 4.49 -1.91 -12.85 -21.73 -28.05
-27.31 -28.44 -28.48 -20.24 -10.54 1.43 5.16 3.64 -1.66 -12.38 -23.52 -27.25
-28.73 -29.32 -27.91 -20.56 -7.83 2.11 5.96 4.71 -1.36 -12.05 -23.03 -30.85
-31.1 -30.44 -28.31 -25.17 -8.14 1.41 5.48 3.83 -1.63 -13.16 -22.03 -27.36
-29.23 -31.09 -27.89 -20.26 -7.72 2.39 5.97 4.26 -1.3 -11.73 -22.33 -28.25
-27.39 -31.03 -24.44 -17.95 -9.34 2.91 6.06 4.83 1.54 -10.28 -19.1 -31.28
-29.11 -30.93 -31.98 -21.94 -9.44 3.01 6.94 5.71 -1.43 -13.28 -17.45 -23.35
-29.21 -28.83 -30.08 -19.13 -8.94 1.71 5.66 3.49 -2.13 -12.58 -26.33 -29.95
-24.91 -25.93 -31.41 -20.74 -8.44 1.29 4.66 3.11 -1.83 -15.25 -25.43 -27.77
-18.38 -33.95 -31.99 -19.74 -9.74 1.91 5.46 3.91 -2.43 -11.05 -24.48 -30.45
-30.19 -35.6 -34 -23.21 -9.31 0.16 4.64 2.59 -2.78 -12.71 -21.18 -30.8
-31.95 -26.58 -29.93 -19.09 -8.84 0.56 3.24 3.16 -2.4 -12.73 -22.7 -32
-33.08 -29.1 -28.83 -16.27 -8.21 1.53 3.81 3.06 -3.28 -15.83 -26.15 -30.45
-28.59 -30.88 -25.51 -22.79 -11.49 -0.94 3.84 2.26 -2.88 -12.73 -24.61 -26.1
-19.36 -26.81 -30.01 -22.67 -12.89 -0.84 4.11 3.66 -3.45 -11.76 -20.1 -29.01
-30.66 -32.91 -27.31 -21.09 -7.89 1.36 4.41 2.36 -1.76 -9.93 -22.26 -26.5
-28.26 -34.38 -28.33 -21.2 -10.19 -0.61 5.19 3.93 -0.78 -9.93 -20.68 -28.7
-29.63 -33.88 -32.03 -20.97 -8.59 3.06 6.11 3.86 -1.28 -10.7 -19.88 -32.8
-26.16 -31.18 -28.23 -14.76 -6.06 1.83 5.31 2.36 -2.58 -13.13 -22.78 -32.95
-30.06 -33.06 -28.93 -22.09 -10.09 0.06 4.13 3.76 -2.68 -17.53 -24.88 -23.21
-24.96 -30.98 -30.31 -19.99 -7.86 0.86 6.21 1.56 -2.78 -13.46 -28 -28.07
-23.54 -29.91 -30.53 -17.76 -7.69 2.06 5.71 2.66 -2.38 -12.03 -22.68 -33.68
-31.85 -29.38 -25.26 -21.11 -11.67 2.16 5.11 3.66 -2.68 -14.73 -25.88 -25.8
-22.39 -27.59 -32.95 -21.39 -6.19 1.36 5.28 3.66 -1.08 -11.23 -19.25 -31.3
-30.46 -28.88 -21.73 -22.77 -8.96 1.06 6.21 3.36 -1.6 -11.22 -23.98 -24.38
-34.34 -35.71 -26.01 -20.59 -10.04 -0.49 3.55 2.61 -4.16 -15.68 -25.66 -28.75
-34.14 -32.89 -25.26 -19.54 -11.47 0.31 5.16 2.66 -3.93 -13.38 -25.05 -29.35
-35.43 -31.26 -26.68 -20.86 -9.39 -0.39 4.96 2.51 -4.16 -12.81 -25.76 -24.58
-34.11 -28.21 -29.49 -22.51 -9.31 1.01 4.86 3.11 -1.63 -11.93 -20.8 -24.25
-30.39 -31.16 -24.19 -21.14 -11.24 0.71 5.26 3.21 -1.56 -12.88 -22.75 -27.95
-33.46 -31.96 -32.23 -16.84 -10.01 2.21 5.51 3.66 -3.71 -12.68 -23.31 -31.95
-27.09 -27.51 -28.22 -22.77 -11.89 1.01 5.66 4.24 -0.7 -9.63 -18.63 -19.85
-27.36 -24.16 -28.98 -17.57 -11.44 0.96 5.36 2.61 -3.55 -13.53 -23.43 -28.73
-38.38 -30.46 -30.48 -19.81 -8.6 2.11 4.86 2.61 -0.63 -11.4 -22.08 -30.09
-27.55 -31.91 -28.15 -15.96 -5.24 2.43 5.26 3.91 -2.68 -11.65 -17.98 -28.19
-30.48 -28.24 -29.23 -21.41 -9.97 1.71 5.39 4.61 -1.23 -9.63 -22.45 -29.12
-24.53 -28.61 -30.18 -19.61 -11.07 0.56 3.96 1.91 -2.08 -13.93 -25.08 -30.92
-28.83 -32.45 -26.39 -19.24 -5.34 3.01 5.26 2.91 -2.05 -11.47 -19.63 -29.64
-31.76 -32.33 -29.28 -25.09 -7.89 1.41 5.16 4.44 -1.01 -10.5 -20.95 -27.73
-30.71 -32.93 -33.05 -15.44 -8.56 0.51 5.26 2.98 -1.63 -14.38 -21.95 -29.52
-26.73 -29.13 -31.75 -23.99 -13.08 -0.19 5.56 3.31 -2.23 -12.08 -28.15 -36.86
-37.12 -22.09 -24.31 -18.44 -5.85 1.21 4.39 3.01 -2.8 -12.78 -24.82 -28.53
-36.03 -28.63 -26.11 -22.56 -8.72 0.83 5.16 4.9 -2.63 -13.3 -28.02 -32.89
-37.92 -35.26 -25.21 -24.78 -9.53 0.11 5.54 2.74 -2.2 -12.88 -22.53 -28.05
-35.02 -34.68 -32.35 -22.27 -8.74 1.91 5.28 3.81 -2.01 -12.98 -23.25 -28.85
-28.6 -31.13 -27.89 -21.04 -8.06 1.78 5.69 4.39 -2.01 -12.95 -21.83 -28.15
-27.41 -28.54 -28.58 -20.34 -10.64 1.33 5.06 3.54 -1.76 -12.48 -23.62 -27.35
-28.83 -29.42 -28.01 -20.66 -7.93 2.01 5.86 4.61 -1.46 -12.15 -23.13 -30.95
-31.2 -30.54 -28.41 -25.27 -8.24 1.31 5.38 3.73 -1.73 -13.26 -22.13 -27.46
-29.33 -31.19 -27.99 -20.36 -7.82 2.29 5.87 4.16 -1.4 -11.83 -22.43 -28.35
-27.49 -31.13 -24.54 -18.05 -9.44 2.81 5.96 4.73 1.44 -10.38 -19.2 -31.38
-29.21 -31.03 -32.08 -22.04 -9.54 2.91 6.84 5.61 -1.53 -13.38 -17.55 -23.45
-29.31 -28.93 -30.18 -19.23 -9.04 1.61 5.56 3.39 -2.23 -12.68 -26.43 -30.05
-25.01 -26.03 -31.51 -20.84 -8.54 1.19 4.56 3.01 -1.93 -15.35 -25.53 -27.87
-18.48 -34.05 -32.09 -19.84 -9.84 1.81 5.36 3.81 -2.53 -11.15 -24.58 -30.55
-34.49 -35.86 -26.16 -20.74 -10.19 -0.64 3.4 2.46 -4.31 -15.83 -25.81 -28.9
-34.29 -33.04 -25.41 -19.69 -11.62 0.16 5.01 2.51 -4.08 -13.53 -25.2 -29.5
-35.58 -31.41 -26.83 -21.01 -9.54 -0.54 4.81 2.36 -4.31 -12.96 -25.91 -24.73
-34.26 -28.36 -29.64 -22.66 -9.46 0.86 4.71 2.96 -1.78 -12.08 -20.95 -24.4
-30.54 -31.31 -24.34 -21.29 -11.39 0.56 5.11 3.06 -1.71 -13.03 -22.9 -28.1
-33.61 -32.11 -32.38 -16.99 -10.16 2.06 5.36 3.51 -3.86 -12.83 -23.46 -32.1
-27.24 -27.66 -28.37 -22.92 -12.04 0.86 5.51 4.09 -0.85 -9.78 -18.78 -20
-27.51 -24.31 -29.13 -17.72 -11.59 0.81 5.21 2.46 -3.7 -13.68 -23.58 -28.88
-38.53 -30.61 -30.63 -19.96 -8.75 1.96 4.71 2.46 -0.78 -11.55 -22.23 -30.24
-27.7 -32.06 -28.3 -16.11 -5.39 2.28 5.11 3.76 -2.83 -11.8 -18.13 -28.34
-30.63 -28.39 -29.38 -21.56 -10.12 1.56 5.24 4.46 -1.38 -9.78 -22.6 -29.27
-24.68 -28.76 -30.33 -19.76 -11.22 0.41 3.81 1.76 -2.23 -14.08 -25.23 -31.07
-28.98 -32.6 -26.54 -19.39 -5.49 2.86 5.11 2.76 -2.2 -11.62 -19.78 -29.79
-31.91 -32.48 -29.43 -25.24 -8.04 1.26 5.01 4.29 -1.16 -10.65 -21.1 -27.88
-30.86 -33.08 -33.2 -15.59 -8.71 0.36 5.11 2.83 -1.78 -14.53 -22.1 -29.67
-34.44 -35.81 -26.11 -20.69 -10.14 -0.59 3.45 2.51 -4.26 -15.78 -25.76 -28.85
-34.24 -32.99 -25.36 -19.64 -11.57 0.21 5.06 2.56 -4.03 -13.48 -25.15 -29.45
-35.53 -31.36 -26.78 -20.96 -9.49 -0.49 4.86 2.41 -4.26 -12.91 -25.86 -24.68
-34.21 -28.31 -29.59 -22.61 -9.41 0.91 4.76 3.01 -1.73 -12.03 -20.9 -24.35
-30.49 -31.26 -24.29 -21.24 -11.34 0.61 5.16 3.11 -1.66 -12.98 -22.85 -28.05
-33.56 -32.06 -32.33 -16.94 -10.11 2.11 5.41 3.56 -3.81 -12.78 -23.41 -32.05
-27.19 -27.61 -28.32 -22.87 -11.99 0.91 5.56 4.14 -0.8 -9.73 -18.73 -19.95
-27.46 -24.26 -29.08 -17.67 -11.54 0.86 5.26 2.51 -3.65 -13.63 -23.53 -28.83
-38.48 -30.56 -30.58 -19.91 -8.7 2.01 4.76 2.51 -0.73 -11.5 -22.18 -30.19
-27.65 -32.01 -28.25 -16.06 -5.34 2.33 5.16 3.81 -2.78 -11.75 -18.08 -28.29
-30.58 -28.34 -29.33 -21.51 -10.07 1.61 5.29 4.51 -1.33 -9.73 -22.55 -29.22
-24.63 -28.71 -30.28 -19.71 -11.17 0.46 3.86 1.81 -2.18 -14.03 -25.18 -31.02
-28.93 -32.55 -26.49 -19.34 -5.44 2.91 5.16 2.81 -2.15 -11.57 -19.73 -29.74
-31.86 -32.43 -29.38 -25.19 -7.99 1.31 5.06 4.34 -1.11 -10.6 -21.05 -27.83
-30.81 -33.03 -33.15 -15.54 -8.66 0.41 5.16 2.88 -1.73 -14.48 -22.05 -29.62
-30.14 -35.55 -33.95 -23.16 -9.26 0.21 4.69 2.64 -2.73 -12.66 -21.13 -30.75
-31.9 -26.53 -29.88 -19.04 -8.79 0.61 3.29 3.21 -2.35 -12.68 -22.65 -31.95
-33.03 -29.05 -28.78 -16.22 -8.16 1.58 3.86 3.11 -3.23 -15.78 -26.1 -30.4
-28.54 -30.83 -25.46 -22.74 -11.44 -0.89 3.89 2.31 -2.83 -12.68 -24.56 -26.05
-19.31 -26.76 -29.96 -22.62 -12.84 -0.79 4.16 3.71 -3.4 -11.71 -20.05 -28.96
-30.61 -32.86 -27.26 -21.04 -7.84 1.41 4.46 2.41 -1.71 -9.88 -22.21 -26.45
-28.21 -34.33 -28.28 -21.15 -10.14 -0.56 5.24 3.98 -0.73 -9.88 -20.63 -28.65
-29.58 -33.83 -31.98 -20.92 -8.54 3.11 6.16 3.91 -1.23 -10.65 -19.83 -32.75
-26.11 -31.13 -28.18 -14.71 -6.01 1.88 5.36 2.41 -2.53 -13.08 -22.73 -32.9
-30.01 -33.01 -28.88 -22.04 -10.04 0.11 4.18 3.81 -2.63 -17.48 -24.83 -23.16
-24.91 -30.93 -30.26 -19.94 -7.81 0.91 6.26 1.61 -2.73 -13.41 -27.95 -28.02
-23.49 -29.86 -30.48 -17.71 -7.64 2.11 5.76 2.71 -2.33 -11.98 -22.63 -33.63
-31.8 -29.33 -25.21 -21.06 -11.62 2.21 5.16 3.71 -2.63 -14.68 -25.83 -25.75
-22.34 -27.54 -32.9 -21.34 -6.14 1.41 5.33 3.71 -1.03 -11.18 -19.2 -31.25
-30.41 -28.83 -21.68 -22.72 -8.91 1.11 6.26 3.41 -1.55 -11.17 -23.93 -24.33
-26.81 -29.21 -31.83 -24.07 -13.16 -0.27 5.48 3.23 -2.31 -12.16 -28.23 -36.94
-37.2 -22.17 -24.39 -18.52 -5.93 1.13 4.31 2.93 -2.88 -12.86 -24.9 -28.61
-36.11 -28.71 -26.19 -22.64 -8.8 0.75 5.08 4.82 -2.71 -13.38 -28.1 -32.97
-38 -35.34 -25.29 -24.86 -9.61 0.03 5.46 2.66 -2.28 -12.96 -22.61 -28.13
-35.1 -34.76 -32.43 -22.35 -8.82 1.83 5.2 3.73 -2.09 -13.06 -23.33 -28.93
-28.68 -31.21 -27.97 -21.12 -8.14 1.7 5.61 4.31 -2.09 -13.03 -21.91 -28.23
-27.49 -28.62 -28.66 -20.42 -10.72 1.25 4.98 3.46 -1.84 -12.56 -23.7 -27.43
-28.91 -29.5 -28.09 -20.74 -8.01 1.93 5.78 4.53 -1.54 -12.23 -23.21 -31.03
-31.28 -30.62 -28.49 -25.35 -8.32 1.23 5.3 3.65 -1.81 -13.34 -22.21 -27.54
-29.41 -31.27 -28.07 -20.44 -7.9 2.21 5.79 4.08 -1.48 -11.91 -22.51 -28.43
-27.57 -31.21 -24.62 -18.13 -9.52 2.73 5.88 4.65 1.36 -10.46 -19.28 -31.46
-29.29 -31.11 -32.16 -22.12 -9.62 2.83 6.76 5.53 -1.61 -13.46 -17.63 -23.53
-29.39 -29.01 -30.26 -19.31 -9.12 1.53 5.48 3.31 -2.31 -12.76 -26.51 -30.13
-25.09 -26.11 -31.59 -20.92 -8.62 1.11 4.48 2.93 -2.01 -15.43 -25.61 -27.95
-18.56 -34.13 -32.17 -19.92 -9.92 1.73 5.28 3.73 -2.61 -11.23 -24.66 -30.63
-26.74 -29.14 -31.76 -24 -13.09 -0.2 5.55 3.3 -2.24 -12.09 -28.16 -36.87
-37.13 -22.1 -24.32 -18.45 -5.86 1.2 4.38 3 -2.81 -12.79 -24.83 -28.54
-36.04 -28.64 -26.12 -22.57 -8.73 0.82 5.15 4.89 -2.64 -13.31 -28.03 -32.9
-37.93 -35.27 -25.22 -24.79 -9.54 0.1 5.53 2.73 -2.21 -12.89 -22.54 -28.06
-35.03 -34.69 -32.36 -22.28 -8.75 1.9 5.27 3.8 -2.02 -12.99 -23.26 -28.86
-28.61 -31.14 -27.9 -21.05 -8.07 1.77 5.68 4.38 -2.02 -12.96 -21.84 -28.16
-27.42 -28.55 -28.59 -20.35 -10.65 1.32 5.05 3.53 -1.77 -12.49 -23.63 -27.36
-28.84 -29.43 -28.02 -20.67 -7.94 2 5.85 4.6 -1.47 -12.16 -23.14 -30.96
-31.21 -30.55 -28.42 -25.28 -8.25 1.3 5.37 3.72 -1.74 -13.27 -22.14 -27.47
-29.34 -31.2 -28 -20.37 -7.83 2.28 5.86 4.15 -1.41 -11.84 -22.44 -28.36
-27.5 -31.14 -24.55 -18.06 -9.45 2.8 5.95 4.72 1.43 -10.39 -19.21 -31.39
-29.22 -31.04 -32.09 -22.05 -9.55 2.9 6.83 5.6 -1.54 -13.39 -17.56 -23.46
-29.32 -28.94 -30.19 -19.24 -9.05 1.6 5.55 3.38 -2.24 -12.69 -26.44 -30.06
-25.02 -26.04 -31.52 -20.85 -8.55 1.18 4.55 3 -1.94 -15.36 -25.54 -27.88
-18.49 -34.06 -32.1 -19.85 -9.85 1.8 5.35 3.8 -2.54 -11.16 -24.59 -30.56
-34.32 -35.69 -25.99 -20.57 -10.02 -0.47 3.57 2.63 -4.14 -15.66 -25.64 -28.73
-34.12 -32.87 -25.24 -19.52 -11.45 0.33 5.18 2.68 -3.91 -13.36 -25.03 -29.33
-35.41 -31.24 -26.66 -20.84 -9.37 -0.37 4.98 2.53 -4.14 -12.79 -25.74 -24.56
-34.09 -28.19 -29.47 -22.49 -9.29 1.03 4.88 3.13 -1.61 -11.91 -20.78 -24.23
-30.37 -31.14 -24.17 -21.12 -11.22 0.73 5.28 3.23 -1.54 -12.86 -22.73 -27.93
-33.44 -31.94 -32.21 -16.82 -9.99 2.23 5.53 3.68 -3.69 -12.66 -23.29 -31.93
-27.07 -27.49 -28.2 -22.75 -11.87 1.03 5.68 4.26 -0.68 -9.61 -18.61 -19.83
-27.34 -24.14 -28.96 -17.55 -11.42 0.98 5.38 2.63 -3.53 -13.51 -23.41 -28.71
-38.36 -30.44 -30.46 -19.79 -8.58 2.13 4.88 2.63 -0.61 -11.38 -22.06 -30.07
-27.53 -31.89 -28.13 -15.94 -5.22 2.45 5.28 3.93 -2.66 -11.63 -17.96 -28.17
-30.46 -28.22 -29.21 -21.39 -9.95 1.73 5.41 4.63 -1.21 -9.61 -22.43 -29.1
-24.51 -28.59 -30.16 -19.59 -11.05 0.58 3.98 1.93 -2.06 -13.91 -25.06 -30.9
-28.81 -32.43 -26.37 -19.22 -5.32 3.03 5.28 2.93 -2.03 -11.45 -19.61 -29.62
-31.74 -32.31 -29.26 -25.07 -7.87 1.43 5.18 4.46 -0.99 -10.48 -20.93 -27.71
-30.69 -32.91 -33.03 -15.42 -8.54 0.53 5.28 3 -1.61 -14.36 -21.93 -29.5
-27.29 -32.91 -34.48 -22.1 -5.62 1.13 5.48 2.03 -2.91 -12.66 -22.38 -31.58
-24.99 -24.22 -24.26 -18.02 -8.74 1.13 5.46 3.71 -4.61 -14.46 -21.91 -26.63
-23.52 -28.71 -30.66 -19.72 -9.62 0.13 4.98 1.3 -3.11 -15.74 -22.61 -26.03
-36.49 -36.11 -31.59 -22.62 -9.42 3.4 5.28 3.56 -2.98 -12.85 -23.11 -27.23
-30.26 -35.39 -28.49 -21.02 -10.97 -0.32 2.98 1.91 -5.21 -17.18 -19.81 -32.56
-28.29 -31.84 -30.16 -24.32 -9.9 2.03 4.88 2.73 -2.31 -15.46 -18.51 -27.53
-29.17 -31.84 -21.99 -20.32 -4.52 2.63 5.76 2.23 -1.71 -11.16 -25.51 -25.33
-24.49 -32.83 -26.76 -24.12 -8.32 1.5 5.81 5.26 -1.98 -13.63 -22.71 -31.63
-21.19 -33.41 -31.56 -20.42 -6.22 1.53 5.87 3.3 -0.51 -13.78 -30.31 -28.7
-29.36 -29.04 -29.36 -22.42 -6.62 3.13 3.48 2.53 -0.86 -14.69 -22.34 -26.3
-27.59 -34.06 -29.83 -21.79 -10.22 0.96 5.68 3.43 -1.68 -13.66 -22.61 -28.63
-29.12 -27.08 -30.33 -21.49 -8.19 -0.37 6.28 4.33 -1.01 -13.29 -25.89 -25.63
-32.17 -30.21 -33.13 -20.82 -11.17 1.26 5.18 2.43 -2.51 -13.46 -20.09 -29.4
-30.29 -33.83 -27.26 -22.59 -9.32 1.83 6.68 5.63 -0.21 -9.06 -22.91 -35.05
-33.29 -28.21 -27.81 -22.3 -9.82 0.03 4.65 4.5 -3.21 -14.69 -23.53 -33.33
-27.08 -32.7 -34.27 -21.89 -5.41 1.34 5.69 2.24 -2.7 -12.45 -22.17 -31.37
-24.78 -24.01 -24.05 -17.81 -8.53 1.34 5.67 3.92 -4.4 -14.25 -21.7 -26.42
-23.31 -28.5 -30.45 -19.51 -9.41 0.34 5.19 1.51 -2.9 -15.53 -22.4 -25.82
-36.28 -35.9 -31.38 -22.41 -9.21 3.61 5.49 3.77 -2.77 -12.64 -22.9 -27.02
-30.05 -35.18 -28.28 -20.81 -10.76 -0.11 3.19 2.12 -5 -16.97 -19.6 -32.35
-28.08 -31.63 -29.95 -24.11 -9.69 2.24 5.09 2.94 -2.1 -15.25 -18.3 -27.32
-28.96 -31.63 -21.78 -20.11 -4.31 2.84 5.97 2.44 -1.5 -10.95 -25.3 -25.12
-24.28 -32.62 -26.55 -23.91 -8.11 1.71 6.02 5.47 -1.77 -13.42 -22.5 -31.42
-20.98 -33.2 -31.35 -20.21 -6.01 1.74 6.08 3.51 -0.3 -13.57 -30.1 -28.49
-29.15 -28.83 -29.15 -22.21 -6.41 3.34 3.69 2.74 -0.65 -14.48 -22.13 -26.09
-27.38 -33.85 -29.62 -21.58 -10.01 1.17 5.89 3.64 -1.47 -13.45 -22.4 -28.42
-28.91 -26.87 -30.12 -21.28 -7.98 -0.16 6.49 4.54 -0.8 -13.08 -25.68 -25.42
-31.96 -30 -32.92 -20.61 -10.96 1.47 5.39 2.64 -2.3 -13.25 -19.88 -29.19
-30.08 -33.62 -27.05 -22.38 -9.11 2.04 6.89 5.84 0 -8.85 -22.7 -34.84
-33.08 -28 -27.6 -22.09 -9.61 0.24 4.86 4.71 -3 -14.48 -23.32 -33.12
-26.79 -29.19 -31.81 -24.05 -13.14 -0.25 5.5 3.25 -2.29 -12.14 -28.21 -36.92
-37.18 -22.15 -24.37 -18.5 -5.91 1.15 4.33 2.95 -2.86 -12.84 -24.88 -28.59
-36.09 -28.69 -26.17 -22.62 -8.78 0.77 5.1 4.84 -2.69 -13.36 -28.08 -32.95
-37.98 -35.32 -25.27 -24.84 -9.59 0.05 5.48 2.68 -2.26 -12.94 -22.59 -28.11
-35.08 -34.74 -32.41 -22.33 -8.8 1.85 5.22 3.75 -2.07 -13.04 -23.31 -28.91
-28.66 -31.19 -27.95 -21.1 -8.12 1.72 5.63 4.33 -2.07 -13.01 -21.89 -28.21
-27.47 -28.6 -28.64 -20.4 -10.7 1.27 5 3.48 -1.82 -12.54 -23.68 -27.41
-28.89 -29.48 -28.07 -20.72 -7.99 1.95 5.8 4.55 -1.52 -12.21 -23.19 -31.01
-31.26 -30.6 -28.47 -25.33 -8.3 1.25 5.32 3.67 -1.79 -13.32 -22.19 -27.52
-29.39 -31.25 -28.05 -20.42 -7.88 2.23 5.81 4.1 -1.46 -11.89 -22.49 -28.41
-27.55 -31.19 -24.6 -18.11 -9.5 2.75 5.9 4.67 1.38 -10.44 -19.26 -31.44
-29.27 -31.09 -32.14 -22.1 -9.6 2.85 6.78 5.55 -1.59 -13.44 -17.61 -23.51
-29.37 -28.99 -30.24 -19.29 -9.1 1.55 5.5 3.33 -2.29 -12.74 -26.49 -30.11
-25.07 -26.09 -31.57 -20.9 -8.6 1.13 4.5 2.95 -1.99 -15.41 -25.59 -27.93
-18.54 -34.11 -32.15 -19.9 -9.9 1.75 5.3 3.75 -2.59 -11.21 -24.64 -30.61
-27.03 -32.65 -34.22 -21.84 -5.36 1.39 5.74 2.29 -2.65 -12.4 -22.12 -31.32
-24.73 -23.96 -24 -17.76 -8.48 1.39 5.72 3.97 -4.35 -14.2 -21.65 -26.37
-23.26 -28.45 -30.4 -19.46 -9.36 0.39 5.24 1.56 -2.85 -15.48 -22.35 -25.77
-36.23 -35.85 -31.33 -22.36 -9.16 3.66 5.54 3.82 -2.72 -12.59 -22.85 -26.97
-30 -35.13 -28.23 -20.76 -10.71 -0.06 3.24 2.17 -4.95 -16.92 -19.55 -32.3
-28.03 -31.58 -29.9 -24.06 -9.64 2.29 5.14 2.99 -2.05 -15.2 -18.25 -27.27
-28.91 -31.58 -21.73 -20.06 -4.26 2.89 6.02 2.49 -1.45 -10.9 -25.25 -25.07
-24.23 -32.57 -26.5 -23.86 -8.06 1.76 6.07 5.52 -1.72 -13.37 -22.45 -31.37
-20.93 -33.15 -31.3 -20.16 -5.96 1.79 6.13 3.56 -0.25 -13.52 -30.05 -28.44
-29.1 -28.78 -29.1 -22.16 -6.36 3.39 3.74 2.79 -0.6 -14.43 -22.08 -26.04
-27.33 -33.8 -29.57 -21.53 -9.96 1.22 5.94 3.69 -1.42 -13.4 -22.35 -28.37
-28.86 -26.82 -30.07 -21.23 -7.93 -0.11 6.54 4.59 -0.75 -13.03 -25.63 -25.37
-31.91 -29.95 -32.87 -20.56 -10.91 1.52 5.44 2.69 -2.25 -13.2 -19.83 -29.14
-30.03 -33.57 -27 -22.33 -9.06 2.09 6.94 5.89 0.05 -8.8 -22.65 -34.79
-33.03 -27.95 -27.55 -22.04 -9.56 0.29 4.91 4.76 -2.95 -14.43 -23.27 -33.07
-28.8 -36.45 -29.72 -26.28 -10.04 1.24 4.79 3.69 -1.5 -15.58 -26.1 -32.85
-26.58 -33.5 -35.53 -21.31 -9.01 1.64 6.29 5.95 -0.1 -12.84 -25 -26.82
-22.51 -33.91 -27.25 -20.39 -8.11 0.34 5.49 4.14 -1.9 -11.85 -20.3 -31.4
-22.78 -26.43 -27.65 -22.53 -8.91 1.44 5.09 2.76 -3 -12.93 -25.7 -31.42
-28.3 -29.3 -27.68 -22.81 -8.74 1.44 4.89 3.44 -1.5 -14.05 -28.39 -27.92
-28.88 -30.17 -26.48 -18.34 -6.31 2.34 4.69 2.94 -2.8 -11.85 -23.3 -29.82
-27.16 -23.88 -26.55 -22.21 -12.04 -0.23 4.29 3.54 -2.2 -12.56 -25.3 -26.4
-29.88 -31.8 -27.65 -20.93 -8.24 0.32 5.68 3.14 -2.91 -16.28 -27.7 -20.42
-28.45 -38.32 -28.88 -23.56 -9.01 2.34 5.12 2.74 -1 -9.55 -20.27 -29.75
-26.88 -28.57 -34.02 -26.21 -10.51 -0.03 6.29 3.32 -3.4 -15.96 -18.15 -24.75
-32.68 -26.78 -29.98 -19.61 -7.51 2.04 4.79 1.94 -3.8 -14.35 -19.1 -26.02
-29.1 -35.7 -27.35 -22.74 -8.01 0.54 5.29 4.24 -4.2 -12.35 -26.12 -34.3
-25.28 -30.6 -31.72 -20.01 -9.01 1.04 6.09 2.31 -2.12 -12.15 -26.47 -29.39
-36.55 -21.42 -25.53 -20.03 -8.74 2.04 4.99 3.74 -0.38 -11.05 -25.17 -27.09
-31.75 -38.27 -27.03 -16.01 -5.48 2.44 5.69 5.04 -2.1 -12.85 -22.2 -29.85
-27.21 -32.83 -34.4 -22.02 -5.54 1.21 5.56 2.11 -2.83 -12.58 -22.3 -31.5
-24.91 -24.14 -24.18 -17.94 -8.66 1.21 5.54 3.79 -4.53 -14.38 -21.83 -26.55
-23.44 -28.63 -30.58 -19.64 -9.54 0.21 5.06 1.38 -3.03 -15.66 -22.53 -25.95
-36.41 -36.03 -31.51 -22.54 -9.34 3.48 5.36 3.64 -2.9 -12.77 -23.03 -27.15
-30.18 -35.31 -28.41 -20.94 -10.89 -0.24 3.06 1.99 -5.13 -17.1 -19.73 -32.48
-28.21 -31.76 -30.08 -24.24 -9.82 2.11 4.96 2.81 -2.23 -15.38 -18.43 -27.45
-29.09 -31.76 -21.91 -20.24 -4.44 2.71 5.84 2.31 -1.63 -11.08 -25.43 -25.25
-24.41 -32.75 -26.68 -24.04 -8.24 1.58 5.89 5.34 -1.9 -13.55 -22.63 -31.55
-21.11 -33.33 -31.48 -20.34 -6.14 1.61 5.95 3.38 -0.43 -13.7 -30.23 -28.62
-29.28 -28.96 -29.28 -22.34 -6.54 3.21 3.56 2.61 -0.78 -14.61 -22.26 -26.22
-27.51 -33.98 -29.75 -21.71 -10.14 1.04 5.76 3.51 -1.6 -13.58 -22.53 -28.55
-29.04 -27 -30.25 -21.41 -8.11 -0.29 6.36 4.41 -0.93 -13.21 -25.81 -25.55
-32.09 -30.13 -33.05 -20.74 -11.09 1.34 5.26 2.51 -2.43 -13.38 -20.01 -29.32
-30.21 -33.75 -27.18 -22.51 -9.24 1.91 6.76 5.71 -0.13 -8.98 -22.83 -34.97
-33.21 -28.13 -27.73 -22.22 -9.74 0.11 4.73 4.58 -3.13 -14.61 -23.45 -33.25
-34.47 -35.84 -26.14 -20.72 -10.17 -0.62 3.42 2.48 -4.29 -15.81 -25.79 -28.88
-34.27 -33.02 -25.39 -19.67 -11.6 0.18 5.03 2.53 -4.06 -13.51 -25.18 -29.48
-35.56 -31.39 -26.81 -20.99 -9.52 -0.52 4.83 2.38 -4.29 -12.94 -25.89 -24.71
-34.24 -28.34 -29.62 -22.64 -9.44 0.88 4.73 2.98 -1.76 -12.06 -20.93 -24.38
-30.52 -31.29 -24.32 -21.27 -11.37 0.58 5.13 3.08 -1.69 -13.01 -22.88 -28.08
-33.59 -32.09 -32.36 -16.97 -10.14 2.08 5.38 3.53 -3.84 -12.81 -23.44 -32.08
-27.22 -27.64 -28.35 -22.9 -12.02 0.88 5.53 4.11 -0.83 -9.76 -18.76 -19.98
-27.49 -24.29 -29.11 -17.7 -11.57 0.83 5.23 2.48 -3.68 -13.66 -23.56 -28.86
-38.51 -30.59 -30.61 -19.94 -8.73 1.98 4.73 2.48 -0.76 -11.53 -22.21 -30.22
-27.68 -32.04 -28.28 -16.09 -5.37 2.3 5.13 3.78 -2.81 -11.78 -18.11 -28.32
-30.61 -28.37 -29.36 -21.54 -10.1 1.58 5.26 4.48 -1.36 -9.76 -22.58 -29.25
-24.66 -28.74 -30.31 -19.74 -11.2 0.43 3.83 1.78 -2.21 -14.06 -25.21 -31.05
-28.96 -32.58 -26.52 -19.37 -5.47 2.88 5.13 2.78 -2.18 -11.6 -19.76 -29.77
-31.89 -32.46 -29.41 -25.22 -8.02 1.28 5.03 4.31 -1.14 -10.63 -21.08 -27.86
-30.84 -33.06 -33.18 -15.57 -8.69 0.38 5.13 2.85 -1.76 -14.51 -22.08 -29.65
-28.72 -36.37 -29.64 -26.2 -9.96 1.32 4.87 3.77 -1.42 -15.5 -26.02 -32.77
-26.5 -33.42 -35.45 -21.23 -8.93 1.72 6.37 6.03 -0.02 -12.76 -24.92 -26.74
-22.43 -33.83 -27.17 -20.31 -8.03 0.42 5.57 4.22 -1.82 -11.77 -20.22 -31.32
-22.7 -26.35 -27.57 -22.45 -8.83 1.52 5.17 2.84 -2.92 -12.85 -25.62 -31.34
-28.22 -29.22 -27.6 -22.73 -8.66 1.52 4.97 3.52 -1.42 -13.97 -28.31 -27.84
-28.8 -30.09 -26.4 -18.26 -6.23 2.42 4.77 3.02 -2.72 -11.77 -23.22 -29.74
-27.08 -23.8 -26.47 -22.13 -11.96 -0.15 4.37 3.62 -2.12 -12.48 -25.22 -26.32
-29.8 -31.72 -27.57 -20.85 -8.16 0.4 5.76 3.22 -2.83 -16.2 -27.62 -20.34
-28.37 -38.24 -28.8 -23.48 -8.93 2.42 5.2 2.82 -0.92 -9.47 -20.19 -29.67
-26.8 -28.49 -33.94 -26.13 -10.43 0.05 6.37 3.4 -3.32 -15.88 -18.07 -24.67
-32.6 -26.7 -29.9 -19.53 -7.43 2.12 4.87 2.02 -3.72 -14.27 -19.02 -25.94
-29.02 -35.62 -27.27 -22.66 -7.93 0.62 5.37 4.32 -4.12 -12.27 -26.04 -34.22
-25.2 -30.52 -31.64 -19.93 -8.93 1.12 6.17 2.39 -2.04 -12.07 -26.39 -29.31
-36.47 -21.34 -25.45 -19.95 -8.66 2.12 5.07 3.82 -0.3 -10.97 -25.09 -27.01
-31.67 -38.19 -26.95 -15.93 -5.4 2.52 5.77 5.12 -2.02 -12.77 -22.12 -29.77
-37.08 -32.36 -33.65 -16.6 -8.75 2.18 5.93 3.38 -1.36 -10.84 -19.59 -22.61
-32.78 -38.2 -30.68 -21.27 -8.77 1.01 6.93 2.98 -3.43 -15.68 -21.69 -29.58
-38.67 -35.1 -27.21 -21.27 -10.25 -0.32 5.43 3.58 -0.76 -9.14 -18.99 -29.95
-34.88 -21.35 -21.57 -22.27 -8.87 -0.69 6.13 2.61 -2.46 -13.08 -21.49 -27.88
-27.22 -30.66 -25.44 -19.57 -13.11 0.01 4.06 3.21 -1.96 -12.21 -27.03 -31.45
-34.75 -33.83 -26.44 -18.87 -12.93 -0.12 2.71 4.18 -0.06 -10.79 -22.48 -21.94
-27.34 -34.65 -29.13 -22.94 -7.77 0.88 4.86 3.08 -2.66 -12.21 -26.53 -33.92
-33.86 -26.27 -28.91 -27.68 -9.36 1.78 6.4 3.18 -2.38 -10.76 -25.63 -25.61
-25.06 -28.66 -33.8 -18.28 -10.44 -0.49 5.56 4.68 -1.06 -10.82 -19.39 -31.25
-38.75 -28.99 -32.08 -23.24 -10.84 -0.79 5.45 3.68 0.53 -12.21 -23.63 -27.61
-28.96 -32.56 -32.88 -21.07 -10.71 2.26 5.83 4.08 -1.04 -11.71 -22.28 -28.73
-26.79 -29.67 -27.09 -19.54 -7.09 2.1 6.33 4.08 -1.46 -12.61 -22.16 -32.97
-34.6 -28.94 -21.97 -19.6 -7.65 1.78 6.03 3.96 -1.79 -12.39 -22.48 -28.18
-28.01 -29.42 -28.21 -20.39 -7.79 2.3 6.13 4.38 -2.04 -11.91 -22.66 -25.78
-34.04 -34.13 -29.31 -21.54 -7.37 1.88 5.43 4.58 -1.81 -12.01 -24.16 -31.85
-28.84 -36.49 -29.76 -26.32 -10.08 1.2 4.75 3.65 -1.54 -15.62 -26.14 -32.89
-26.62 -33.54 -35.57 -21.35 -9.05 1.6 6.25 5.91 -0.14 -12.88 -25.04 -26.86
-22.55 -33.95 -27.29 -20.43 -8.15 0.3 5.45 4.1 -1.94 -11.89 -20.34 -31.44
-22.82 -26.47 -27.69 -22.57 -8.95 1.4 5.05 2.72 -3.04 -12.97 -25.74 -31.46
-28.34 -29.34 -27.72 -22.85 -8.78 1.4 4.85 3.4 -1.54 -14.09 -28.43 -27.96
-28.92 -30.21 -26.52 -18.38 -6.35 2.3 4.65 2.9 -2.84 -11.89 -23.34 -29.86
-27.2 -23.92 -26.59 -22.25 -12.08 -0.27 4.25 3.5 -2.24 -12.6 -25.34 -26.44
-29.92 -31.84 -27.69 -20.97 -8.28 0.28 5.64 3.1 -2.95 -16.32 -27.74 -20.46
-28.49 -38.36 -28.92 -23.6 -9.05 2.3 5.08 2.7 -1.04 -9.59 -20.31 -29.79
-26.92 -28.61 -34.06 -26.25 -10.55 -0.07 6.25 3.28 -3.44 -16 -18.19 -24.79
-32.72 -26.82 -30.02 -19.65 -7.55 2 4.75 1.9 -3.84 -14.39 -19.14 -26.06
-29.14 -35.74 -27.39 -22.78 -8.05 0.5 5.25 4.2 -4.24 -12.39 -26.16 -34.34
-25.32 -30.64 -31.76 -20.05 -9.05 1 6.05 2.27 -2.16 -12.19 -26.51 -29.43
-36.59 -21.46 -25.57 -20.07 -8.78 2 4.95 3.7 -0.42 -11.09 -25.21 -27.13
-31.79 -38.31 -27.07 -16.05 -5.52 2.4 5.65 5 -2.14 -12.89 -22.24 -29.89
-34.32 -35.69 -25.99 -20.57 -10.02 -0.47 3.57 2.63 -4.14 -15.66 -25.64 -28.73
-34.12 -32.87 -25.24 -19.52 -11.45 0.33 5.18 2.68 -3.91 -13.36 -25.03 -29.33
-35.41 -31.24 -26.66 -20.84 -9.37 -0.37 4.98 2.53 -4.14 -12.79 -25.74 -24.56
-34.09 -28.19 -29.47 -22.49 -9.29 1.03 4.88 3.13 -1.61 -11.91 -20.78 -24.23
-30.37 -31.14 -24.17 -21.12 -11.22 0.73 5.28 3.23 -1.54 -12.86 -22.73 -27.93
-33.44 -31.94 -32.21 -16.82 -9.99 2.23 5.53 3.68 -3.69 -12.66 -23.29 -31.93
-27.07 -27.49 -28.2 -22.75 -11.87 1.03 5.68 4.26 -0.68 -9.61 -18.61 -19.83
-27.34 -24.14 -28.96 -17.55 -11.42 0.98 5.38 2.63 -3.53 -13.51 -23.41 -28.71
-38.36 -30.44 -30.46 -19.79 -8.58 2.13 4.88 2.63 -0.61 -11.38 -22.06 -30.07
-27.53 -31.89 -28.13 -15.94 -5.22 2.45 5.28 3.93 -2.66 -11.63 -17.96 -28.17
-30.46 -28.22 -29.21 -21.39 -9.95 1.73 5.41 4.63 -1.21 -9.61 -22.43 -29.1
-24.51 -28.59 -30.16 -19.59 -11.05 0.58 3.98 1.93 -2.06 -13.91 -25.06 -30.9
-28.81 -32.43 -26.37 -19.22 -5.32 3.03 5.28 2.93 -2.03 -11.45 -19.61 -29.62
-31.74 -32.31 -29.26 -25.07 -7.87 1.43 5.18 4.46 -0.99 -10.48 -20.93 -27.71
-30.69 -32.91 -33.03 -15.42 -8.54 0.53 5.28 3 -1.61 -14.36 -21.93 -29.5
-26.63 -29.03 -31.65 -23.89 -12.98 -0.09 5.66 3.41 -2.13 -11.98 -28.05 -36.76
-37.02 -21.99 -24.21 -18.34 -5.75 1.31 4.49 3.11 -2.7 -12.68 -24.72 -28.43
-35.93 -28.53 -26.01 -22.46 -8.62 0.93 5.26 5 -2.53 -13.2 -27.92 -32.79
-37.82 -35.16 -25.11 -24.68 -9.43 0.21 5.64 2.84 -2.1 -12.78 -22.43 -27.95
-34.92 -34.58 -32.25 -22.17 -8.64 2.01 5.38 3.91 -1.91 -12.88 -23.15 -28.75
-28.5 -31.03 -27.79 -20.94 -7.96 1.88 5.79 4.49 -1.91 -12.85 -21.73 -28.05
-27.31 -28.44 -28.48 -20.24 -10.54 1.43 5.16 3.64 -1.66 -12.38 -23.52 -27.25
-28.73 -29.32 -27.91 -20.56 -7.83 2.11 5.96 4.71 -1.36 -12.05 -23.03 -30.85
-31.1 -30.44 -28.31 -25.17 -8.14 1.41 5.48 3.83 -1.63 -13.16 -22.03 -27.36
-29.23 -31.09 -27.89 -20.26 -7.72 2.39 5.97 4.26 -1.3 -11.73 -22.33 -28.25
-27.39 -31.03 -24.44 -17.95 -9.34 2.91 6.06 4.83 1.54 -10.28 -19.1 -31.28
-29.11 -30.93 -31.98 -21.94 -9.44 3.01 6.94 5.71 -1.43 -13.28 -17.45 -23.35
-29.21 -28.83 -30.08 -19.13 -8.94 1.71 5.66 3.49 -2.13 -12.58 -26.33 -29.95
-24.91 -25.93 -31.41 -20.74 -8.44 1.29 4.66 3.11 -1.83 -15.25 -25.43 -27.77
-18.38 -33.95 -31.99 -19.74 -9.74 1.91 5.46 3.91 -2.43 -11.05 -24.48 -30.45
-30.17 -35.58 -33.98 -23.19 -9.29 0.18 4.66 2.61 -2.76 -12.69 -21.16 -30.78
-31.93 -26.56 -29.91 -19.07 -8.82 0.58 3.26 3.18 -2.38 -12.71 -22.68 -31.98
-33.06 -29.08 -28.81 -16.25 -8.19 1.55 3.83 3.08 -3.26 -15.81 -26.13 -30.43
-28.57 -30.86 -25.49 -22.77 -11.47 -0.92 3.86 2.28 -2.86 -12.71 -24.59 -26.08
-19.34 -26.79 -29.99 -22.65 -12.87 -0.82 4.13 3.68 -3.43 -11.74 -20.08 -28.99
-30.64 -32.89 -27.29 -21.07 -7.87 1.38 4.43 2.38 -1.74 -9.91 -22.24 -26.48
-28.24 -34.36 -28.31 -21.18 -10.17 -0.59 5.21 3.95 -0.76 -9.91 -20.66 -28.68
-29.61 -33.86 -32.01 -20.95 -8.57 3.08 6.13 3.88 -1.26 -10.68 -19.86 -32.78
-26.14 -31.16 -28.21 -14.74 -6.04 1.85 5.33 2.38 -2.56 -13.11 -22.76 -32.93
-30.04 -33.04 -28.91 -22.07 -10.07 0.08 4.15 3.78 -2.66 -17.51 -24.86 -23.19
-24.94 -30.96 -30.29 -19.97 -7.84 0.88 6.23 1.58 -2.76 -13.44 -27.98 -28.05
-23.52 -29.89 -30.51 -17.74 -7.67 2.08 5.73 2.68 -2.36 -12.01 -22.66 -33.66
-31.83 -29.36 -25.24 -21.09 -11.65 2.18 5.13 3.68 -2.66 -14.71 -25.86 -25.78
-22.37 -27.57 -32.93 -21.37 -6.17 1.38 5.3 3.68 -1.06 -11.21 -19.23 -31.28
-30.44 -28.86 -21.71 -22.75 -8.94 1.08 6.23 3.38 -1.58 -11.2 -23.96 -24.36
-34.22 -35.59 -25.89 -20.47 -9.92 -0.37 3.67 2.73 -4.04 -15.56 -25.54 -28.63
-34.02 -32.77 -25.14 -19.42 -11.35 0.43 5.28 2.78 -3.81 -13.26 -24.93 -29.23
-35.31 -31.14 -26.56 -20.74 -9.27 -0.27 5.08 2.63 -4.04 -12.69 -25.64 -24.46
-33.99 -28.09 -29.37 -22.39 -9.19 1.13 4.98 3.23 -1.51 -11.81 -20.68 -24.13
-30.27 -31.04 -24.07 -21.02 -11.12 0.83 5.38 3.33 -1.44 -12.76 -22.63 -27.83
-33.34 -31.84 -32.11 -16.72 -9.89 2.33 5.63 3.78 -3.59 -12.56 -23.19 -31.83
-26.97 -27.39 -28.1 -22.65 -11.77 1.13 5.78 4.36 -0.58 -9.51 -18.51 -19.73
-27.24 -24.04 -28.86 -17.45 -11.32 1.08 5.48 2.73 -3.43 -13.41 -23.31 -28.61
-38.26 -30.34 -30.36 -19.69 -8.48 2.23 4.98 2.73 -0.51 -11.28 -21.96 -29.97
-27.43 -31.79 -28.03 -15.84 -5.12 2.55 5.38 4.03 -2.56 -11.53 -17.86 -28.07
-30.36 -28.12 -29.11 -21.29 -9.85 1.83 5.51 4.73 -1.11 -9.51 -22.33 -29
-24.41 -28.49 -30.06 -19.49 -10.95 0.68 4.08 2.03 -1.96 -13.81 -24.96 -30.8
-28.71 -32.33 -26.27 -19.12 -5.22 3.13 5.38 3.03 -1.93 -11.35 -19.51 -29.52
-31.64 -32.21 -29.16 -24.97 -7.77 1.53 5.28 4.56 -0.89 -10.38 -20.83 -27.61
-30.59 -32.81 -32.93 -15.32 -8.44 0.63 5.38 3.1 -1.51 -14.26 -21.83 -29.4
-36.97 -32.25 -33.54 -16.49 -8.64 2.29 6.04 3.49 -1.25 -10.73 -19.48 -22.5
-32.67 -38.09 -30.57 -21.16 -8.66 1.12 7.04 3.09 -3.32 -15.57 -21.58 -29.47
-38.56 -34.99 -27.1 -21.16 -10.14 -0.21 5.54 3.69 -0.65 -9.03 -18.88 -29.84
-34.77 -21.24 -21.46 -22.16 -8.76 -0.58 6.24 2.72 -2.35 -12.97 -21.38 -27.77
-27.11 -30.55 -25.33 -19.46 -13 0.12 4.17 3.32 -1.85 -12.1 -26.92 -31.34
-34.64 -33.72 -26.33 -18.76 -12.82 -0.01 2.82 4.29 0.05 -10.68 -22.37 -21.83
-27.23 -34.54 -29.02 -22.83 -7.66 0.99 4.97 3.19 -2.55 -12.1 -26.42 -33.81
-33.75 -26.16 -28.8 -27.57 -9.25 1.89 6.51 3.29 -2.27 -10.65 -25.52 -25.5
-24.95 -28.55 -33.69 -18.17 -10.33 -0.38 5.67 4.79 -0.95 -10.71 -19.28 -31.14
-38.64 -28.88 -31.97 -23.13 -10.73 -0.68 5.56 3.79 0.64 -12.1 -23.52 -27.5
-28.85 -32.45 -32.77 -20.96 -10.6 2.37 5.94 4.19 -0.93 -11.6 -22.17 -28.62
-26.68 -29.56 -26.98 -19.43 -6.98 2.21 6.44 4.19 -1.35 -12.5 -22.05 -32.86
-34.49 -28.83 -21.86 -19.49 -7.54 1.89 6.14 4.07 -1.68 -12.28 -22.37 -28.07
-27.9 -29.31 -28.1 -20.28 -7.68 2.41 6.24 4.49 -1.93 -11.8 -22.55 -25.67
-33.93 -34.02 -29.2 -21.43 -7.26 1.99 5.54 4.69 -1.7 -11.9 -24.05 -31.74
-36.88 -32.16 -33.45 -16.4 -8.55 2.38 6.13 3.58 -1.16 -10.64 -19.39 -22.41
-32.58 -38 -30.48 -21.07 -8.57 1.21 7.13 3.18 -3.23 -15.48 -21.49 -29.38
-38.47 -34.9 -27.01 -21.07 -10.05 -0.12 5.63 3.78 -0.56 -8.94 -18.79 -29.75
-34.68 -21.15 -21.37 -22.07 -8.67 -0.49 6.33 2.81 -2.26 -12.88 -21.29 -27.68
-27.02 -30.46 -25.24 -19.37 -12.91 0.21 4.26 3.41 -1.76 -12.01 -26.83 -31.25
-34.55 -33.63 -26.24 -18.67 -12.73 0.08 2.91 4.38 0.14 -10.59 -22.28 -21.74
-27.14 -34.45 -28.93 -22.74 -7.57 1.08 5.06 3.28 -2.46 -12.01 -26.33 -33.72
-33.66 -26.07 -28.71 -27.48 -9.16 1.98 6.6 3.38 -2.18 -10.56 -25.43 -25.41
-24.86 -28.46 -33.6 -18.08 -10.24 -0.29 5.76 4.88 -0.86 -10.62 -19.19 -31.05
-38.55 -28.79 -31.88 -23.04 -10.64 -0.59 5.65 3.88 0.73 -12.01 -23.43 -27.41
-28.76 -32.36 -32.68 -20.87 -10.51 2.46 6.03 4.28 -0.84 -11.51 -22.08 -28.53
-26.59 -29.47 -26.89 -19.34 -6.89 2.3 6.53 4.28 -1.26 -12.41 -21.96 -32.77
-34.4 -28.74 -21.77 -19.4 -7.45 1.98 6.23 4.16 -1.59 -12.19 -22.28 -27.98
-27.81 -29.22 -28.01 -20.19 -7.59 2.5 6.33 4.58 -1.84 -11.71 -22.46 -25.58
-33.84 -33.93 -29.11 -21.34 -7.17 2.08 5.63 4.78 -1.61 -11.81 -23.96 -31.65
-27.23 -32.85 -34.42 -22.04 -5.56 1.19 5.54 2.09 -2.85 -12.6 -22.32 -31.52
-24.93 -24.16 -24.2 -17.96 -8.68 1.19 5.52 3.77 -4.55 -14.4 -21.85 -26.57
-23.46 -28.65 -30.6 -19.66 -9.56 0.19 5.04 1.36 -3.05 -15.68 -22.55 -25.97
-36.43 -36.05 -31.53 -22.56 -9.36 3.46 5.34 3.62 -2.92 -12.79 -23.05 -27.17
-30.2 -35.33 -28.43 -20.96 -10.91 -0.26 3.04 1.97 -5.15 -17.12 -19.75 -32.5
-28.23 -31.78 -30.1 -24.26 -9.84 2.09 4.94 2.79 -2.25 -15.4 -18.45 -27.47
-29.11 -31.78 -21.93 -20.26 -4.46 2.69 5.82 2.29 -1.65 -11.1 -25.45 -25.27
-24.43 -32.77 -26.7 -24.06 -8.26 1.56 5.87 5.32 -1.92 -13.57 -22.65 -31.57
-21.13 -33.35 -31.5 -20.36 -6.16 1.59 5.93 3.36 -0.45 -13.72 -30.25 -28.64
-29.3 -28.98 -29.3 -22.36 -6.56 3.19 3.54 2.59 -0.8 -14.63 -22.28 -26.24
-27.53 -34 -29.77 -21.73 -10.16 1.02 5.74 3.49 -1.62 -13.6 -22.55 -28.57
-29.06 -27.02 -30.27 -21.43 -8.13 -0.31 6.34 4.39 -0.95 -13.23 -25.83 -25.57
-32.11 -30.15 -33.07 -20.76 -11.11 1.32 5.24 2.49 -2.45 -13.4 -20.03 -29.34
-30.23 -33.77 -27.2 -22.53 -9.26 1.89 6.74 5.69 -0.15 -9 -22.85 -34.99
-33.23 -28.15 -27.75 -22.24 -9.76 0.09 4.71 4.56 -3.15 -14.63 -23.47 -33.27
-34.31 -35.68 -25.98 -20.56 -10.01 -0.46 3.58 2.64 -4.13 -15.65 -25.63 -28.72
-34.11 -32.86 -25.23 -19.51 -11.44 0.34 5.19 2.69 -3.9 -13.35 -25.02 -29.32
-35.4 -31.23 -26.65 -20.83 -9.36 -0.36 4.99 2.54 -4.13 -12.78 -25.73 -24.55
-34.08 -28.18 -29.46 -22.48 -9.28 1.04 4.89 3.14 -1.6 -11.9 -20.77 -24.22
-30.36 -31.13 -24.16 -21.11 -11.21 0.74 5.29 3.24 -1.53 -12.85 -22.72 -27.92
-33.43 -31.93 -32.2 -16.81 -9.98 2.24 5.54 3.69 -3.68 -12.65 -23.28 -31.92
-27.06 -27.48 -28.19 -22.74 -11.86 1.04 5.69 4.27 -0.67 -9.6 -18.6 -19.82
-27.33 -24.13 -28.95 -17.54 -11.41 0.99 5.39 2.64 -3.52 -13.5 -23.4 -28.7
-38.35 -30.43 -30.45 -19.78 -8.57 2.14 4.89 2.64 -0.6 -11.37 -22.05 -30.06
-27.52 -31.88 -28.12 -15.93 -5.21 2.46 5.29 3.94 -2.65 -11.62 -17.95 -28.16
-30.45 -28.21 -29.2 -21.38 -9.94 1.74 5.42 4.64 -1.2 -9.6 -22.42 -29.09
-24.5 -28.58 -30.15 -19.58 -11.04 0.59 3.99 1.94 -2.05 -13.9 -25.05 -30.89
-28.8 -32.42 -26.36 -19.21 -5.31 3.04 5.29 2.94 -2.02 -11.44 -19.6 -29.61
-31.73 -32.3 -29.25 -25.06 -7.86 1.44 5.19 4.47 -0.98 -10.47 -20.92 -27.7
-30.68 -32.9 -33.02 -15.41 -8.53 0.54 5.29 3.01 -1.6 -14.35 -21.92 -29.49
-37.21 -32.49 -33.78 -16.73 -8.88 2.05 5.8 3.25 -1.49 -10.97 -19.72 -22.74
-32.91 -38.33 -30.81 -21.4 -8.9 0.88 6.8 2.85 -3.56 -15.81 -21.82 -29.71
-38.8 -35.23 -27.34 -21.4 -10.38 -0.45 5.3 3.45 -0.89 -9.27 -19.12 -30.08
-35.01 -21.48 -21.7 -22.4 -9 -0.82 6 2.48 -2.59 -13.21 -21.62 -28.01
-27.35 -30.79 -25.57 -19.7 -13.24 -0.12 3.93 3.08 -2.09 -12.34 -27.16 -31.58
-34.88 -33.96 -26.57 -19 -13.06 -0.25 2.58 4.05 -0.19 -10.92 -22.61 -22.07
-27.47 -34.78 -29.26 -23.07 -7.9 0.75 4.73 2.95 -2.79 -12.34 -26.66 -34.05
-33.99 -26.4 -29.04 -27.81 -9.49 1.65 6.27 3.05 -2.51 -10.89 -25.76 -25.74
-25.19 -28.79 -33.93 -18.41 -10.57 -0.62 5.43 4.55 -1.19 -10.95 -19.52 -31.38
-38.88 -29.12 -32.21 -23.37 -10.97 -0.92 5.32 3.55 0.4 -12.34 -23.76 -27.74
-29.09 -32.69 -33.01 -21.2 -10.84 2.13 5.7 3.95 -1.17 -11.84 -22.41 -28.86
-26.92 -29.8 -27.22 -19.67 -7.22 1.97 6.2 3.95 -1.59 -12.74 -22.29 -33.1
-34.73 -29.07 -22.1 -19.73 -7.78 1.65 5.9 3.83 -1.92 -12.52 -22.61 -28.31
-28.14 -29.55 -28.34 -20.52 -7.92 2.17 6 4.25 -2.17 -12.04 -22.79 -25.91
-34.17 -34.26 -29.44 -21.67 -7.5 1.75 5.3 4.45 -1.94 -12.14 -24.29 -31.98
-27.13 -32.75 -34.32 -21.94 -5.46 1.29 5.64 2.19 -2.75 -12.5 -22.22 -31.42
-24.83 -24.06 -24.1 -17.86 -8.58 1.29 5.62 3.87 -4.45 -14.3 -21.75 -26.47
-23.36 -28.55 -30.5 -19.56 -9.46 0.29 5.14 1.46 -2.95 -15.58 -22.45 -25.87
-36.33 -35.95 -31.43 -22.46 -9.26 3.56 5.44 3.72 -2.82 -12.69 -22.95 -27.07
-30.1 -35.23 -28.33 -20.86 -10.81 -0.16 3.14 2.07 -5.05 -17.02 -19.65 -32.4
-28.13 -31.68 -30 -24.16 -9.74 2.19 5.04 2.89 -2.15 -15.3 -18.35 -27.37
-29.01 -31.68 -21.83 -20.16 -4.36 2.79 5.92 2.39 -1.55 -11 -25.35 -25.17
-24.33 -32.67 -26.6 -23.96 -8.16 1.66 5.97 5.42 -1.82 -13.47 -22.55 -31.47
-21.03 -33.25 -31.4 -20.26 -6.06 1.69 6.03 3.46 -0.35 -13.62 -30.15 -28.54
-29.2 -28.88 -29.2 -22.26 -6.46 3.29 3.64 2.69 -0.7 -14.53 -22.18 -26.14
-27.43 -33.9 -29.67 -21.63 -10.06 1.12 5.84 3.59 -1.52 -13.5 -22.45 -28.47
-28.96 -26.92 -30.17 -21.33 -8.03 -0.21 6.44 4.49 -0.85 -13.13 -25.73 -25.47
-32.01 -30.05 -32.97 -20.66 -11.01 1.42 5.34 2.59 -2.35 -13.3 -19.93 -29.24
-30.13 -33.67 -27.1 -22.43 -9.16 1.99 6.84 5.79 -0.05 -8.9 -22.75 -34.89
-33.13 -28.05 -27.65 -22.14 -9.66 0.19 4.81 4.66 -3.05 -14.53 -23.37 -33.17
-34.29 -35.66 -25.96 -20.54 -9.99 -0.44 3.6 2.66 -4.11 -15.63 -25.61 -28.7
-34.09 -32.84 -25.21 -19.49 -11.42 0.36 5.21 2.71 -3.88 -13.33 -25 -29.3
-35.38 -31.21 -26.63 -20.81 -9.34 -0.34 5.01 2.56 -4.11 -12.76 -25.71 -24.53
-34.06 -28.16 -29.44 -22.46 -9.26 1.06 4.91 3.16 -1.58 -11.88 -20.75 -24.2
-30.34 -31.11 -24.14 -21.09 -11.19 0.76 5.31 3.26 -1.51 -12.83 -22.7 -27.9
-33.41 -31.91 -32.18 -16.79 -9.96 2.26 5.56 3.71 -3.66 -12.63 -23.26 -31.9
-27.04 -27.46 -28.17 -22.72 -11.84 1.06 5.71 4.29 -0.65 -9.58 -18.58 -19.8
-27.31 -24.11 -28.93 -17.52 -11.39 1.01 5.41 2.66 -3.5 -13.48 -23.38 -28.68
-38.33 -30.41 -30.43 -19.76 -8.55 2.16 4.91 2.66 -0.58 -11.35 -22.03 -30.04
-27.5 -31.86 -28.1 -15.91 -5.19 2.48 5.31 3.96 -2.63 -11.6 -17.93 -28.14
-30.43 -28.19 -29.18 -21.36 -9.92 1.76 5.44 4.66 -1.18 -9.58 -22.4 -29.07
-24.48 -28.56 -30.13 -19.56 -11.02 0.61 4.01 1.96 -2.03 -13.88 -25.03 -30.87
-28.78 -32.4 -26.34 -19.19 -5.29 3.06 5.31 2.96 -2 -11.42 -19.58 -29.59
-31.71 -32.28 -29.23 -25.04 -7.84 1.46 5.21 4.49 -0.96 -10.45 -20.9 -27.68
-30.66 -32.88 -33 -15.39 -8.51 0.56 5.31 3.03 -1.58 -14.33 -21.9 -29.47
-28.91 -36.56 -29.83 -26.39 -10.15 1.13 4.68 3.58 -1.61 -15.69 -26.21 -32.96
-26.69 -33.61 -35.64 -21.42 -9.12 1.53 6.18 5.84 -0.21 -12.95 -25.11 -26.93
-22.62 -34.02 -27.36 -20.5 -8.22 0.23 5.38 4.03 -2.01 -11.96 -20.41 -31.51
-22.89 -26.54 -27.76 -22.64 -9.02 1.33 4.98 2.65 -3.11 -13.04 -25.81 -31.53
-28.41 -29.41 -27.79 -22.92 -8.85 1.33 4.78 3.33 -1.61 -14.16 -28.5 -28.03
-28.99 -30.28 -26.59 -18.45 -6.42 2.23 4.58 2.83 -2.91 -11.96 -23.41 -29.93
-27.27 -23.99 -26.66 -22.32 -12.15 -0.34 4.18 3.43 -2.31 -12.67 -25.41 -26.51
-29.99 -31.91 -27.76 -21.04 -8.35 0.21 5.57 3.03 -3.02 -16.39 -27.81 -20.53
-28.56 -38.43 -28.99 -23.67 -9.12 2.23 5.01 2.63 -1.11 -9.66 -20.38 -29.86
-26.99 -28.68 -34.13 -26.32 -10.62 -0.14 6.18 3.21 -3.51 -16.07 -18.26 -24.86
-32.79 -26.89 -30.09 -19.72 -7.62 1.93 4.68 1.83 -3.91 -14.46 -19.21 -26.13
-29.21 -35.81 -27.46 -22.85 -8.12 0.43 5.18 4.13 -4.31 -12.46 -26.23 -34.41
-25.39 -30.71 -31.83 -20.12 -9.12 0.93 5.98 2.2 -2.23 -12.26 -26.58 -29.5
-36.66 -21.53 -25.64 -20.14 -8.85 1.93 4.88 3.63 -0.49 -11.16 -25.28 -27.2
-31.86 -38.38 -27.14 -16.12 -5.59 2.33 5.58 4.93 -2.21 -12.96 -22.31 -29.96
-27.18 -32.8 -34.37 -21.99 -5.51 1.24 5.59 2.14 -2.8 -12.55 -22.27 -31.47
-24.88 -24.11 -24.15 -17.91 -8.63 1.24 5.57 3.82 -4.5 -14.35 -21.8 -26.52
-23.41 -28.6 -30.55 -19.61 -9.51 0.24 5.09 1.41 -3 -15.63 -22.5 -25.92
-36.38 -36 -31.48 -22.51 -9.31 3.51 5.39 3.67 -2.87 -12.74 -23 -27.12
-30.15 -35.28 -28.38 -20.91 -10.86 -0.21 3.09 2.02 -5.1 -17.07 -19.7 -32.45
-28.18 -31.73 -30.05 -24.21 -9.79 2.14 4.99 2.84 -2.2 -15.35 -18.4 -27.42
-29.06 -31.73 -21.88 -20.21 -4.41 2.74 5.87 2.34 -1.6 -11.05 -25.4 -25.22
-24.38 -32.72 -26.65 -24.01 -8.21 1.61 5.92 5.37 -1.87 -13.52 -22.6 -31.52
-21.08 -33.3 -31.45 -20.31 -6.11 1.64 5.98 3.41 -0.4 -13.67 -30.2 -28.59
-29.25 -28.93 -29.25 -22.31 -6.51 3.24 3.59 2.64 -0.75 -14.58 -22.23 -26.19
-27.48 -33.95 -29.72 -21.68 -10.11 1.07 5.79 3.54 -1.57 -13.55 -22.5 -28.52
-29.01 -26.97 -30.22 -21.38 -8.08 -0.26 6.39 4.44 -0.9 -13.18 -25.78 -25.52
-32.06 -30.1 -33.02 -20.71 -11.06 1.37 5.29 2.54 -2.4 -13.35 -19.98 -29.29
-30.18 -33.72 -27.15 -22.48 -9.21 1.94 6.79 5.74 -0.1 -8.95 -22.8 -34.94
-33.18 -28.1 -27.7 -22.19 -9.71 0.14 4.76 4.61 -3.1 -14.58 -23.42 -33.22
-27.17 -32.79 -34.36 -21.98 -5.5 1.25 5.6 2.15 -2.79 -12.54 -22.26 -31.46
-24.87 -24.1 -24.14 -17.9 -8.62 1.25 5.58 3.83 -4.49 -14.34 -21.79 -26.51
-23.4 -28.59 -30.54 -19.6 -9.5 0.25 5.1 1.42 -2.99 -15.62 -22.49 -25.91
-36.37 -35.99 -31.47 -22.5 -9.3 3.52 5.4 3.68 -2.86 -12.73 -22.99 -27.11
-30.14 -35.27 -28.37 -20.9 -10.85 -0.2 3.1 2.03 -5.09 -17.06 -19.69 -32.44
-28.17 -31.72 -30.04 -24.2 -9.78 2.15 5 2.85 -2.19 -15.34 -18.39 -27.41
-29.05 -31.72 -21.87 -20.2 -4.4 2.75 5.88 2.35 -1.59 -11.04 -25.39 -25.21
-24.37 -32.71 -26.64 -24 -8.2 1.62 5.93 5.38 -1.86 -13.51 -22.59 -31.51
-21.07 -33.29 -31.44 -20.3 -6.1 1.65 5.99 3.42 -0.39 -13.66 -30.19 -28.58
-29.24 -28.92 -29.24 -22.3 -6.5 3.25 3.6 2.65 -0.74 -14.57 -22.22 -26.18
-27.47 -33.94 -29.71 -21.67 -10.1 1.08 5.8 3.55 -1.56 -13.54 -22.49 -28.51
-29 -26.96 -30.21 -21.37 -8.07 -0.25 6.4 4.45 -0.89 -13.17 -25.77 -25.51
-32.05 -30.09 -33.01 -20.7 -11.05 1.38 5.3 2.55 -2.39 -13.34 -19.97 -29.28
-30.17 -33.71 -27.14 -22.47 -9.2 1.95 6.8 5.75 -0.09 -8.94 -22.79 -34.93
-33.17 -28.09 -27.69 -22.18 -9.7 0.15 4.77 4.62 -3.09 -14.57 -23.41 -33.21
-27.27 -32.89 -34.46 -22.08 -5.6 1.15 5.5 2.05 -2.89 -12.64 -22.36 -31.56
-24.97 -24.2 -24.24 -18 -8.72 1.15 5.48 3.73 -4.59 -14.44 -21.89 -26.61
-23.5 -28.69 -30.64 -19.7 -9.6 0.15 5 1.32 -3.09 -15.72 -22.59 -26.01
-36.47 -36.09 -31.57 -22.6 -9.4 3.42 5.3 3.58 -2.96 -12.83 -23.09 -27.21
-30.24 -35.37 -28.47 -21 -10.95 -0.3 3 1.93 -5.19 -17.16 -19.79 -32.54
-28.27 -31.82 -30.14 -24.3 -9.88 2.05 4.9 2.75 -2.29 -15.44 -18.49 -27.51
-29.15 -31.82 -21.97 -20.3 -4.5 2.65 5.78 2.25 -1.69 -11.14 -25.49 -25.31
-24.47 -32.81 -26.74 -24.1 -8.3 1.52 5.83 5.28 -1.96 -13.61 -22.69 -31.61
-21.17 -33.39 -31.54 -20.4 -6.2 1.55 5.89 3.32 -0.49 -13.76 -30.29 -28.68
-29.34 -29.02 -29.34 -22.4 -6.6 3.15 3.5 2.55 -0.84 -14.67 -22.32 -26.28
-27.57 -34.04 -29.81 -21.77 -10.2 0.98 5.7 3.45 -1.66 -13.64 -22.59 -28.61
-29.1 -27.06 -30.31 -21.47 -8.17 -0.35 6.3 4.35 -0.99 -13.27 -25.87 -25.61
-32.15 -30.19 -33.11 -20.8 -11.15 1.28 5.2 2.45 -2.49 -13.44 -20.07 -29.38
-30.27 -33.81 -27.24 -22.57 -9.3 1.85 6.7 5.65 -0.19 -9.04 -22.89 -35.03
-33.27 -28.19 -27.79 -22.28 -9.8 0.05 4.67 4.52 -3.19 -14.67 -23.51 -33.31
-27.13 -32.75 -34.32 -21.94 -5.46 1.29 5.64 2.19 -2.75 -12.5 -22.22 -31.42
-24.83 -24.06 -24.1 -17.86 -8.58 1.29 5.62 3.87 -4.45 -14.3 -21.75 -26.47
-23.36 -28.55 -30.5 -19.56 -9.46 0.29 5.14 1.46 -2.95 -15.58 -22.45 -25.87
-36.33 -35.95 -31.43 -22.46 -9.26 3.56 5.44 3.72 -2.82 -12.69 -22.95 -27.07
-30.1 -35.23 -28.33 -20.86 -10.81 -0.16 3.14 2.07 -5.05 -17.02 -19.65 -32.4
-28.13 -31.68 -30 -24.16 -9.74 2.19 5.04 2.89 -2.15 -15.3 -18.35 -27.37
-29.01 -31.68 -21.83 -20.16 -4.36 2.79 5.92 2.39 -1.55 -11 -25.35 -25.17
-24.33 -32.67 -26.6 -23.96 -8.16 1.66 5.97 5.42 -1.82 -13.47 -22.55 -31.47
-21.03 -33.25 -31.4 -20.26 -6.06 1.69 6.03 3.46 -0.35 -13.62 -30.15 -28.54
-29.2 -28.88 -29.2 -22.26 -6.46 3.29 3.64 2.69 -0.7 -14.53 -22.18 -26.14
-27.43 -33.9 -29.67 -21.63 -10.06 1.12 5.84 3.59 -1.52 -13.5 -22.45 -28.47
-28.96 -26.92 -30.17 -21.33 -8.03 -0.21 6.44 4.49 -0.85 -13.13 -25.73 -25.47
-32.01 -30.05 -32.97 -20.66 -11.01 1.42 5.34 2.59 -2.35 -13.3 -19.93 -29.24
-30.13 -33.67 -27.1 -22.43 -9.16 1.99 6.84 5.79 -0.05 -8.9 -22.75 -34.89
-33.13 -28.05 -27.65 -22.14 -9.66 0.19 4.81 4.66 -3.05 -14.53 -23.37 -33.17
-26.88 -29.28 -31.9 -24.14 -13.23 -0.34 5.41 3.16 -2.38 -12.23 -28.3 -37.01
-37.27 -22.24 -24.46 -18.59 -6 1.06 4.24 2.86 -2.95 -12.93 -24.97 -28.68
-36.18 -28.78 -26.26 -22.71 -8.87 0.68 5.01 4.75 -2.78 -13.45 -28.17 -33.04
-38.07 -35.41 -25.36 -24.93 -9.68 -0.04 5.39 2.59 -2.35 -13.03 -22.68 -28.2
-35.17 -34.83 -32.5 -22.42 -8.89 1.76 5.13 3.66 -2.16 -13.13 -23.4 -29
-28.75 -31.28 -28.04 -21.19 -8.21 1.63 5.54 4.24 -2.16 -13.1 -21.98 -28.3
-27.56 -28.69 -28.73 -20.49 -10.79 1.18 4.91 3.39 -1.91 -12.63 -23.77 -27.5
-28.98 -29.57 -28.16 -20.81 -8.08 1.86 5.71 4.46 -1.61 -12.3 -23.28 -31.1
-31.35 -30.69 -28.56 -25.42 -8.39 1.16 5.23 3.58 -1.88 -13.41 -22.28 -27.61
-29.48 -31.34 -28.14 -20.51 -7.97 2.14 5.72 4.01 -1.55 -11.98 -22.58 -28.5
-27.64 -31.28 -24.69 -18.2 -9.59 2.66 5.81 4.58 1.29 -10.53 -19.35 -31.53
-29.36 -31.18 -32.23 -22.19 -9.69 2.76 6.69 5.46 -1.68 -13.53 -17.7 -23.6
-29.46 -29.08 -30.33 -19.38 -9.19 1.46 5.41 3.24 -2.38 -12.83 -26.58 -30.2
-25.16 -26.18 -31.66 -20.99 -8.69 1.04 4.41 2.86 -2.08 -15.5 -25.68 -28.02
-18.63 -34.2 -32.24 -19.99 -9.99 1.66 5.21 3.66 -2.68 -11.3 -24.73 -30.7
-37.18 -32.46 -33.75 -16.7 -8.85 2.08 5.83 3.28 -1.46 -10.94 -19.69 -22.71
-32.88 -38.3 -30.78 -21.37 -8.87 0.91 6.83 2.88 -3.53 -15.78 -21.79 -29.68
-38.77 -35.2 -27.31 -21.37 -10.35 -0.42 5.33 3.48 -0.86 -9.24 -19.09 -30.05
-34.98 -21.45 -21.67 -22.37 -8.97 -0.79 6.03 2.51 -2.56 -13.18 -21.59 -27.98
-27.32 -30.76 -25.54 -19.67 -13.21 -0.09 3.96 3.11 -2.06 -12.31 -27.13 -31.55
-34.85 -33.93 -26.54 -18.97 -13.03 -0.22 2.61 4.08 -0.16 -10.89 -22.58 -22.04
-27.44 -34.75 -29.23 -23.04 -7.87 0.78 4.76 2.98 -2.76 -12.31 -26.63 -34.02
-33.96 -26.37 -29.01 -27.78 -9.46 1.68 6.3 3.08 -2.48 -10.86 -25.73 -25.71
-25.16 -28.76 -33.9 -18.38 -10.54 -0.59 5.46 4.58 -1.16 -10.92 -19.49 -31.35
-38.85 -29.09 -32.18 -23.34 -10.94 -0.89 5.35 3.58 0.43 -12.31 -23.73 -27.71
-29.06 -32.66 -32.98 -21.17 -10.81 2.16 5.73 3.98 -1.14 -11.81 -22.38 -28.83
-26.89 -29.77 -27.19 -19.64 -7.19 2 6.23 3.98 -1.56 -12.71 -22.26 -33.07
-34.7 -29.04 -22.07 -19.7 -7.75 1.68 5.93 3.86 -1.89 -12.49 -22.58 -28.28
-28.11 -29.52 -28.31 -20.49 -7.89 2.2 6.03 4.28 -2.14 -12.01 -22.76 -25.88
-34.14 -34.23 -29.41 -21.64 -7.47 1.78 5.33 4.48 -1.91 -12.11 -24.26 -31.95
-30.18 -35.59 -33.99 -23.2 -9.3 0.17 4.65 2.6 -2.77 -12.7 -21.17 -30.79
-31.94 -26.57 -29.92 -19.08 -8.83 0.57 3.25 3.17 -2.39 -12.72 -22.69 -31.99
-33.07 -29.09 -28.82 -16.26 -8.2 1.54 3.82 3.07 -3.27 -15.82 -26.14 -30.44
-28.58 -30.87 -25.5 -22.78 -11.48 -0.93 3.85 2.27 -2.87 -12.72 -24.6 -26.09
-19.35 -26.8 -30 -22.66 -12.88 -0.83 4.12 3.67 -3.44 -11.75 -20.09 -29
-30.65 -32.9 -27.3 -21.08 -7.88 1.37 4.42 2.37 -1.75 -9.92 -22.25 -26.49
-28.25 -34.37 -28.32 -21.19 -10.18 -0.6 5.2 3.94 -0.77 -9.92 -20.67 -28.69
-29.62 -33.87 -32.02 -20.96 -8.58 3.07 6.12 3.87 -1.27 -10.69 -19.87 -32.79
-26.15 -31.17 -28.22 -14.75 -6.05 1.84 5.32 2.37 -2.57 -13.12 -22.77 -32.94
-30.05 -33.05 -28.92 -22.08 -10.08 0.07 4.14 3.77 -2.67 -17.52 -24.87 -23.2
-24.95 -30.97 -30.3 -19.98 -7.85 0.87 6.22 1.57 -2.77 -13.45 -27.99 -28.06
-23.53 -29.9 -30.52 -17.75 -7.68 2.07 5.72 2.67 -2.37 -12.02 -22.67 -33.67
-31.84 -29.37 -25.25 -21.1 -11.66 2.17 5.12 3.67 -2.67 -14.72 -25.87 -25.79
-22.38 -27.58 -32.94 -21.38 -6.18 1.37 5.29 3.67 -1.07 -11.22 -19.24 -31.29
-30.45 -28.87 -21.72 -22.76 -8.95 1.07 6.22 3.37 -1.59 -11.21 -23.97 -24.37
-36.85 -32.13 -33.42 -16.37 -8.52 2.41 6.16 3.61 -1.13 -10.61 -19.36 -22.38
-32.55 -37.97 -30.45 -21.04 -8.54 1.24 7.16 3.21 -3.2 -15.45 -21.46 -29.35
-38.44 -34.87 -26.98 -21.04 -10.02 -0.09 5.66 3.81 -0.53 -8.91 -18.76 -29.72
-34.65 -21.12 -21.34 -22.04 -8.64 -0.46 6.36 2.84 -2.23 -12.85 -21.26 -27.65
-26.99 -30.43 -25.21 -19.34 -12.88 0.24 4.29 3.44 -1.73 -11.98 -26.8 -31.22
-34.52 -33.6 -26.21 -18.64 -12.7 0.11 2.94 4.41 0.17 -10.56 -22.25 -21.71
-27.11 -34.42 -28.9 -22.71 -7.54 1.11 5.09 3.31 -2.43 -11.98 -26.3 -33.69
-33.63 -26.04 -28.68 -27.45 -9.13 2.01 6.63 3.41 -2.15 -10.53 -25.4 -25.38
-24.83 -28.43 -33.57 -18.05 -10.21 -0.26 5.79 4.91 -0.83 -10.59 -19.16 -31.02
-38.52 -28.76 -31.85 -23.01 -10.61 -0.56 5.68 3.91 0.76 -11.98 -23.4 -27.38
-28.73 -32.33 -32.65 -20.84 -10.48 2.49 6.06 4.31 -0.81 -11.48 -22.05 -28.5
-26.56 -29.44 -26.86 -19.31 -6.86 2.33 6.56 4.31 -1.23 -12.38 -21.93 -32.74
-34.37 -28.71 -21.74 -19.37 -7.42 2.01 6.26 4.19 -1.56 -12.16 -22.25 -27.95
-27.78 -29.19 -27.98 -20.16 -7.56 2.53 6.36 4.61 -1.81 -11.68 -22.43 -25.55
-33.81 -33.9 -29.08 -21.31 -7.14 2.11 5.66 4.81 -1.58 -11.78 -23.93 -31.62
-29.01 -36.66 -29.93 -26.49 -10.25 1.03 4.58 3.48 -1.71 -15.79 -26.31 -33.06
-26.79 -33.71 -35.74 -21.52 -9.22 1.43 6.08 5.74 -0.31 -13.05 -25.21 -27.03
-22.72 -34.12 -27.46 -20.6 -8.32 0.13 5.28 3.93 -2.11 -12.06 -20.51 -31.61
-22.99 -26.64 -27.86 -22.74 -9.12 1.23 4.88 2.55 -3.21 -13.14 -25.91 -31.63
-28.51 -29.51 -27.89 -23.02 -8.95 1.23 4.68 3.23 -1.71 -14.26 -28.6 -28.13
-29.09 -30.38 -26.69 -18.55 -6.52 2.13 4.48 2.73 -3.01 -12.06 -23.51 -30.03
-27.37 -24.09 -26.76 -22.42 -12.25 -0.44 4.08 3.33 -2.41 -12.77 -25.51 -26.61
-30.09 -32.01 -27.86 -21.14 -8.45 0.11 5.47 2.93 -3.12 -16.49 -27.91 -20.63
-28.66 -38.53 -29.09 -23.77 -9.22 2.13 4.91 2.53 -1.21 -9.76 -20.48 -29.96
-27.09 -28.78 -34.23 -26.42 -10.72 -0.24 6.08 3.11 -3.61 -16.17 -18.36 -24.96
-32.89 -26.99 -30.19 -19.82 -7.72 1.83 4.58 1.73 -4.01 -14.56 -19.31 -26.23
-29.31 -35.91 -27.56 -22.95 -8.22 0.33 5.08 4.03 -4.41 -12.56 -26.33 -34.51
-25.49 -30.81 -31.93 -20.22 -9.22 0.83 5.88 2.1 -2.33 -12.36 -26.68 -29.6
-36.76 -21.63 -25.74 -20.24 -8.95 1.83 4.78 3.53 -0.59 -11.26 -25.38 -27.3
-31.96 -38.48 -27.24 -16.22 -5.69 2.23 5.48 4.83 -2.31 -13.06 -22.41 -30.06
-27.4 -33.02 -34.59 -22.21 -5.73 1.02 5.37 1.92 -3.02 -12.77 -22.49 -31.69
-25.1 -24.33 -24.37 -18.13 -8.85 1.02 5.35 3.6 -4.72 -14.57 -22.02 -26.74
-23.63 -28.82 -30.77 -19.83 -9.73 0.02 4.87 1.19 -3.22 -15.85 -22.72 -26.14
-36.6 -36.22 -31.7 -22.73 -9.53 3.29 5.17 3.45 -3.09 -12.96 -23.22 -27.34
-30.37 -35.5 -28.6 -21.13 -11.08 -0.43 2.87 1.8 -5.32 -17.29 -19.92 -32.67
-28.4 -31.95 -30.27 -24.43 -10.01 1.92 4.77 2.62 -2.42 -15.57 -18.62 -27.64
-29.28 -31.95 -22.1 -20.43 -4.63 2.52 5.65 2.12 -1.82 -11.27 -25.62 -25.44
-24.6 -32.94 -26.87 -24.23 -8.43 1.39 5.7 5.15 -2.09 -13.74 -22.82 -31.74
-21.3 -33.52 -31.67 -20.53 -6.33 1.42 5.76 3.19 -0.62 -13.89 -30.42 -28.81
-29.47 -29.15 -29.47 -22.53 -6.73 3.02 3.37 2.42 -0.97 -14.8 -22.45 -26.41
-27.7 -34.17 -29.94 -21.9 -10.33 0.85 5.57 3.32 -1.79 -13.77 -22.72 -28.74
-29.23 -27.19 -30.44 -21.6 -8.3 -0.48 6.17 4.22 -1.12 -13.4 -26 -25.74
-32.28 -30.32 -33.24 -20.93 -11.28 1.15 5.07 2.32 -2.62 -13.57 -20.2 -29.51
-30.4 -33.94 -27.37 -22.7 -9.43 1.72 6.57 5.52 -0.32 -9.17 -23.02 -35.16
-33.4 -28.32 -27.92 -22.41 -9.93 -0.08 4.54 4.39 -3.32 -14.8 -23.64 -33.44
-36.98 -32.26 -33.55 -16.5 -8.65 2.28 6.03 3.48 -1.26 -10.74 -19.49 -22.51
-32.68 -38.1 -30.58 -21.17 -8.67 1.11 7.03 3.08 -3.33 -15.58 -21.59 -29.48
-38.57 -35 -27.11 -21.17 -10.15 -0.22 5.53 3.68 -0.66 -9.04 -18.89 -29.85
-34.78 -21.25 -21.47 -22.17 -8.77 -0.59 6.23 2.71 -2.36 -12.98 -21.39 -27.78
-27.12 -30.56 -25.34 -19.47 -13.01 0.11 4.16 3.31 -1.86 -12.11 -26.93 -31.35
-34.65 -33.73 -26.34 -18.77 -12.83 -0.02 2.81 4.28 0.04 -10.69 -22.38 -21.84
-27.24 -34.55 -29.03 -22.84 -7.67 0.98 4.96 3.18 -2.56 -12.11 -26.43 -33.82
-33.76 -26.17 -28.81 -27.58 -9.26 1.88 6.5 3.28 -2.28 -10.66 -25.53 -25.51
-24.96 -28.56 -33.7 -18.18 -10.34 -0.39 5.66 4.78 -0.96 -10.72 -19.29 -31.15
-38.65 -28.89 -31.98 -23.14 -10.74 -0.69 5.55 3.78 0.63 -12.11 -23.53 -27.51
-28.86 -32.46 -32.78 -20.97 -10.61 2.36 5.93 4.18 -0.94 -11.61 -22.18 -28.63
-26.69 -29.57 -26.99 -19.44 -6.99 2.2 6.43 4.18 -1.36 -12.51 -22.06 -32.87
-34.5 -28.84 -21.87 -19.5 -7.55 1.88 6.13 4.06 -1.69 -12.29 -22.38 -28.08
-27.91 -29.32 -28.11 -20.29 -7.69 2.4 6.23 4.48 -1.94 -11.81 -22.56 -25.68
-33.94 -34.03 -29.21 -21.44 -7.27 1.98 5.53 4.68 -1.71 -11.91 -24.06 -31.75
-27.25 -32.87 -34.44 -22.06 -5.58 1.17 5.52 2.07 -2.87 -12.62 -22.34 -31.54
-24.95 -24.18 -24.22 -17.98 -8.7 1.17 5.5 3.75 -4.57 -14.42 -21.87 -26.59
-23.48 -28.67 -30.62 -19.68 -9.58 0.17 5.02 1.34 -3.07 -15.7 -22.57 -25.99
-36.45 -36.07 -31.55 -22.58 -9.38 3.44 5.32 3.6 -2.94 -12.81 -23.07 -27.19
-30.22 -35.35 -28.45 -20.98 -10.93 -0.28 3.02 1.95 -5.17 -17.14 -19.77 -32.52
-28.25 -31.8 -30.12 -24.28 -9.86 2.07 4.92 2.77 -2.27 -15.42 -18.47 -27.49
-29.13 -31.8 -21.95 -20.28 -4.48 2.67 5.8 2.27 -1.67 -11.12 -25.47 -25.29
-24.45 -32.79 -26.72 -24.08 -8.28 1.54 5.85 5.3 -1.94 -13.59 -22.67 -31.59
-21.15 -33.37 -31.52 -20.38 -6.18 1.57 5.91 3.34 -0.47 -13.74 -30.27 -28.66
-29.32 -29 -29.32 -22.38 -6.58 3.17 3.52 2.57 -0.82 -14.65 -22.3 -26.26
-27.55 -34.02 -29.79 -21.75 -10.18 1 5.72 3.47 -1.64 -13.62 -22.57 -28.59
-29.08 -27.04 -30.29 -21.45 -8.15 -0.33 6.32 4.37 -0.97 -13.25 -25.85 -25.59
-32.13 -30.17 -33.09 -20.78 -11.13 1.3 5.22 2.47 -2.47 -13.42 -20.05 -29.36
-30.25 -33.79 -27.22 -22.55 -9.28 1.87 6.72 5.67 -0.17 -9.02 -22.87 -35.01
-33.25 -28.17 -27.77 -22.26 -9.78 0.07 4.69 4.54 -3.17 -14.65 -23.49 -33.29
-27.02 -29.42 -32.04 -24.28 -13.37 -0.48 5.27 3.02 -2.52 -12.37 -28.44 -37.15
-37.41 -22.38 -24.6 -18.73 -6.14 0.92 4.1 2.72 -3.09 -13.07 -25.11 -28.82
-36.32 -28.92 -26.4 -22.85 -9.01 0.54 4.87 4.61 -2.92 -13.59 -28.31 -33.18
-38.21 -35.55 -25.5 -25.07 -9.82 -0.18 5.25 2.45 -2.49 -13.17 -22.82 -28.34
-35.31 -34.97 -32.64 -22.56 -9.03 1.62 4.99 3.52 -2.3 -13.27 -23.54 -29.14
-28.89 -31.42 -28.18 -21.33 -8.35 1.49 5.4 4.1 -2.3 -13.24 -22.12 -28.44
-27.7 -28.83 -28.87 -20.63 -10.93 1.04 4.77 3.25 -2.05 -12.77 -23.91 -27.64
-29.12 -29.71 -28.3 -20.95 -8.22 1.72 5.57 4.32 -1.75 -12.44 -23.42 -31.24
-31.49 -30.83 -28.7 -25.56 -8.53 1.02 5.09 3.44 -2.02 -13.55 -22.42 -27.75
-29.62 -31.48 -28.28 -20.65 -8.11 2 5.58 3.87 -1.69 -12.12 -22.72 -28.64
-27.78 -31.42 -24.83 -18.34 -9.73 2.52 5.67 4.44 1.15 -10.67 -19.49 -31.67
-29.5 -31.32 -32.37 -22.33 -9.83 2.62 6.55 5.32 -1.82 -13.67 -17.84 -23.74
-29.6 -29.22 -30.47 -19.52 -9.33 1.32 5.27 3.1 -2.52 -12.97 -26.72 -30.34
-25.3 -26.32 -31.8 -21.13 -8.83 0.9 4.27 2.72 -2.22 -15.64 -25.82 -28.16
-18.77 -34.34 -32.38 -20.13 -10.13 1.52 5.07 3.52 -2.82 -11.44 -24.87 -30.84
-30.35 -35.76 -34.16 -23.37 -9.47 0 4.48 2.43 -2.94 -12.87 -21.34 -30.96
-32.11 -26.74 -30.09 -19.25 -9 0.4 3.08 3 -2.56 -12.89 -22.86 -32.16
-33.24 -29.26 -28.99 -16.43 -8.37 1.37 3.65 2.9 -3.44 -15.99 -26.31 -30.61
-28.75 -31.04 -25.67 -22.95 -11.65 -1.1 3.68 2.1 -3.04 -12.89 -24.77 -26.26
-19.52 -26.97 -30.17 -22.83 -13.05 -1 3.95 3.5 -3.61 -11.92 -20.26 -29.17
-30.82 -33.07 -27.47 -21.25 -8.05 1.2 4.25 2.2 -1.92 -10.09 -22.42 -26.66
-28.42 -34.54 -28.49 -21.36 -10.35 -0.77 5.03 3.77 -0.94 -10.09 -20.84 -28.86
-29.79 -34.04 -32.19 -21.13 -8.75 2.9 5.95 3.7 -1.44 -10.86 -20.04 -32.96
-26.32 -31.34 -28.39 -14.92 -6.22 1.67 5.15 2.2 -2.74 -13.29 -22.94 -33.11
-30.22 -33.22 -29.09 -22.25 -10.25 -0.1 3.97 3.6 -2.84 -17.69 -25.04 -23.37
-25.12 -31.14 -30.47 -20.15 -8.02 0.7 6.05 1.4 -2.94 -13.62 -28.16 -28.23
-23.7 -30.07 -30.69 -17.92 -7.85 1.9 5.55 2.5 -2.54 -12.19 -22.84 -33.84
-32.01 -29.54 -25.42 -21.27 -11.83 2 4.95 3.5 -2.84 -14.89 -26.04 -25.96
-22.55 -27.75 -33.11 -21.55 -6.35 1.2 5.12 3.5 -1.24 -11.39 -19.41 -31.46
-30.62 -29.04 -21.89 -22.93 -9.12 0.9 6.05 3.2 -1.76 -11.38 -24.14 -24.54
-26.8 -29.2 -31.82 -24.06 -13.15 -0.26 5.49 3.24 -2.3 -12.15 -28.22 -36.93
-37.19 -22.16 -24.38 -18.51 -5.92 1.14 4.32 2.94 -2.87 -12.85 -24.89 -28.6
-36.1 -28.7 -26.18 -22.63 -8.79 0.76 5.09 4.83 -2.7 -13.37 -28.09 -32.96
-37.99 -35.33 -25.28 -24.85 -9.6 0.04 5.47 2.67 -2.27 -12.95 -22.6 -28.12
-35.09 -34.75 -32.42 -22.34 -8.81 1.84 5.21 3.74 -2.08 -13.05 -23.32 -28.92
-28.67 -31.2 -27.96 -21.11 -8.13 1.71 5.62 4.32 -2.08 -13.02 -21.9 -28.22
-27.48 -28.61 -28.65 -20.41 -10.71 1.26 4.99 3.47 -1.83 -12.55 -23.69 -27.42
-28.9 -29.49 -28.08 -20.73 -8 1.94 5.79 4.54 -1.53 -12.22 -23.2 -31.02
-31.27 -30.61 -28.48 -25.34 -8.31 1.24 5.31 3.66 -1.8 -13.33 -22.2 -27.53
-29.4 -31.26 -28.06 -20.43 -7.89 2.22 5.8 4.09 -1.47 -11.9 -22.5 -28.42
-27.56 -31.2 -24.61 -18.12 -9.51 2.74 5.89 4.66 1.37 -10.45 -19.27 -31.45
-29.28 -31.1 -32.15 -22.11 -9.61 2.84 6.77 5.54 -1.6 -13.45 -17.62 -23.52
-29.38 -29 -30.25 -19.3 -9.11 1.54 5.49 3.32 -2.3 -12.75 -26.5 -30.12
-25.08 -26.1 -31.58 -20.91 -8.61 1.12 4.49 2.94 -2 -15.42 -25.6 -27.94
-18.55 -34.12 -32.16 -19.91 -9.91 1.74 5.29 3.74 -2.6 -11.22 -24.65 -30.62
-37.18 -32.46 -33.75 -16.7 -8.85 2.08 5.83 3.28 -1.46 -10.94 -19.69 -22.71
-32.88 -38.3 -30.78 -21.37 -8.87 0.91 6.83 2.88 -3.53 -15.78 -21.79 -29.68
-38.77 -35.2 -27.31 -21.37 -10.35 -0.42 5.33 3.48 -0.86 -9.24 -19.09 -30.05
-34.98 -21.45 -21.67 -22.37 -8.97 -0.79 6.03 2.51 -2.56 -13.18 -21.59 -27.98
-27.32 -30.76 -25.54 -19.67 -13.21 -0.09 3.96 3.11 -2.06 -12.31 -27.13 -31.55
-34.85 -33.93 -26.54 -18.97 -13.03 -0.22 2.61 4.08 -0.16 -10.89 -22.58 -22.04
-27.44 -34.75 -29.23 -23.04 -7.87 0.78 4.76 2.98 -2.76 -12.31 -26.63 -34.02
-33.96 -26.37 -29.01 -27.78 -9.46 1.68 6.3 3.08 -2.48 -10.86 -25.73 -25.71
-25.16 -28.76 -33.9 -18.38 -10.54 -0.59 5.46 4.58 -1.16 -10.92 -19.49 -31.35
-38.85 -29.09 -32.18 -23.34 -10.94 -0.89 5.35 3.58 0.43 -12.31 -23.73 -27.71
-29.06 -32.66 -32.98 -21.17 -10.81 2.16 5.73 3.98 -1.14 -11.81 -22.38 -28.83
-26.89 -29.77 -27.19 -19.64 -7.19 2 6.23 3.98 -1.56 -12.71 -22.26 -33.07
-34.7 -29.04 -22.07 -19.7 -7.75 1.68 5.93 3.86 -1.89 -12.49 -22.58 -28.28
-28.11 -29.52 -28.31 -20.49 -7.89 2.2 6.03 4.28 -2.14 -12.01 -22.76 -25.88
-34.14 -34.23 -29.41 -21.64 -7.47 1.78 5.33 4.48 -1.91 -12.11 -24.26 -31.95
-27.12 -32.74 -34.31 -21.93 -5.45 1.3 5.65 2.2 -2.74 -12.49 -22.21 -31.41
-24.82 -24.05 -24.09 -17.85 -8.57 1.3 5.63 3.88 -4.44 -14.29 -21.74 -26.46
-23.35 -28.54 -30.49 -19.55 -9.45 0.3 5.15 1.47 -2.94 -15.57 -22.44 -25.86
-36.32 -35.94 -31.42 -22.45 -9.25 3.57 5.45 3.73 -2.81 -12.68 -22.94 -27.06
-30.09 -35.22 -28.32 -20.85 -10.8 -0.15 3.15 2.08 -5.04 -17.01 -19.64 -32.39
-28.12 -31.67 -29.99 -24.15 -9.73 2.2 5.05 2.9 -2.14 -15.29 -18.34 -27.36
-29 -31.67 -21.82 -20.15 -4.35 2.8 5.93 2.4 -1.54 -10.99 -25.34 -25.16
-24.32 -32.66 -26.59 -23.95 -8.15 1.67 5.98 5.43 -1.81 -13.46 -22.54 -31.46
-21.02 -33.24 -31.39 -20.25 -6.05 1.7 6.04 3.47 -0.34 -13.61 -30.14 -28.53
-29.19 -28.87 -29.19 -22.25 -6.45 3.3 3.65 2.7 -0.69 -14.52 -22.17 -26.13
-27.42 -33.89 -29.66 -21.62 -10.05 1.13 5.85 3.6 -1.51 -13.49 -22.44 -28.46
-28.95 -26.91 -30.16 -21.32 -8.02 -0.2 6.45 4.5 -0.84 -13.12 -25.72 -25.46
-32 -30.04 -32.96 -20.65 -11 1.43 5.35 2.6 -2.34 -13.29 -19.92 -29.23
-30.12 -33.66 -27.09 -22.42 -9.15 2 6.85 5.8 -0.04 -8.89 -22.74 -34.88
-33.12 -28.04 -27.64 -22.13 -9.65 0.2 4.82 4.67 -3.04 -14.52 -23.36 -33.16
-34.58 -35.95 -26.25 -20.83 -10.28 -0.73 3.31 2.37 -4.4 -15.92 -25.9 -28.99
-34.38 -33.13 -25.5 -19.78 -11.71 0.07 4.92 2.42 -4.17 -13.62 -25.29 -29.59
-35.67 -31.5 -26.92 -21.1 -9.63 -0.63 4.72 2.27 -4.4 -13.05 -26 -24.82
-34.35 -28.45 -29.73 -22.75 -9.55 0.77 4.62 2.87 -1.87 -12.17 -21.04 -24.49
-30.63 -31.4 -24.43 -21.38 -11.48 0.47 5.02 2.97 -1.8 -13.12 -22.99 -28.19
-33.7 -32.2 -32.47 -17.08 -10.25 1.97 5.27 3.42 -3.95 -12.92 -23.55 -32.19
-27.33 -27.75 -28.46 -23.01 -12.13 0.77 5.42 4 -0.94 -9.87 -18.87 -20.09
-27.6 -24.4 -29.22 -17.81 -11.68 0.72 5.12 2.37 -3.79 -13.77 -23.67 -28.97
-38.62 -30.7 -30.72 -20.05 -8.84 1.87 4.62 2.37 -0.87 -11.64 -22.32 -30.33
-27.79 -32.15 -28.39 -16.2 -5.48 2.19 5.02 3.67 -2.92 -11.89 -18.22 -28.43
-30.72 -28.48 -29.47 -21.65 -10.21 1.47 5.15 4.37 -1.47 -9.87 -22.69 -29.36
-24.77 -28.85 -30.42 -19.85 -11.31 0.32 3.72 1.67 -2.32 -14.17 -25.32 -31.16
-29.07 -32.69 -26.63 -19.48 -5.58 2.77 5.02 2.67 -2.29 -11.71 -19.87 -29.88
-32 -32.57 -29.52 -25.33 -8.13 1.17 4.92 4.2 -1.25 -10.74 -21.19 -27.97
-30.95 -33.17 -33.29 -15.68 -8.8 0.27 5.02 2.74 -1.87 -14.62 -22.19 -29.76
-28.89 -36.54 -29.81 -26.37 -10.13 1.15 4.7 3.6 -1.59 -15.67 -26.19 -32.94
-26.67 -33.59 -35.62 -21.4 -9.1 1.55 6.2 5.86 -0.19 -12.93 -25.09 -26.91
-22.6 -34 -27.34 -20.48 -8.2 0.25 5.4 4.05 -1.99 -11.94 -20.39 -31.49
-22.87 -26.52 -27.74 -22.62 -9 1.35 5 2.67 -3.09 -13.02 -25.79 -31.51
-28.39 -29.39 -27.77 -22.9 -8.83 1.35 4.8 3.35 -1.59 -14.14 -28.48 -28.01
-28.97 -30.26 -26.57 -18.43 -6.4 2.25 4.6 2.85 -2.89 -11.94 -23.39 -29.91
-27.25 -23.97 -26.64 -22.3 -12.13 -0.32 4.2 3.45 -2.29 -12.65 -25.39 -26.49
-29.97 -31.89 -27.74 -21.02 -8.33 0.23 5.59 3.05 -3 -16.37 -27.79 -20.51
-28.54 -38.41 -28.97 -23.65 -9.1 2.25 5.03 2.65 -1.09 -9.64 -20.36 -29.84
-26.97 -28.66 -34.11 -26.3 -10.6 -0.12 6.2 3.23 -3.49 -16.05 -18.24 -24.84
-32.77 -26.87 -30.07 -19.7 -7.6 1.95 4.7 1.85 -3.89 -14.44 -19.19 -26.11
-29.19 -35.79 -27.44 -22.83 -8.1 0.45 5.2 4.15 -4.29 -12.44 -26.21 -34.39
-25.37 -30.69 -31.81 -20.1 -9.1 0.95 6 2.22 -2.21 -12.24 -26.56 -29.48
-36.64 -21.51 -25.62 -20.12 -8.83 1.95 4.9 3.65 -0.47 -11.14 -25.26 -27.18
-31.84 -38.36 -27.12 -16.1 -5.57 2.35 5.6 4.95 -2.19 -12.94 -22.29 -29.94
-34.53 -35.9 -26.2 -20.78 -10.23 -0.68 3.36 2.42 -4.35 -15.87 -25.85 -28.94
-34.33 -33.08 -25.45 -19.73 -11.66 0.12 4.97 2.47 -4.12 -13.57 -25.24 -29.54
-35.62 -31.45 -26.87 -21.05 -9.58 -0.58 4.77 2.32 -4.35 -13 -25.95 -24.77
-34.3 -28.4 -29.68 -22.7 -9.5 0.82 4.67 2.92 -1.82 -12.12 -20.99 -24.44
-30.58 -31.35 -24.38 -21.33 -11.43 0.52 5.07 3.02 -1.75 -13.07 -22.94 -28.14
-33.65 -32.15 -32.42 -17.03 -10.2 2.02 5.32 3.47 -3.9 -12.87 -23.5 -32.14
-27.28 -27.7 -28.41 -22.96 -12.08 0.82 5.47 4.05 -0.89 -9.82 -18.82 -20.04
-27.55 -24.35 -29.17 -17.76 -11.63 0.77 5.17 2.42 -3.74 -13.72 -23.62 -28.92
-38.57 -30.65 -30.67 -20 -8.79 1.92 4.67 2.42 -0.82 -11.59 -22.27 -30.28
-27.74 -32.1 -28.34 -16.15 -5.43 2.24 5.07 3.72 -2.87 -11.84 -18.17 -28.38
-30.67 -28.43 -29.42 -21.6 -10.16 1.52 5.2 4.42 -1.42 -9.82 -22.64 -29.31
-24.72 -28.8 -30.37 -19.8 -11.26 0.37 3.77 1.72 -2.27 -14.12 -25.27 -31.11
-29.02 -32.64 -26.58 -19.43 -5.53 2.82 5.07 2.72 -2.24 -11.66 -19.82 -29.83
-31.95 -32.52 -29.47 -25.28 -8.08 1.22 4.97 4.25 -1.2 -10.69 -21.14 -27.92
-30.9 -33.12 -33.24 -15.63 -8.75 0.32 5.07 2.79 -1.82 -14.57 -22.14 -29.71
-30.33 -35.74 -34.14 -23.35 -9.45 0.02 4.5 2.45 -2.92 -12.85 -21.32 -30.94
-32.09 -26.72 -30.07 -19.23 -8.98 0.42 3.1 3.02 -2.54 -12.87 -22.84 -32.14
-33.22 -29.24 -28.97 -16.41 -8.35 1.39 3.67 2.92 -3.42 -15.97 -26.29 -30.59
-28.73 -31.02 -25.65 -22.93 -11.63 -1.08 3.7 2.12 -3.02 -12.87 -24.75 -26.24
-19.5 -26.95 -30.15 -22.81 -13.03 -0.98 3.97 3.52 -3.59 -11.9 -20.24 -29.15
-30.8 -33.05 -27.45 -21.23 -8.03 1.22 4.27 2.22 -1.9 -10.07 -22.4 -26.64
-28.4 -34.52 -28.47 -21.34 -10.33 -0.75 5.05 3.79 -0.92 -10.07 -20.82 -28.84
-29.77 -34.02 -32.17 -21.11 -8.73 2.92 5.97 3.72 -1.42 -10.84 -20.02 -32.94
-26.3 -31.32 -28.37 -14.9 -6.2 1.69 5.17 2.22 -2.72 -13.27 -22.92 -33.09
-30.2 -33.2 -29.07 -22.23 -10.23 -0.08 3.99 3.62 -2.82 -17.67 -25.02 -23.35
-25.1 -31.12 -30.45 -20.13 -8 0.72 6.07 1.42 -2.92 -13.6 -28.14 -28.21
-23.68 -30.05 -30.67 -17.9 -7.83 1.92 5.57 2.52 -2.52 -12.17 -22.82 -33.82
-31.99 -29.52 -25.4 -21.25 -11.81 2.02 4.97 3.52 -2.82 -14.87 -26.02 -25.94
-22.53 -27.73 -33.09 -21.53 -6.33 1.22 5.14 3.52 -1.22 -11.37 -19.39 -31.44
-30.6 -29.02 -21.87 -22.91 -9.1 0.92 6.07 3.22 -1.74 -11.36 -24.12 -24.52
-26.92 -29.32 -31.94 -24.18 -13.27 -0.38 5.37 3.12 -2.42 -12.27 -28.34 -37.05
-37.31 -22.28 -24.5 -18.63 -6.04 1.02 4.2 2.82 -2.99 -12.97 -25.01 -28.72
-36.22 -28.82 -26.3 -22.75 -8.91 0.64 4.97 4.71 -2.82 -13.49 -28.21 -33.08
-38.11 -35.45 -25.4 -24.97 -9.72 -0.08 5.35 2.55 -2.39 -13.07 -22.72 -28.24
-35.21 -34.87 -32.54 -22.46 -8.93 1.72 5.09 3.62 -2.2 -13.17 -23.44 -29.04
-28.79 -31.32 -28.08 -21.23 -8.25 1.59 5.5 4.2 -2.2 -13.14 -22.02 -28.34
-27.6 -28.73 -28.77 -20.53 -10.83 1.14 4.87 3.35 -1.95 -12.67 -23.81 -27.54
-29.02 -29.61 -28.2 -20.85 -8.12 1.82 5.67 4.42 -1.65 -12.34 -23.32 -31.14
-31.39 -30.73 -28.6 -25.46 -8.43 1.12 5.19 3.54 -1.92 -13.45 -22.32 -27.65
-29.52 -31.38 -28.18 -20.55 -8.01 2.1 5.68 3.97 -1.59 -12.02 -22.62 -28.54
-27.68 -31.32 -24.73 -18.24 -9.63 2.62 5.77 4.54 1.25 -10.57 -19.39 -31.57
-29.4 -31.22 -32.27 -22.23 -9.73 2.72 6.65 5.42 -1.72 -13.57 -17.74 -23.64
-29.5 -29.12 -30.37 -19.42 -9.23 1.42 5.37 3.2 -2.42 -12.87 -26.62 -30.24
-25.2 -26.22 -31.7 -21.03 -8.73 1 4.37 2.82 -2.12 -15.54 -25.72 -28.06
-18.67 -34.24 -32.28 -20.03 -10.03 1.62 5.17 3.62 -2.72 -11.34 -24.77 -30.74
-27.27 -32.89 -34.46 -22.08 -5.6 1.15 5.5 2.05 -2.89 -12.64 -22.36 -31.56
-24.97 -24.2 -24.24 -18 -8.72 1.15 5.48 3.73 -4.59 -14.44 -21.89 -26.61
-23.5 -28.69 -30.64 -19.7 -9.6 0.15 5 1.32 -3.09 -15.72 -22.59 -26.01
-36.47 -36.09 -31.57 -22.6 -9.4 3.42 5.3 3.58 -2.96 -12.83 -23.09 -27.21
-30.24 -35.37 -28.47 -21 -10.95 -0.3 3 1.93 -5.19 -17.16 -19.79 -32.54
-28.27 -31.82 -30.14 -24.3 -9.88 2.05 4.9 2.75 -2.29 -15.44 -18.49 -27.51
-29.15 -31.82 -21.97 -20.3 -4.5 2.65 5.78 2.25 -1.69 -11.14 -25.49 -25.31
-24.47 -32.81 -26.74 -24.1 -8.3 1.52 5.83 5.28 -1.96 -13.61 -22.69 -31.61
-21.17 -33.39 -31.54 -20.4 -6.2 1.55 5.89 3.32 -0.49 -13.76 -30.29 -28.68
-29.34 -29.02 -29.34 -22.4 -6.6 3.15 3.5 2.55 -0.84 -14.67 -22.32 -26.28
-27.57 -34.04 -29.81 -21.77 -10.2 0.98 5.7 3.45 -1.66 -13.64 -22.59 -28.61
-29.1 -27.06 -30.31 -21.47 -8.17 -0.35 6.3 4.35 -0.99 -13.27 -25.87 -25.61
-32.15 -30.19 -33.11 -20.8 -11.15 1.28 5.2 2.45 -2.49 -13.44 -20.07 -29.38
-30.27 -33.81 -27.24 -22.57 -9.3 1.85 6.7 5.65 -0.19 -9.04 -22.89 -35.03
-33.27 -28.19 -27.79 -22.28 -9.8 0.05 4.67 4.52 -3.19 -14.67 -23.51 -33.31
-37.11 -32.39 -33.68 -16.63 -8.78 2.15 5.9 3.35 -1.39 -10.87 -19.62 -22.64
-32.81 -38.23 -30.71 -21.3 -8.8 0.98 6.9 2.95 -3.46 -15.71 -21.72 -29.61
-38.7 -35.13 -27.24 -21.3 -10.28 -0.35 5.4 3.55 -0.79 -9.17 -19.02 -29.98
-34.91 -21.38 -21.6 -22.3 -8.9 -0.72 6.1 2.58 -2.49 -13.11 -21.52 -27.91
-27.25 -30.69 -25.47 -19.6 -13.14 -0.02 4.03 3.18 -1.99 -12.24 -27.06 -31.48
-34.78 -33.86 -26.47 -18.9 -12.96 -0.15 2.68 4.15 -0.09 -10.82 -22.51 -21.97
-27.37 -34.68 -29.16 -22.97 -7.8 0.85 4.83 3.05 -2.69 -12.24 -26.56 -33.95
-33.89 -26.3 -28.94 -27.71 -9.39 1.75 6.37 3.15 -2.41 -10.79 -25.66 -25.64
-25.09 -28.69 -33.83 -18.31 -10.47 -0.52 5.53 4.65 -1.09 -10.85 -19.42 -31.28
-38.78 -29.02 -32.11 -23.27 -10.87 -0.82 5.42 3.65 0.5 -12.24 -23.66 -27.64
-28.99 -32.59 -32.91 -21.1 -10.74 2.23 5.8 4.05 -1.07 -11.74 -22.31 -28.76
-26.82 -29.7 -27.12 -19.57 -7.12 2.07 6.3 4.05 -1.49 -12.64 -22.19 -33
-34.63 -28.97 -22 -19.63 -7.68 1.75 6 3.93 -1.82 -12.42 -22.51 -28.21
-28.04 -29.45 -28.24 -20.42 -7.82 2.27 6.1 4.35 -2.07 -11.94 -22.69 -25.81
-34.07 -34.16 -29.34 -21.57 -7.4 1.85 5.4 4.55 -1.84 -12.04 -24.19 -31.88
-37.05 -32.33 -33.62 -16.57 -8.72 2.21 5.96 3.41 -1.33 -10.81 -19.56 -22.58
-32.75 -38.17 -30.65 -21.24 -8.74 1.04 6.96 3.01 -3.4 -15.65 -21.66 -29.55
-38.64 -35.07 -27.18 -21.24 -10.22 -0.29 5.46 3.61 -0.73 -9.11 -18.96 -29.92
-34.85 -21.32 -21.54 -22.24 -8.84 -0.66 6.16 2.64 -2.43 -13.05 -21.46 -27.85
-27.19 -30.63 -25.41 -19.54 -13.08 0.04 4.09 3.24 -1.93 -12.18 -27 -31.42
-34.72 -33.8 -26.41 -18.84 -12.9 -0.09 2.74 4.21 -0.03 -10.76 -22.45 -21.91
-27.31 -34.62 -29.1 -22.91 -7.74 0.91 4.89 3.11 -2.63 -12.18 -26.5 -33.89
-33.83 -26.24 -28.88 -27.65 -9.33 1.81 6.43 3.21 -2.35 -10.73 -25.6 -25.58
-25.03 -28.63 -33.77 -18.25 -10.41 -0.46 5.59 4.71 -1.03 -10.79 -19.36 -31.22
-38.72 -28.96 -32.05 -23.21 -10.81 -0.76 5.48 3.71 0.56 -12.18 -23.6 -27.58
-28.93 -32.53 -32.85 -21.04 -10.68 2.29 5.86 4.11 -1.01 -11.68 -22.25 -28.7
-26.76 -29.64 -27.06 -19.51 -7.06 2.13 6.36 4.11 -1.43 -12.58 -22.13 -32.94
-34.57 -28.91 -21.94 -19.57 -7.62 1.81 6.06 3.99 -1.76 -12.36 -22.45 -28.15
-27.98 -29.39 -28.18 -20.36 -7.76 2.33 6.16 4.41 -2.01 -11.88 -22.63 -25.75
-34.01 -34.1 -29.28 -21.51 -7.34 1.91 5.46 4.61 -1.78 -11.98 -24.13 -31.82
-34.56 -35.93 -26.23 -20.81 -10.26 -0.71 3.33 2.39 -4.38 -15.9 -25.88 -28.97
-34.36 -33.11 -25.48 -19.76 -11.69 0.09 4.94 2.44 -4.15 -13.6 -25.27 -29.57
-35.65 -31.48 -26.9 -21.08 -9.61 -0.61 4.74 2.29 -4.38 -13.03 -25.98 -24.8
-34.33 -28.43 -29.71 -22.73 -9.53 0.79 4.64 2.89 -1.85 -12.15 -21.02 -24.47
-30.61 -31.38 -24.41 -21.36 -11.46 0.49 5.04 2.99 -1.78 -13.1 -22.97 -28.17
-33.68 -32.18 -32.45 -17.06 -10.23 1.99 5.29 3.44 -3.93 -12.9 -23.53 -32.17
-27.31 -27.73 -28.44 -22.99 -12.11 0.79 5.44 4.02 -0.92 -9.85 -18.85 -20.07
-27.58 -24.38 -29.2 -17.79 -11.66 0.74 5.14 2.39 -3.77 -13.75 -23.65 -28.95
-38.6 -30.68 -30.7 -20.03 -8.82 1.89 4.64 2.39 -0.85 -11.62 -22.3 -30.31
-27.77 -32.13 -28.37 -16.18 -5.46 2.21 5.04 3.69 -2.9 -11.87 -18.2 -28.41
-30.7 -28.46 -29.45 -21.63 -10.19 1.49 5.17 4.39 -1.45 -9.85 -22.67 -29.34
-24.75 -28.83 -30.4 -19.83 -11.29 0.34 3.74 1.69 -2.3 -14.15 -25.3 -31.14
-29.05 -32.67 -26.61 -19.46 -5.56 2.79 5.04 2.69 -2.27 -11.69 -19.85 -29.86
-31.98 -32.55 -29.5 -25.31 -8.11 1.19 4.94 4.22 -1.23 -10.72 -21.17 -27.95
-30.93 -33.15 -33.27 -15.66 -8.78 0.29 5.04 2.76 -1.85 -14.6 -22.17 -29.74
-30.18 -35.59 -33.99 -23.2 -9.3 0.17 4.65 2.6 -2.77 -12.7 -21.17 -30.79
-31.94 -26.57 -29.92 -19.08 -8.83 0.57 3.25 3.17 -2.39 -12.72 -22.69 -31.99
-33.07 -29.09 -28.82 -16.26 -8.2 1.54 3.82 3.07 -3.27 -15.82 -26.14 -30.44
-28.58 -30.87 -25.5 -22.78 -11.48 -0.93 3.85 2.27 -2.87 -12.72 -24.6 -26.09
-19.35 -26.8 -30 -22.66 -12.88 -0.83 4.12 3.67 -3.44 -11.75 -20.09 -29
-30.65 -32.9 -27.3 -21.08 -7.88 1.37 4.42 2.37 -1.75 -9.92 -22.25 -26.49
-28.25 -34.37 -28.32 -21.19 -10.18 -0.6 5.2 3.94 -0.77 -9.92 -20.67 -28.69
-29.62 -33.87 -32.02 -20.96 -8.58 3.07 6.12 3.87 -1.27 -10.69 -19.87 -32.79
-26.15 -31.17 -28.22 -14.75 -6.05 1.84 5.32 2.37 -2.57 -13.12 -22.77 -32.94
-30.05 -33.05 -28.92 -22.08 -10.08 0.07 4.14 3.77 -2.67 -17.52 -24.87 -23.2
-24.95 -30.97 -30.3 -19.98 -7.85 0.87 6.22 1.57 -2.77 -13.45 -27.99 -28.06
-23.53 -29.9 -30.52 -17.75 -7.68 2.07 5.72 2.67 -2.37 -12.02 -22.67 -33.67
-31.84 -29.37 -25.25 -21.1 -11.66 2.17 5.12 3.67 -2.67 -14.72 -25.87 -25.79
-22.38 -27.58 -32.94 -21.38 -6.18 1.37 5.29 3.67 -1.07 -11.22 -19.24 -31.29
-30.45 -28.87 -21.72 -22.76 -8.95 1.07 6.22 3.37 -1.59 -11.21 -23.97 -24.37
-27.47 -33.09 -34.66 -22.28 -5.8 0.95 5.3 1.85 -3.09 -12.84 -22.56 -31.76
-25.17 -24.4 -24.44 -18.2 -8.92 0.95 5.28 3.53 -4.79 -14.64 -22.09 -26.81
-23.7 -28.89 -30.84 -19.9 -9.8 -0.05 4.8 1.12 -3.29 -15.92 -22.79 -26.21
-36.67 -36.29 -31.77 -22.8 -9.6 3.22 5.1 3.38 -3.16 -13.03 -23.29 -27.41
-30.44 -35.57 -28.67 -21.2 -11.15 -0.5 2.8 1.73 -5.39 -17.36 -19.99 -32.74
-28.47 -32.02 -30.34 -24.5 -10.08 1.85 4.7 2.55 -2.49 -15.64 -18.69 -27.71
-29.35 -32.02 -22.17 -20.5 -4.7 2.45 5.58 2.05 -1.89 -11.34 -25.69 -25.51
-24.67 -33.01 -26.94 -24.3 -8.5 1.32 5.63 5.08 -2.16 -13.81 -22.89 -31.81
-21.37 -33.59 -31.74 -20.6 -6.4 1.35 5.69 3.12 -0.69 -13.96 -30.49 -28.88
-29.54 -29.22 -29.54 -22.6 -6.8 2.95 3.3 2.35 -1.04 -14.87 -22.52 -26.48
-27.77 -34.24 -30.01 -21.97 -10.4 0.78 5.5 3.25 -1.86 -13.84 -22.79 -28.81
-29.3 -27.26 -30.51 -21.67 -8.37 -0.55 6.1 4.15 -1.19 -13.47 -26.07 -25.81
-32.35 -30.39 -33.31 -21 -11.35 1.08 5 2.25 -2.69 -13.64 -20.27 -29.58
-30.47 -34.01 -27.44 -22.77 -9.5 1.65 6.5 5.45 -0.39 -9.24 -23.09 -35.23
-33.47 -28.39 -27.99 -22.48 -10 -0.15 4.47 4.32 -3.39 -14.87 -23.71 -33.51
-30.62 -36.03 -34.43 -23.64 -9.74 -0.27 4.21 2.16 -3.21 -13.14 -21.61 -31.23
-32.38 -27.01 -30.36 -19.52 -9.27 0.13 2.81 2.73 -2.83 -13.16 -23.13 -32.43
-33.51 -29.53 -29.26 -16.7 -8.64 1.1 3.38 2.63 -3.71 -16.26 -26.58 -30.88
-29.02 -31.31 -25.94 -23.22 -11.92 -1.37 3.41 1.83 -3.31 -13.16 -25.04 -26.53
-19.79 -27.24 -30.44 -23.1 -13.32 -1.27 3.68 3.23 -3.88 -12.19 -20.53 -29.44
-31.09 -33.34 -27.74 -21.52 -8.32 0.93 3.98 1.93 -2.19 -10.36 -22.69 -26.93
-28.69 -34.81 -28.76 -21.63 -10.62 -1.04 4.76 3.5 -1.21 -10.36 -21.11 -29.13
-30.06 -34.31 -32.46 -21.4 -9.02 2.63 5.68 3.43 -1.71 -11.13 -20.31 -33.23
-26.59 -31.61 -28.66 -15.19 -6.49 1.4 4.88 1.93 -3.01 -13.56 -23.21 -33.38
-30.49 -33.49 -29.36 -22.52 -10.52 -0.37 3.7 3.33 -3.11 -17.96 -25.31 -23.64
-25.39 -31.41 -30.74 -20.42 -8.29 0.43 5.78 1.13 -3.21 -13.89 -28.43 -28.5
-23.97 -30.34 -30.96 -18.19 -8.12 1.63 5.28 2.23 -2.81 -12.46 -23.11 -34.11
-32.28 -29.81 -25.69 -21.54 -12.1 1.73 4.68 3.23 -3.11 -15.16 -26.31 -26.23
-22.82 -28.02 -33.38 -21.82 -6.62 0.93 4.85 3.23 -1.51 -11.66 -19.68 -31.73
-30.89 -29.31 -22.16 -23.2 -9.39 0.63 5.78 2.93 -2.03 -11.65 -24.41 -24.81
-34.7 -36.07 -26.37 -20.95 -10.4 -0.85 3.19 2.25 -4.52 -16.04 -26.02 -29.11
-34.5 -33.25 -25.62 -19.9 -11.83 -0.05 4.8 2.3 -4.29 -13.74 -25.41 -29.71
-35.79 -31.62 -27.04 -21.22 -9.75 -0.75 4.6 2.15 -4.52 -13.17 -26.12 -24.94
-34.47 -28.57 -29.85 -22.87 -9.67 0.65 4.5 2.75 -1.99 -12.29 -21.16 -24.61
-30.75 -31.52 -24.55 -21.5 -11.6 0.35 4.9 2.85 -1.92 -13.24 -23.11 -28.31
-33.82 -32.32 -32.59 -17.2 -10.37 1.85 5.15 3.3 -4.07 -13.04 -23.67 -32.31
-27.45 -27.87 -28.58 -23.13 -12.25 0.65 5.3 3.88 -1.06 -9.99 -18.99 -20.21
-27.72 -24.52 -29.34 -17.93 -11.8 0.6 5 2.25 -3.91 -13.89 -23.79 -29.09
-38.74 -30.82 -30.84 -20.17 -8.96 1.75 4.5 2.25 -0.99 -11.76 -22.44 -30.45
-27.91 -32.27 -28.51 -16.32 -5.6 2.07 4.9 3.55 -3.04 -12.01 -18.34 -28.55
-30.84 -28.6 -29.59 -21.77 -10.33 1.35 5.03 4.25 -1.59 -9.99 -22.81 -29.48
-24.89 -28.97 -30.54 -19.97 -11.43 0.2 3.6 1.55 -2.44 -14.29 -25.44 -31.28
-29.19 -32.81 -26.75 -19.6 -5.7 2.65 4.9 2.55 -2.41 -11.83 -19.99 -30
-32.12 -32.69 -29.64 -25.45 -8.25 1.05 4.8 4.08 -1.37 -10.86 -21.31 -28.09
-31.07 -33.29 -33.41 -15.8 -8.92 0.15 4.9 2.62 -1.99 -14.74 -22.31 -29.88
-29.09 -36.74 -30.01 -26.57 -10.33 0.95 4.5 3.4 -1.79 -15.87 -26.39 -33.14
-26.87 -33.79 -35.82 -21.6 -9.3 1.35 6 5.66 -0.39 -13.13 -25.29 -27.11
-22.8 -34.2 -27.54 -20.68 -8.4 0.05 5.2 3.85 -2.19 -12.14 -20.59 -31.69
-23.07 -26.72 -27.94 -22.82 -9.2 1.15 4.8 2.47 -3.29 -13.22 -25.99 -31.71
-28.59 -29.59 -27.97 -23.1 -9.03 1.15 4.6 3.15 -1.79 -14.34 -28.68 -28.21
-29.17 -30.46 -26.77 -18.63 -6.6 2.05 4.4 2.65 -3.09 -12.14 -23.59 -30.11
-27.45 -24.17 -26.84 -22.5 -12.33 -0.52 4 3.25 -2.49 -12.85 -25.59 -26.69
-30.17 -32.09 -27.94 -21.22 -8.53 0.03 5.39 2.85 -3.2 -16.57 -27.99 -20.71
-28.74 -38.61 -29.17 -23.85 -9.3 2.05 4.83 2.45 -1.29 -9.84 -20.56 -30.04
-27.17 -28.86 -34.31 -26.5 -10.8 -0.32 6 3.03 -3.69 -16.25 -18.44 -25.04
-32.97 -27.07 -30.27 -19.9 -7.8 1.75 4.5 1.65 -4.09 -14.64 -19.39 -26.31
-29.39 -35.99 -27.64 -23.03 -8.3 0.25 5 3.95 -4.49 -12.64 -26.41 -34.59
-25.57 -30.89 -32.01 -20.3 -9.3 0.75 5.8 2.02 -2.41 -12.44 -26.76 -29.68
-36.84 -21.71 -25.82 -20.32 -9.03 1.75 4.7 3.45 -0.67 -11.34 -25.46 -27.38
-32.04 -38.56 -27.32 -16.3 -5.77 2.15 5.4 4.75 -2.39 -13.14 -22.49 -30.14
-27.36 -32.98 -34.55 -22.17 -5.69 1.06 5.41 1.96 -2.98 -12.73 -22.45 -31.65
-25.06 -24.29 -24.33 -18.09 -8.81 1.06 5.39 3.64 -4.68 -14.53 -21.98 -26.7
-23.59 -28.78 -30.73 -19.79 -9.69 0.06 4.91 1.23 -3.18 -15.81 -22.68 -26.1
-36.56 -36.18 -31.66 -22.69 -9.49 3.33 5.21 3.49 -3.05 -12.92 -23.18 -27.3
-30.33 -35.46 -28.56 -21.09 -11.04 -0.39 2.91 1.84 -5.28 -17.25 -19.88 -32.63
-28.36 -31.91 -30.23 -24.39 -9.97 1.96 4.81 2.66 -2.38 -15.53 -18.58 -27.6
-29.24 -31.91 -22.06 -20.39 -4.59 2.56 5.69 2.16 -1.78 -11.23 -25.58 -25.4
-24.56 -32.9 -26.83 -24.19 -8.39 1.43 5.74 5.19 -2.05 -13.7 -22.78 -31.7
-21.26 -33.48 -31.63 -20.49 -6.29 1.46 5.8 3.23 -0.58 -13.85 -30.38 -28.77
-29.43 -29.11 -29.43 -22.49 -6.69 3.06 3.41 2.46 -0.93 -14.76 -22.41 -26.37
-27.66 -34.13 -29.9 -21.86 -10.29 0.89 5.61 3.36 -1.75 -13.73 -22.68 -28.7
-29.19 -27.15 -30.4 -21.56 -8.26 -0.44 6.21 4.26 -1.08 -13.36 -25.96 -25.7
-32.24 -30.28 -33.2 -20.89 -11.24 1.19 5.11 2.36 -2.58 -13.53 -20.16 -29.47
-30.36 -33.9 -27.33 -22.66 -9.39 1.76 6.61 5.56 -0.28 -9.13 -22.98 -35.12
-33.36 -28.28 -27.88 -22.37 -9.89 -0.04 4.58 4.43 -3.28 -14.76 -23.6 -33.4
-27.23 -32.85 -34.42 -22.04 -5.56 1.19 5.54 2.09 -2.85 -12.6 -22.32 -31.52
-24.93 -24.16 -24.2 -17.96 -8.68 1.19 5.52 3.77 -4.55 -14.4 -21.85 -26.57
-23.46 -28.65 -30.6 -19.66 -9.56 0.19 5.04 1.36 -3.05 -15.68 -22.55 -25.97
-36.43 -36.05 -31.53 -22.56 -9.36 3.46 5.34 3.62 -2.92 -12.79 -23.05 -27.17
-30.2 -35.33 -28.43 -20.96 -10.91 -0.26 3.04 1.97 -5.15 -17.12 -19.75 -32.5
-28.23 -31.78 -30.1 -24.26 -9.84 2.09 4.94 2.79 -2.25 -15.4 -18.45 -27.47
-29.11 -31.78 -21.93 -20.26 -4.46 2.69 5.82 2.29 -1.65 -11.1 -25.45 -25.27
-24.43 -32.77 -26.7 -24.06 -8.26 1.56 5.87 5.32 -1.92 -13.57 -22.65 -31.57
-21.13 -33.35 -31.5 -20.36 -6.16 1.59 5.93 3.36 -0.45 -13.72 -30.25 -28.64
-29.3 -28.98 -29.3 -22.36 -6.56 3.19 3.54 2.59 -0.8 -14.63 -22.28 -26.24
-27.53 -34 -29.77 -21.73 -10.16 1.02 5.74 3.49 -1.62 -13.6 -22.55 -28.57
-29.06 -27.02 -30.27 -21.43 -8.13 -0.31 6.34 4.39 -0.95 -13.23 -25.83 -25.57
-32.11 -30.15 -33.07 -20.76 -11.11 1.32 5.24 2.49 -2.45 -13.4 -20.03 -29.34
-30.23 -33.77 -27.2 -22.53 -9.26 1.89 6.74 5.69 -0.15 -9 -22.85 -34.99
-33.23 -28.15 -27.75 -22.24 -9.76 0.09 4.71 4.56 -3.15 -14.63 -23.47 -33.27
-37.08 -32.36 -33.65 -16.6 -8.75 2.18 5.93 3.38 -1.36 -10.84 -19.59 -22.61
-32.78 -38.2 -30.68 -21.27 -8.77 1.01 6.93 2.98 -3.43 -15.68 -21.69 -29.58
-38.67 -35.1 -27.21 -21.27 -10.25 -0.32 5.43 3.58 -0.76 -9.14 -18.99 -29.95
-34.88 -21.35 -21.57 -22.27 -8.87 -0.69 6.13 2.61 -2.46 -13.08 -21.49 -27.88
-27.22 -30.66 -25.44 -19.57 -13.11 0.01 4.06 3.21 -1.96 -12.21 -27.03 -31.45
-34.75 -33.83 -26.44 -18.87 -12.93 -0.12 2.71 4.18 -0.06 -10.79 -22.48 -21.94
-27.34 -34.65 -29.13 -22.94 -7.77 0.88 4.86 3.08 -2.66 -12.21 -26.53 -33.92
-33.86 -26.27 -28.91 -27.68 -9.36 1.78 6.4 3.18 -2.38 -10.76 -25.63 -25.61
-25.06 -28.66 -33.8 -18.28 -10.44 -0.49 5.56 4.68 -1.06 -10.82 -19.39 -31.25
-38.75 -28.99 -32.08 -23.24 -10.84 -0.79 5.45 3.68 0.53 -12.21 -23.63 -27.61
-28.96 -32.56 -32.88 -21.07 -10.71 2.26 5.83 4.08 -1.04 -11.71 -22.28 -28.73
-26.79 -29.67 -27.09 -19.54 -7.09 2.1 6.33 4.08 -1.46 -12.61 -22.16 -32.97
-34.6 -28.94 -21.97 -19.6 -7.65 1.78 6.03 3.96 -1.79 -12.39 -22.48 -28.18
-28.01 -29.42 -28.21 -20.39 -7.79 2.3 6.13 4.38 -2.04 -11.91 -22.66 -25.78
-34.04 -34.13 -29.31 -21.54 -7.37 1.88 5.43 4.58 -1.81 -12.01 -24.16 -31.85
-27.2 -32.82 -34.39 -22.01 -5.53 1.22 5.57 2.12 -2.82 -12.57 -22.29 -31.49
-24.9 -24.13 -24.17 -17.93 -8.65 1.22 5.55 3.8 -4.52 -14.37 -21.82 -26.54
-23.43 -28.62 -30.57 -19.63 -9.53 0.22 5.07 1.39 -3.02 -15.65 -22.52 -25.94
-36.4 -36.02 -31.5 -22.53 -9.33 3.49 5.37 3.65 -2.89 -12.76 -23.02 -27.14
-30.17 -35.3 -28.4 -20.93 -10.88 -0.23 3.07 2 -5.12 -17.09 -19.72 -32.47
-28.2 -31.75 -30.07 -24.23 -9.81 2.12 4.97 2.82 -2.22 -15.37 -18.42 -27.44
-29.08 -31.75 -21.9 -20.23 -4.43 2.72 5.85 2.32 -1.62 -11.07 -25.42 -25.24
-24.4 -32.74 -26.67 -24.03 -8.23 1.59 5.9 5.35 -1.89 -13.54 -22.62 -31.54
-21.1 -33.32 -31.47 -20.33 -6.13 1.62 5.96 3.39 -0.42 -13.69 -30.22 -28.61
-29.27 -28.95 -29.27 -22.33 -6.53 3.22 3.57 2.62 -0.77 -14.6 -22.25 -26.21
-27.5 -33.97 -29.74 -21.7 -10.13 1.05 5.77 3.52 -1.59 -13.57 -22.52 -28.54
-29.03 -26.99 -30.24 -21.4 -8.1 -0.28 6.37 4.42 -0.92 -13.2 -25.8 -25.54
-32.08 -30.12 -33.04 -20.73 -11.08 1.35 5.27 2.52 -2.42 -13.37 -20 -29.31
-30.2 -33.74 -27.17 -22.5 -9.23 1.92 6.77 5.72 -0.12 -8.97 -22.82 -34.96
-33.2 -28.12 -27.72 -22.21 -9.73 0.12 4.74 4.59 -3.12 -14.6 -23.44 -33.24
-34.41 -35.78 -26.08 -20.66 -10.11 -0.56 3.48 2.54 -4.23 -15.75 -25.73 -28.82
-34.21 -32.96 -25.33 -19.61 -11.54 0.24 5.09 2.59 -4 -13.45 -25.12 -29.42
-35.5 -31.33 -26.75 -20.93 -9.46 -0.46 4.89 2.44 -4.23 -12.88 -25.83 -24.65
-34.18 -28.28 -29.56 -22.58 -9.38 0.94 4.79 3.04 -1.7 -12 -20.87 -24.32
-30.46 -31.23 -24.26 -21.21 -11.31 0.64 5.19 3.14 -1.63 -12.95 -22.82 -28.02
-33.53 -32.03 -32.3 -16.91 -10.08 2.14 5.44 3.59 -3.78 -12.75 -23.38 -32.02
-27.16 -27.58 -28.29 -22.84 -11.96 0.94 5.59 4.17 -0.77 -9.7 -18.7 -19.92
-27.43 -24.23 -29.05 -17.64 -11.51 0.89 5.29 2.54 -3.62 -13.6 -23.5 -28.8
-38.45 -30.53 -30.55 -19.88 -8.67 2.04 4.79 2.54 -0.7 -11.47 -22.15 -30.16
-27.62 -31.98 -28.22 -16.03 -5.31 2.36 5.19 3.84 -2.75 -11.72 -18.05 -28.26
-30.55 -28.31 -29.3 -21.48 -10.04 1.64 5.32 4.54 -1.3 -9.7 -22.52 -29.19
-24.6 -28.68 -30.25 -19.68 -11.14 0.49 3.89 1.84 -2.15 -14 -25.15 -30.99
-28.9 -32.52 -26.46 -19.31 -5.41 2.94 5.19 2.84 -2.12 -11.54 -19.7 -29.71
-31.83 -32.4 -29.35 -25.16 -7.96 1.34 5.09 4.37 -1.08 -10.57 -21.02 -27.8
-30.78 -33 -33.12 -15.51 -8.63 0.44 5.19 2.91 -1.7 -14.45 -22.02 -29.59
-37.38 -32.66 -33.95 -16.9 -9.05 1.88 5.63 3.08 -1.66 -11.14 -19.89 -22.91
-33.08 -38.5 -30.98 -21.57 -9.07 0.71 6.63 2.68 -3.73 -15.98 -21.99 -29.88
-38.97 -35.4 -27.51 -21.57 -10.55 -0.62 5.13 3.28 -1.06 -9.44 -19.29 -30.25
-35.18 -21.65 -21.87 -22.57 -9.17 -0.99 5.83 2.31 -2.76 -13.38 -21.79 -28.18
-27.52 -30.96 -25.74 -19.87 -13.41 -0.29 3.76 2.91 -2.26 -12.51 -27.33 -31.75
-35.05 -34.13 -26.74 -19.17 -13.23 -0.42 2.41 3.88 -0.36 -11.09 -22.78 -22.24
-27.64 -34.95 -29.43 -23.24 -8.07 0.58 4.56 2.78 -2.96 -12.51 -26.83 -34.22
-34.16 -26.57 -29.21 -27.98 -9.66 1.48 6.1 2.88 -2.68 -11.06 -25.93 -25.91
-25.36 -28.96 -34.1 -18.58 -10.74 -0.79 5.26 4.38 -1.36 -11.12 -19.69 -31.55
-39.05 -29.29 -32.38 -23.54 -11.14 -1.09 5.15 3.38 0.23 -12.51 -23.93 -27.91
-29.26 -32.86 -33.18 -21.37 -11.01 1.96 5.53 3.78 -1.34 -12.01 -22.58 -29.03
-27.09 -29.97 -27.39 -19.84 -7.39 1.8 6.03 3.78 -1.76 -12.91 -22.46 -33.27
-34.9 -29.24 -22.27 -19.9 -7.95 1.48 5.73 3.66 -2.09 -12.69 -22.78 -28.48
-28.31 -29.72 -28.51 -20.69 -8.09 2 5.83 4.08 -2.34 -12.21 -22.96 -26.08
-34.34 -34.43 -29.61 -21.84 -7.67 1.58 5.13 4.28 -2.11 -12.31 -24.46 -32.15
-26.86 -29.26 -31.88 -24.12 -13.21 -0.32 5.43 3.18 -2.36 -12.21 -28.28 -36.99
-37.25 -22.22 -24.44 -18.57 -5.98 1.08 4.26 2.88 -2.93 -12.91 -24.95 -28.66
-36.16 -28.76 -26.24 -22.69 -8.85 0.7 5.03 4.77 -2.76 -13.43 -28.15 -33.02
-38.05 -35.39 -25.34 -24.91 -9.66 -0.02 5.41 2.61 -2.33 -13.01 -22.66 -28.18
-35.15 -34.81 -32.48 -22.4 -8.87 1.78 5.15 3.68 -2.14 -13.11 -23.38 -28.98
-28.73 -31.26 -28.02 -21.17 -8.19 1.65 5.56 4.26 -2.14 -13.08 -21.96 -28.28
-27.54 -28.67 -28.71 -20.47 -10.77 1.2 4.93 3.41 -1.89 -12.61 -23.75 -27.48
-28.96 -29.55 -28.14 -20.79 -8.06 1.88 5.73 4.48 -1.59 -12.28 -23.26 -31.08
-31.33 -30.67 -28.54 -25.4 -8.37 1.18 5.25 3.6 -1.86 -13.39 -22.26 -27.59
-29.46 -31.32 -28.12 -20.49 -7.95 2.16 5.74 4.03 -1.53 -11.96 -22.56 -28.48
-27.62 -31.26 -24.67 -18.18 -9.57 2.68 5.83 4.6 1.31 -10.51 -19.33 -31.51
-29.34 -31.16 -32.21 -22.17 -9.67 2.78 6.71 5.48 -1.66 -13.51 -17.68 -23.58
-29.44 -29.06 -30.31 -19.36 -9.17 1.48 5.43 3.26 -2.36 -12.81 -26.56 -30.18
-25.14 -26.16 -31.64 -20.97 -8.67 1.06 4.43 2.88 -2.06 -15.48 -25.66 -28
-18.61 -34.18 -32.22 -19.97 -9.97 1.68 5.23 3.68 -2.66 -11.28 -24.71 -30.68
-33.77 -35.14 -25.44 -20.02 -9.47 0.08 4.12 3.18 -3.59 -15.11 -25.09 -28.18
-33.57 -32.32 -24.69 -18.97 -10.9 0.88 5.73 3.23 -3.36 -12.81 -24.48 -28.78
-34.86 -30.69 -26.11 -20.29 -8.82 0.18 5.53 3.08 -3.59 -12.24 -25.19 -24.01
-33.54 -27.64 -28.92 -21.94 -8.74 1.58 5.43 3.68 -1.06 -11.36 -20.23 -23.68
-29.82 -30.59 -23.62 -20.57 -10.67 1.28 5.83 3.78 -0.99 -12.31 -22.18 -27.38
-32.89 -31.39 -31.66 -16.27 -9.44 2.78 6.08 4.23 -3.14 -12.11 -22.74 -31.38
-26.52 -26.94 -27.65 -22.2 -11.32 1.58 6.23 4.81 -0.13 -9.06 -18.06 -19.28
-26.79 -23.59 -28.41 -17 -10.87 1.53 5.93 3.18 -2.98 -12.96 -22.86 -28.16
-37.81 -29.89 -29.91 -19.24 -8.03 2.68 5.43 3.18 -0.06 -10.83 -21.51 -29.52
-26.98 -31.34 -27.58 -15.39 -4.67 3 5.83 4.48 -2.11 -11.08 -17.41 -27.62
-29.91 -27.67 -28.66 -20.84 -9.4 2.28 5.96 5.18 -0.66 -9.06 -21.88 -28.55
-23.96 -28.04 -29.61 -19.04 -10.5 1.13 4.53 2.48 -1.51 -13.36 -24.51 -30.35
-28.26 -31.88 -25.82 -18.67 -4.77 3.58 5.83 3.48 -1.48 -10.9 -19.06 -29.07
-31.19 -31.76 -28.71 -24.52 -7.32 1.98 5.73 5.01 -0.44 -9.93 -20.38 -27.16
-30.14 -32.36 -32.48 -14.87 -7.99 1.08 5.83 3.55 -1.06 -13.81 -21.38 -28.95
-29.77 -35.18 -33.58 -22.79 -8.89 0.58 5.06 3.01 -2.36 -12.29 -20.76 -30.38
-31.53 -26.16 -29.51 -18.67 -8.42 0.98 3.66 3.58 -1.98 -12.31 -22.28 -31.58
-32.66 -28.68 -28.41 -15.85 -7.79 1.95 4.23 3.48 -2.86 -15.41 -25.73 -30.03
-28.17 -30.46 -25.09 -22.37 -11.07 -0.52 4.26 2.68 -2.46 -12.31 -24.19 -25.68
-18.94 -26.39 -29.59 -22.25 -12.47 -0.42 4.53 4.08 -3.03 -11.34 -19.68 -28.59
-30.24 -32.49 -26.89 -20.67 -7.47 1.78 4.83 2.78 -1.34 -9.51 -21.84 -26.08
-27.84 -33.96 -27.91 -20.78 -9.77 -0.19 5.61 4.35 -0.36 -9.51 -20.26 -28.28
-29.21 -33.46 -31.61 -20.55 -8.17 3.48 6.53 4.28 -0.86 -10.28 -19.46 -32.38
-25.74 -30.76 -27.81 -14.34 -5.64 2.25 5.73 2.78 -2.16 -12.71 -22.36 -32.53
-29.64 -32.64 -28.51 -21.67 -9.67 0.48 4.55 4.18 -2.26 -17.11 -24.46 -22.79
-24.54 -30.56 -29.89 -19.57 -7.44 1.28 6.63 1.98 -2.36 -13.04 -27.58 -27.65
-23.12 -29.49 -30.11 -17.34 -7.27 2.48 6.13 3.08 -1.96 -11.61 -22.26 -33.26
-31.43 -28.96 -24.84 -20.69 -11.25 2.58 5.53 4.08 -2.26 -14.31 -25.46 -25.38
-21.97 -27.17 -32.53 -20.97 -5.77 1.78 5.7 4.08 -0.66 -10.81 -18.83 -30.88
-30.04 -28.46 -21.31 -22.35 -8.54 1.48 6.63 3.78 -1.18 -10.8 -23.56 -23.96
-26.84 -32.46 -34.03 -21.65 -5.17 1.58 5.93 2.48 -2.46 -12.21 -21.93 -31.13
-24.54 -23.77 -23.81 -17.57 -8.29 1.58 5.91 4.16 -4.16 -14.01 -21.46 -26.18
-23.07 -28.26 -30.21 -19.27 -9.17 0.58 5.43 1.75 -2.66 -15.29 -22.16 -25.58
-36.04 -35.66 -31.14 -22.17 -8.97 3.85 5.73 4.01 -2.53 -12.4 -22.66 -26.78
-29.81 -34.94 -28.04 -20.57 -10.52 0.13 3.43 2.36 -4.76 -16.73 -19.36 -32.11
-27.84 -31.39 -29.71 -23.87 -9.45 2.48 5.33 3.18 -1.86 -15.01 -18.06 -27.08
-28.72 -31.39 -21.54 -19.87 -4.07 3.08 6.21 2.68 -1.26 -10.71 -25.06 -24.88
-24.04 -32.38 -26.31 -23.67 -7.87 1.95 6.26 5.71 -1.53 -13.18 -22.26 -31.18
-20.74 -32.96 -31.11 -19.97 -5.77 1.98 6.32 3.75 -0.06 -13.33 -29.86 -28.25
-28.91 -28.59 -28.91 -21.97 -6.17 3.58 3.93 2.98 -0.41 -14.24 -21.89 -25.85
-27.14 -33.61 -29.38 -21.34 -9.77 1.41 6.13 3.88 -1.23 -13.21 -22.16 -28.18
-28.67 -26.63 -29.88 -21.04 -7.74 0.08 6.73 4.78 -0.56 -12.84 -25.44 -25.18
-31.72 -29.76 -32.68 -20.37 -10.72 1.71 5.63 2.88 -2.06 -13.01 -19.64 -28.95
-29.84 -33.38 -26.81 -22.14 -8.87 2.28 7.13 6.08 0.24 -8.61 -22.46 -34.6
-32.84 -27.76 -27.36 -21.85 -9.37 0.48 5.1 4.95 -2.76 -14.24 -23.08 -32.88
-28.26 -35.91 -29.18 -25.74 -9.5 1.78 5.33 4.23 -0.96 -15.04 -25.56 -32.31
-26.04 -32.96 -34.99 -20.77 -8.47 2.18 6.83 6.49 0.44 -12.3 -24.46 -26.28
-21.97 -33.37 -26.71 -19.85 -7.57 0.88 6.03 4.68 -1.36 -11.31 -19.76 -30.86
-22.24 -25.89 -27.11 -21.99 -8.37 1.98 5.63 3.3 -2.46 -12.39 -25.16 -30.88
-27.76 -28.76 -27.14 -22.27 -8.2 1.98 5.43 3.98 -0.96 -13.51 -27.85 -27.38
-28.34 -29.63 -25.94 -17.8 -5.77 2.88 5.23 3.48 -2.26 -11.31 -22.76 -29.28
-26.62 -23.34 -26.01 -21.67 -11.5 0.31 4.83 4.08 -1.66 -12.02 -24.76 -25.86
-29.34 -31.26 -27.11 -20.39 -7.7 0.86 6.22 3.68 -2.37 -15.74 -27.16 -19.88
-27.91 -37.78 -28.34 -23.02 -8.47 2.88 5.66 3.28 -0.46 -9.01 -19.73 -29.21
-26.34 -28.03 -33.48 -25.67 -9.97 0.51 6.83 3.86 -2.86 -15.42 -17.61 -24.21
-32.14 -26.24 -29.44 -19.07 -6.97 2.58 5.33 2.48 -3.26 -13.81 -18.56 -25.48
-28.56 -35.16 -26.81 -22.2 -7.47 1.08 5.83 4.78 -3.66 -11.81 -25.58 -33.76
-24.74 -30.06 -31.18 -19.47 -8.47 1.58 6.63 2.85 -1.58 -11.61 -25.93 -28.85
-36.01 -20.88 -24.99 -19.49 -8.2 2.58 5.53 4.28 0.16 -10.51 -24.63 -26.55
-31.21 -37.73 -26.49 -15.47 -4.94 2.98 6.23 5.58 -1.56 -12.31 -21.66 -29.31
-30.54 -31.96 -27.39 -19.35 -6.17 4.03 7.95 6.38 -0.83 -9.23 -17.26 -28.68
-30.39 -29.62 -32.98 -17.38 -8.07 2.35 6.58 2.88 -3.54 -13.66 -22.56 -30.95
-32.83 -24.99 -29.21 -19.43 -7.45 3.03 8.26 2.71 -4.78 -13.81 -23.04 -34.4
-28.28 -26.21 -32.68 -21.67 -8.62 2.93 5.13 3.66 -1.62 -13.42 -26.86 -32.21
-30.36 -28.31 -25.47 -20.02 -6.27 2.08 6.33 5.38 0.14 -11.51 -15.98 -26.38
-23.21 -29.66 -21.4 -20.37 -5.42 2.93 5.63 4.03 -1.61 -12.55 -17.85 -24.33
-29.34 -29.09 -23.47 -17.57 -5.56 2.58 6.96 5.68 -0.43 -10.84 -22.49 -31.3
-30.99 -32.81 -27.76 -20.44 -11.05 1.68 7.03 2.08 -1.86 -11.65 -20.15 -26.57
-31.26 -34.9 -30.01 -21.84 -8.67 1.41 5.28 3.39 -1.03 -13.46 -22.36 -33.88
-33.54 -27.32 -26.39 -18.73 -7.3 2.58 5.6 2.98 -2.26 -12.31 -21.26 -22.68
-30.91 -25.29 -28.24 -18.32 -6.87 2.59 6.93 3.98 -2.78 -13.91 -19.41 -31.6
-32.29 -34.89 -18.98 -16.67 -5.36 3.93 6.83 5.81 -0.36 -10.55 -20.2 -24.85
-27.06 -32.36 -23.97 -15.71 -5.77 3.01 8 4.08 1.21 -9.71 -19.56 -27.19
-25.61 -32.74 -25.51 -17.84 -5.42 4.03 7.88 6.68 -0.23 -9.66 -20.56 -28.87
-28.86 -31.83 -26.61 -21.22 -6.77 2.88 7.23 5.96 0.17 -7.8 -21.66 -30.71
-33.33 -27.73 -26.06 -24.27 -7.07 2.58 6.23 4.58 0.56 -8.61 -21.96 -29.16
-30.66 -24.16 -26.19 -16.94 -6.1 4.38 8.68 6.78 1.52 -9.21 -17.16 -23.15
-31.54 -32.28 -28.53 -19.87 -6.87 2.18 5.43 4.58 0.22 -10.93 -21.03 -22.68
-30.11 -32.86 -27.83 -19.77 -4.17 1.98 5.06 5.28 -0.36 -8.96 -22.23 -21.68
-30.31 -30.51 -28.01 -21.27 -5.2 3.18 7.8 4.88 1.99 -8.31 -18.63 -21.75
-26.11 -28.34 -22.08 -18.99 -7.02 3.08 7.03 3.39 0.14 -10.3 -21.91 -29.18
-30.7 -33.04 -30.44 -18.37 -7.6 2.88 5.63 4.03 -3.23 -8.88 -16.46 -25.88
-28.44 -35.16 -24.68 -15.47 -6.2 3.08 6.91 4.08 -1.66 -12.3 -22.13 -21.73
-26.11 -21.48 -24.78 -17.87 -6.76 1.48 7.3 6.88 0.14 -8.03 -14.26 -25.56
-25.26 -27.61 -30.01 -18.46 -6.46 4.28 8.03 4.68 -0.19 -8.7 -21.71 -28.65
-26.09 -25.16 -27.38 -17.66 -4.77 5.03 7.53 6.13 0.64 -11.66 -16.45 -20.8
-26.23 -25.68 -22.52 -15.47 -6.07 3.26 6.84 5.18 0.04 -9.68 -13.7 -23.82
-24.14 -20.01 -23.81 -14.59 -7.86 2.98 6.41 4.78 2.91 -6.7 -19.85 -30.35
-23.24 -25.02 -25.21 -17.33 -5.41 1.17 8.83 4.34 -0.97 -10.18 -17.86 -25.34
-25.35 -24.99 -24.37 -17.01 -5.6 5.35 8.41 4.63 2.82 -7.82 -18.32 -17.79
-29.49 -24.73 -32.23 -16.42 -6.89 2.5 2.96 3.42 -1.52 -11.1 -20.81 -23.96
-24.06 -19.63 -26.13 -16.48 -6.6 2.84 3.57 8.44 2.75 -8.15 -16.03 -22.59
-22.31 -18.42 -23.84 -17.71 -7.23 1.78 8.09 4.75 -0.67 -11.47 -22.83 -17.46
-28.11 -28.11 -24.87 -17.85 -6.48 2.65 9.21 3.71 1.81 -9.37 -16.03 -27.91
-25.11 -28.16 -30.91 -15.35 -2.71 6.83 6.99 5.83 1.33 -4.8 -9.75 -21.58
-29.72 -22.88 -29.73 -16.21 -3.94 4.77 10.68 4.57 0.76 -6.55 -9.49 -24.73
-23.42 -30.67 -20.95 -20.2 -8.79 8.62 8.05 2.06 -0.85 -9.38 -13.71 -18.88
-22.91 -26.53 -18.83 -15.97 -4.58 6.87 6.73 6.42 1.56 -6.38 -14.34 -27.67
-26.34 -22.34 -25.27 -16.4 -4.98 5.43 12.43 6.36 -0.43 -3.84 -19.15 -20.57
-26.48 -21.45 -26.18 -16.53 -6.42 0.5 7.59 4.93 0.89 -8.05 -12.83 -22.05
-26.37 -24.81 -22.93 -16.7 -5.51 4.38 12.33 2.73 1.18 -8.24 -17.9 -19.77
-32.36 -22.81 -23.27 -16.62 -6.48 1.33 5.3 5.27 1.63 -8.46 -21.86 -29.56
-27.73 -20.47 -26.12 -17.59 -5.65 7.31 10.59 4.87 2.41 -6.01 -11.39 -19.03
-27.73 -13.86 -26.16 -18.79 -8.17 -1.03 3.6 3.92 3.73 -6.15 -19.21 -25.89
-26.66 -25.28 -23.66 -20.56 -7.63 2.46 5.95 1.17 0.86 -6.91 -13.76 -26.86
-23.11 -26.17 -25.5 -19.15 -7.48 0.89 5.86 3.94 0.38 -9.43 -17.35 -25.77
-31.67 -26.65 -21.73 -22.58 -5.42 5.21 8.81 5.42 1.38 -7.2 -16.3 -23.21
-20.7 -28.72 -23.12 -20.19 -5.36 5.17 5.09 6.71 3.8 -8.66 -17.96 -21.4
-25.19 -21.1 -27.9 -16.85 -5.48 3.12 4.65 3.64 -0.35 -9.47 -20.1 -23.1
-22.58 -19.33 -19.37 -16.74 -7.3 3.59 7.32 8.79 4.11 -9.15 -10.1 -21.79
-29.22 -17.49 -23.64 -16.38 -3.95 6.76 8.63 8.32 -1.04 -8.3 -18.78 -24.38
-24.23 -24.52 -14.28 -15.08 -6.82 5.63 8.65 7.17 2.73 -6.81 -17 -23.27
-20.34 -25.23 -21.77 -18.07 -7.13 3.7 6.02 10.04 3.21 -7.36 -16.33 -20.71
-26.85 -24.63 -25.67 -21.31 -7.66 4.96 10.02 4.19 1.04 -5.48 -11.76 -21.52
-22.16 -19.5 -19.59 -16.92 -2.67 2.33 3.12 4.29 1.85 -4.07 -12.1 -19.42
-29.61 -25.67 -24.35 -14.92 -0.4 9.15 9.7 6.44 4.16 -7.37 -11.3 -20.44
-29.98 -19.92 -17.56 -19.17 -5.74 3.82 6.85 4.84 0.26 -7.6 -14.15 -23.72
-21.35 -16.95 -15.63 -11.11 -3.8 2.58 4.87 5.3 1.02 -6.35 -11.25 -22.82
-20.64 -18.34 -23.54 -16.46 -3.18 5.15 9.57 5.59 2.23 -8.16 -11.39 -21.22
-23.22 -18.27 -18.88 -15.24 -3.36 9.07 4.07 2.56 4.06 -5.18 -6.58 -14.53
-22.89 -20.72 -23.76 -14.6 -4.61 3.24 7.45 4.28 -0.22 -5.92 -11.4 -23.23
-25.01 -15.31 -20.54 -14.32 -1.34 4.24 7.49 6.81 3.89 -5.41 -10.97 -17.35
-25.56 -23.99 -24.36 -15.77 -5.21 4.19 4.68 3.41 0.45 -7.07 -10.97 -17.73
-18.38 -21.78 -30.42 -14.82 -6.66 7.94 10.27 4.75 1.88 -9.16 -9.43 -19.9
-21.17 -24.08 -24.71 -13.14 -7.24 2.55 5.68 3.55 1.63 -7.99 -11.87 -19.74
-22.72 -18.37 -22.04 -18.43 -6.43 2.34 5.4 6.28 1.73 -9.28 -19.15 -19.03
-26.47 -22.12 -20.26 -15.79 -5.34 10.49 10.73 7.07 3.75 -4.06 -20.15 -18.72
-20.82 -20.18 -16.66 -20.69 -1.46 4.65 6.72 4.99 5.63 -1.11 -11.54 -22.11
-25.99 -19.57 -21.01 -12.4 -3.68 5.46 7.98 6.72 2.62 -4.14 -9.14 -21.22
-20.39 -23.26 -17.89 -21.26 -7.34 4.1 12.65 10.43 1.69 -7.97 -10.55 -19.75
-29.98 -23.26 -19.07 -9.84 -4.73 8.9 13.58 8.87 3.33 -4.1 -15.34 -14.16
-27.46 -26.2 -21.1 -13.28 -2.13 4.08 5.97 6.29 0.49 -4.88 -10.18 -16.44
-16.95 -17.14 -17.6 -17.09 -1.9 9.72 13.81 6.49 2.33 -6.03 -5.56 -15.99
-17.16 -22.44 -18.12 -14.1 -2.43 9.36 8.89 8.45 3.86 -5.85 -9.13 -14.56
-22.28 -18.37 -24.43 -16.8 -3.13 4.33 5.06 4.59 2.67 -3.33 -6.38 -18.47
-26.2 -19.49 -18.36 -17.39 -3.58 8.2 8.16 7.85 3.53 -6.64 -12.23 -18.4
-17.36 -21.9 -24.47 -17.47 -5.73 6.23 8.07 8.96 4.01 -6.63 -10.99 -14.06
-17.74 -22.6 -19.32 -14.73 -1.98 6.74 10.59 7.6 3.28 -6.87 -13.55 -20.98
-21.28 -18.66 -20.57 -15.58 -4.31 5.79 9.42 6.1 3.18 -5.99 -13.79 -19.77
-18.76 -15.23 -20.69 -18.58 -3.46 10.75 8 5.71 3.49 -3.39 -9.64 -14
-17.34 -16.19 -17.72 -13.65 -0.16 8.89 11.69 6.38 5.88 -4.72 -9.32 -16.03
-17.99 -20.8 -21.23 -14.69 -3.48 5.72 8.34 9.52 4.57 -4.69 -11.03 -10.17
-20.63 -21.38 -22.86 -16.82 -4.67 7.73 7.95 6.88 2.12 -6.4 -7.82 -15.31
-18.35 -24.26 -26.87 -16.32 -2.77 6.1 9.91 7.41 4.51 -7.37 -12 -15.16
-17.24 -18.44 -16.07 -14.18 0.17 10.4 8.58 6.22 4.15 -4.24 -9.31 -12.2
-15.02 -13.65 -18.15 -13.05 -3.21 10.76 9.08 8.19 2.22 -1.79 -11.11 -12.23
-15.15 -15.44 -18.99 -15.07 1.14 9.78 12.05 10.01 2.44 -5 -12.88 -17.89
-21.34 -20.15 -24.26 -15.38 -3.76 7.2 12.59 5.64 3.9 -3.92 -10.87 -19.88
-21.21 -15.57 -22.31 -8.38 0.68 7.13 10.88 5.92 3.45 -0.85 -8.98 -16.31
-17.01 -18.36 -16.96 -11.01 0.49 8 11.73 7.71 3.84 -4.78 -4.17 -9.12
-17.86 -12.81 -17.81 -15.27 -1.53 9.19 14.19 9.38 7.3 -1.37 -7.98 -10.34
-12.67 -13.67 -17.3 -9.99 0.42 9.26 8.09 6.79 3.45 -2.73 -8.19 -20.07
-19.32 -15.07 -18.14 -16.88 -1.36 9.55 7.85 7.01 1.83 -4.26 -11.14 -17.94
-23.27 -18.38 -22.12 -11.06 -0.09 6.76 11.82 5.34 5.32 -5.69 -11.86 -13.1
-23.71 -12.12 -19.93 -12.9 -1.28 9.71 10.23 4.84 7.99 -3.18 -12 -13.47
-17.34 -18.99 -19.83 -10.54 -2.36 8.73 6.57 7.53 1.97 -2.66 -8.81 -12.2
-14.04 -17.44 -18.67 -14.8 -2.18 8.25 8.52 5.6 6.77 -3.68 -11.75 -18.1
-15.9 -22.26 -10.1 -13.36 -2.95 6.51 10.09 5.22 4.32 0.53 -9.29 -19.33
-23.48 -18.74 -21.38 -14.25 -1.5 12.16 9.36 8.52 3.45 -4.46 -9.62 -19.33
-17.19 -17.34 -19.47 -12.78 1.77 10.22 11.86 15.27 7.17 -3.54 -9.6 -17.91
-16.94 -21.69 -18.48 -14.26 -1.94 10.84 12.08 9.96 2.41 -5.09 -8.62 -13.58
-19.21 -21.06 -17.98 -11.79 -3.61 7.02 9.4 6.08 5.28 -1.51 -5.48 -7.95
-15.16 -8.16 -14.9 -10.05 0.8 6.5 8.46 6.44 4.93 -1.2 -6.73 -11.9
-11.8 -11.09 -20.26 -12.06 0.91 7.12 10.87 11.11 6.11 -2.88 -12.25 -14.57
-10.13 -17.18 -17.4 -13.63 0.54 5.55 9.56 7.51 4.89 -0.71 -9.07 -13.06
-17.64 -18.69 -20.27 -13.43 -0.75 6.18 4.88 5.78 6.04 2.47 -6.73 -12.76
-13.01 -10.34 -14.81 -15.69 -1.97 6.02 3.63 6.87 5.43 -3.7 -8.5 -11.68
-16.96 -18.11 -22.01 -14.46 -1.87 11.02 7.67 7.34 5.31 -1.06 -5.04 -13.36
-14.33 -10.53 -17.17 -13.2 -1.48 7.26 14.11 11.17 5.44 -1.02 -9.5 -9.76
-10.25 -8.19 -11.61 -9.29 1.65 9.95 5.79 6.43 6.74 -1.38 -3.21 -16.57
-14.77 -13.02 -18.11 -12.41 -2.34 1.01 9.68 6.19 5.24 -3.04 -11.91 -9.76
-18.85 -17.74 -18.07 -13.36 -1.48 8.54 9.58 5.57 3.94 -3.87 -9.35 -14.23
-18.78 -16.6 -21.26 -11.09 -1.79 8.96 12.48 15.09 5.48 -2.51 -2.53 -9.73
-10.31 -10.53 -13.03 -11.73 0.01 6.61 8.48 7.36 2.77 -3.05 -6.51 -9.98
-12.28 -12 -16.77 -8.28 1.92 14.74 10.52 9.66 6.59 -0.82 -4.94 -9.21
-11.03 -9.93 -12.05 -9.3 2.2 9.29 8.71 16.06 9.14 -1.64 -10.47 -11.88
-15.24 -11.48 -16.13 -14.42 1.77 9.81 14.11 8.91 5.7 -0.91 -9.73 -13.32
-19.83 -17.28 -16.38 -7.25 2.4 15.43 11.88 10.44 5.84 -2.74 -7.05 -12.99
-8.43 -14.98 -18.3 -8.26 1.1 9.44 9.92 9.19 10.73 -1.34 -6.45 -9.19
-12.32 -8.62 -13.04 -12.84 0.28 13.48 15.59 14.58 10.58 0.09 -6.11 -9.97
-11.92 -11.81 -19.45 -9.34 0.12 13.64 15.72 14.03 5.83 -0.39 -8.59 -9.7
-14.19 -11.52 -17.77 -13.87 2.26 8.67 13.33 11.4 10 -0.4 -4.34 -10.88
-9.52 -13.04 -14.14 -9.68 3.64 11.77 9.6 8.95 6.22 -0.35 -7.99 -11.22
-11.06 -10.89 -15.15 -11.62 0.08 11.16 12.25 10.27 6.37 -1.49 -5.93 -7.21
-10.25 -7.88 -17.44 -9.88 -2.17 6.72 11.5 6.43 6.43 -2.52 -3.71 -13.24
-15.94 -16.24 -16.75 -7.61 2.51 9.49 15.25 11.59 5.05 -0.57 -6.37 -7.41
-9.47 -10.31 -14.38 -11.46 -0.47 9.1 12.7 9.1 5.28 -0.2 -8.5 -13.75
-11.23 -10.89 -15.31 -10.69 2.94 12.79 8.52 10.34 6.45 -1.09 -3.02 -9.37
-8.44 -10.1 -13.43 -7.82 1.43 12.39 13.61 10.02 9.81 -1.28 -7.69 -9.32
-8.09 -7.01 -8.32 -9.62 3.92 12.37 14.07 14.4 7.58 0.65 -4.86 -8.37
-13.41 -9.78 -10.4 -9.32 2.19 13.55 17.39 14.76 8.59 1.16 -1.72 -10.79
-12.51 -5.55 -10.98 -9.57 -1 9.98 10.79 10.74 6.93 -0.86 -3.33 -7.77
-10.12 -14.07 -18.8 -10.13 0.06 6.15 6.83 11.23 6.48 0.94 -2.93 -8.09
-9.93 -9.81 -10.92 -7.19 1.91 14.5 18.88 12.19 7.27 -0.4 -6.56 -12.84
-8.52 -12.96 -12.84 -7.8 0.28 5.82 16.8 16.24 10.1 -0.33 -6.17 -8.11
-7.81 -7.61 -9.7 -10.52 2.3 13.48 13.54 14.65 9.59 2.59 -2.93 -9.75
-10.46 -8.35 -9.57 -5.67 1.59 12.89 10.91 9.52 6.68 0.39 -1.61 -10.9
-10.55 -12.44 -13.45 -8.73 2.47 14.8 17.65 14.71 9.86 1.99 -4.43 -10.69
-11.58 -9.47 -9.84 -4.25 4.58 12.46 13.72 13.17 9.22 1.97 -5.86 -8.16
-8.2 -7.45 -12.58 -9.33 2.67 12.99 13.05 13.89 7.75 0.27 -6.16 -6.34
-11.49 -5.41 -12.91 -7.92 1.92 13.83 16.04 15.65 9.09 2.57 -4.41 -10.52
-8.98 -7.95 -8.75 -8.27 5.81 12.15 12.02 15.71 8.74 1.8 -3 -4.68
-6.94 -5.31 -10.62 -7.34 0.69 6.66 14.86 13.04 7.45 -1.37 -4.98 -10.07
-8.72 -7.4 -12.5 -5.23 4.56 9.46 18.3 11.99 8.22 -0.04 -5.63 -13.93
-12.9 -7.55 -15.12 -9.63 0.42 12.07 17.54 16.83 10.05 1.36 -5.88 -7.11
-6.49 -4.3 -8.9 -9.08 2.2 15.59 15.82 17.59 12.87 2.16 -4.73 -4.1
-8.49 -8.08 -15.85 -6.09 3.52 10.59 13.02 11.09 8.06 -0.03 -2.3 -7.83
-5.86 -11.85 -9.56 -4.15 3.98 9.77 14.07 11.89 10.93 3.61 -2.16 -7.93
-11.96 -5.52 -9.59 -8.88 0.21 9.43 9.86 18.48 9.33 2.56 -1.67 -3.08
-2.58 -5.4 -6.2 -4.71 4.56 16.2 19.06 12.06 9.41 1.07 -5.23 -8.27
-9.67 -8.3 -7.04 -5.62 6.37 13.43 14.89 14.46 8.48 1.41 -3.23 -6.92
-8.47 -5.19 -14.64 -6.64 4.49 16.81 18.87 16.25 10.27 2.81 -3.43 -9.45
-4.93 -3.96 -7.8 -5.14 7.77 10.61 17.2 13.75 10.24 3.31 0.38 -6.71
-9.67 -6.35 -6.14 -3 2.64 12.41 19.62 16.3 10.06 3.36 -3.69 -9.18
-12.6 -6.55 -9.31 -7.5 5.67 13.12 14.7 17.14 10.4 1.32 -5.72 -8.8
-8.91 -5.15 -7.99 -7.45 2.73 14.08 18.09 11.67 11.79 3.11 -4.54 -9.58
-9.28 -2.79 -6.74 -7.41 1.21 9.03 15.77 14.38 10.6 2.55 0.1 -6.06
-14.88 -4.03 -10.69 -6.93 1.68 8.22 11.74 13.42 10.63 2.44 -2.32 -8.25
-10.02 -5.47 -9.93 -4.77 6.83 16.32 18.9 10.61 9.7 4.74 -2.57 -8.2
-7.84 -6.06 -6.6 -3 4.58 12.24 12.32 12.64 10.43 2.37 -3.46 -10.09
-8.96 -5.9 -6.77 -5.55 8.93 12.97 13.85 15.62 8.48 3.37 -2.46 -5.26
-10.97 -8.8 -9.62 -6.68 3.62 10.47 17.26 13.79 7.18 1.96 -2.24 -5.26
-10.8 -4.25 -9.29 -6.38 7.06 9.73 15.5 16.19 9.73 5.34 -3.37 -8.59
-7.79 -6.76 -8.14 -4.2 5.94 12.22 19.61 17.36 6.83 0.75 -2.78 -7.14
-7.27 -9.42 -10.78 -5.44 7.34 13.26 13.83 10.23 10.29 5.82 -2.98 -7.38
-5.54 -5.4 -9 -5.48 6.2 16.3 15.93 13.41 10.23 4.26 2.15 -3.58
-8.92 -4.5 -4.61 -4.47 4.58 15.22 18.14 15.27 11.76 4.25 1.52 -4.73
-5.69 -4.86 -8.81 -5.28 3.71 14.96 19.92 16.67 11.95 3.87 0.28 -7.52
-8.43 -11.36 -12.11 -6.56 5.24 11.48 13.8 12.63 12.13 5.83 1.6 -8.03
-6.04 -5.65 -8.13 -6.19 2.53 15.52 17.99 14.69 11.9 6.7 1.01 -6.97
-6.97 -5.33 -8.32 -2.54 7.19 15.62 13.74 17 12.02 2.59 -0.39 -4.95
-5.86 -2.59 -4.85 -5.88 2.55 20.87 17 17.82 10.53 4.41 -1.17 -11.19
-4.92 -3.28 -5.55 -3.49 4.4 14.53 17.01 16.89 13.4 6.53 -0.24 -0.6
-5.78 -1.41 -3.67 -2.7 6.41 13.07 15.28 15.39 13.59 3.22 -0.24 -2.09
-6.61 -4.38 -5.64 -3.68 6.78 16.02 18.22 13.74 14.1 6.24 -3.51 -1.87
-5.87 -2.22 -6.25 -4.02 6.87 13.11 15.15 14.16 13.16 3.28 -0.45 -1.49
-2 -1.02 -3.87 -1.68 6.14 14.27 20.42 15.36 10.4 5.74 0.5 -9.53
-3.33 -3.73 -5.79 -4.5 5.44 13.03 15.7 13.03 10.17 3.82 -3.85 -4.43
-7.56 -5.81 -6.82 -2.1 5.47 13.59 13.44 11.75 9.54 3.77 -4.48 -10.4
-9.84 -8.21 -10.1 -6.14 4.44 9.94 14.17 12.45 10.43 2.78 -4.63 -9.09
-5.17 -3.95 -6.6 -3.95 5.49 18.1 19.79 15.18 10.41 4.63 -1.22 -10.51
-8.12 -5.3 -7.97 -7.77 6.13 15.96 19.17 13.26 11.92 3.29 -1.78 -9.96
-11.26 -2.26 -6.89 -3.87 5.03 9.18 18.67 18.27 10.89 5.27 -2.74 -7.57
-11.02 -11.73 -7.46 -5.77 4.89 15.63 13.48 15.91 10.85 3.12 -3.24 -9.19
-5.19 -3.96 -6.95 -5.94 4.27 11.61 17.22 18.17 13.5 4.99 -2.21 -8.1
-10.78 -8.81 -8.5 -5.25 7.93 14.88 19.09 12.01 8.98 3.37 -2.14 -2.39
-5.58 -6.74 -6.4 -2.94 6.94 18.35 21.2 19.35 10.47 4.45 2.42 -2.71
-3.72 -2.17 -7.46 -5.22 10 15.87 14.43 15.74 11.82 5.12 -0.76 -4.29
-4.37 -4.3 -7.13 -2.98 4.37 15.27 17.52 17.5 15.39 6.82 -0.08 -2.27
-1.63 -1.31 -6.03 -2.86 11.03 19.53 19.64 14.97 11.67 6.17 1.38 -3.81
-5.53 -5.8 -6.23 -2.01 8.42 14.67 15.26 14.81 11.96 6.6 -0.32 -3.31
-6.89 -3.55 -6.58 -3.12 4.75 9.8 13.67 16.47 12.36 4.36 -1.92 -2.22
-4.84 -3.67 -5.59 -3.95 2.51 11.62 19.37 17.22 12.79 6.56 2.73 -5.6
-8.01 -6.36 -6.83 -3.77 5.9 19.37 21 16.2 12.41 7.52 1.32 0.32
-5.12 -4.28 -5.96 0.57 10.3 18.09 20.52 15.09 11.17 4.78 2.04 -4.32
-2.55 -4.46 -8.73 -4.25 7.3 15.19 19.83 20.47 13.92 6.9 1.41 -3.91
-8.4 -1.95 -5.6 -3.53 5.34 11.99 13.1 15.74 10.18 4.44 1.23 -3.44
-6.79 -3.37 -6.1 -3.67 9.01 18 16.36 15.02 13.32 6.36 0.62 -1.62
-4.23 -1.37 -7.37 -4.35 5.1 17.07 20.9 16.58 10.15 5.04 -1.22 -4.72
-6.59 -3.57 -8.58 -3.59 6.48 19.13 23.58 16.13 14.27 4.69 -0.96 -5.46
-4.72 -5.28 -5.29 -4.42 6.76 15.92 16.07 19.35 12.33 4.76 -0.5 -4.71
-0.92 2.2 -6.98 -4.23 4.19 15.27 14.8 15.48 14.02 5.61 0.09 -5.02
-2.48 -0.97 -3.54 -0.12 6.2 14.28 19.22 15.93 11.43 5.51 0.57 -2.35
-3.55 -3.77 -5.14 -3.31 6.24 13.59 18.31 16.63 11.82 4.93 1.58 -1.99
-4.99 -1.29 -5.84 -2.66 4.24 14.05 14.97 13.04 15.4 7.16 3.19 -2.5
-4.9 -0.46 -6.55 -5.12 3.9 17.63 19.84 14.44 13.47 6.53 0.01 -8.42
-9.02 -9.16 -7.32 -5.04 8.49 16.25 15.98 15.05 11.56 5.69 -0.31 -7.21
-5.27 -1.01 -7.87 -3.46 1.5 14.88 15.61 14.57 11.99 7.35 3.38 -4.15
-6.66 -1.5 -8.92 -1.69 7.72 16.82 19.33 12.54 14.38 6.31 2.69 2.07
-3.05 -1.89 -6.91 -3.62 7.01 14.12 15.79 16.49 10.62 4.63 -0.23 -5.57
-6.58 -3.05 -5.98 -3.76 2.42 14.7 19.47 16.01 11.76 5.95 4.28 -1.68
-3.74 0.96 -5.71 -2.47 5.97 14.48 14.03 18.49 12.01 6.9 2.09 2.14
-3.29 -0.85 -4.92 -3.43 4.87 14.41 19.48 20.45 13.09 6.61 -1.03 -7.31
-4.95 -4.01 -7.39 -3.86 2.58 15.9 17.36 14.51 12.04 6.7 -0.21 -7.52
-2.81 -1.57 -5.48 -2.06 8.15 15.01 17.32 17.93 12.04 5.2 1.17 -2.02
-7.88 -2.33 -7.08 -5.32 3.28 17.46 18.64 15.96 13.68 7.14 4.21 -2.73
-0.53 -0.32 -3.59 -3.94 7.88 15.25 16.21 18.76 13.95 8.06 0.15 -3.06
-6.87 -5.38 -8.23 -5.33 6.6 14.69 21.01 13.6 11.86 6.88 3.56 -1.76
-6.75 -1.98 -5.04 -2.7 6.8 16.09 17.71 21.65 15.91 8.49 0.95 -5
-4.33 -2.31 -1.66 -1.19 5.31 19.22 17.7 18.55 14.11 6.6 3.97 0.64
-2.44 -3.01 -7.55 -4.18 5.25 18.52 17.35 14.62 14.02 4.43 0.74 -5.26
-7.2 -6.36 -6.39 -2.41 9.18 16.65 16.53 14.71 12.53 7.33 -2.47 -1.94
-7.03 -5.85 -6.75 -3.18 7.37 11.85 13.47 10.61 14.08 4.63 1.24 -7.91
-6.97 -3.38 -4.52 -4.48 4.81 11.13 13.37 14.01 12.26 5.76 1.52 -3.8
-5.9 -2.11 -4.56 -4.79 4.94 12.77 21.57 17.57 11.94 7.49 0.49 -2.77
-4.77 -3.35 -4.44 -3.27 9.36 12.59 14.88 17.86 14.17 6.4 0.25 -8.35
-2.21 -1.54 -2.92 -3.77 9.26 14.61 18.3 16.31 13.6 7.88 2.74 -3.4
-5.04 -3.95 -6.58 -3.47 6.45 14.39 18.1 16.36 13.89 10.11 2.53 -1.11
-3.99 -1.37 -5.52 -3.23 10.56 18.56 18.72 18.02 17.25 6.71 3.47 -4.84
-3.84 -6.61 -5.93 -4.64 4.97 15.8 18.51 16.43 11.95 7.29 1.79 0.16
-4.01 -1.29 -4.87 -2.96 5.44 21.32 20.28 18.39 14.23 9.1 2.04 -1.73
-4.15 -1.29 -7.52 0.44 4.66 18.33 19.93 17.79 13.85 7.38 0.79 -7.1
-8.02 -5.55 -7.33 -1.75 10.12 17.87 21.02 17.4 15.5 6.56 2.32 -1.91
-5.41 0.46 -3.71 -3.82 4.83 17.95 15.76 16.64 15.15 5.17 -0.64 -3.53
-3.92 -1.3 -5.51 -3.03 4.12 14.85 23.59 17.45 14.99 5.13 3.21 -0.25
-3.43 -3.59 -3.43 -1.02 7.18 17.16 16.91 16.12 14.64 7.81 4.47 -3.21
-5.31 -3.02 -8.91 -2.5 6.57 15.88 20.32 15.98 12.69 8.69 3.52 -1.88
-5.28 -0.42 -3.65 -4.13 8.89 17.19 17.49 17.43 14.8 6.98 0.65 -6.8
-3.38 -1.92 -4.92 -2.97 9.77 13.78 17.75 13.09 14.33 8.45 2.86 -0.09
-3.61 -0.5 -4.02 -1.37 6.86 15.36 22.11 14.77 13.4 7.59 1.88 -2.74
-7.47 -5.19 -6.36 -4.42 9.13 17.57 14.69 14.71 13.53 6.31 0 -6.27
-4.58 1.22 -3.82 -2.46 4.06 13.64 16.07 17.44 10.6 9.07 0.91 0.33
0.19 2.09 -4.53 0.76 7.1 13.1 16.85 22.02 14.25 7.56 0.99 -2.11
-3.69 -3.14 -4.63 -1.79 8.73 21.45 19.38 16.23 14.53 6.19 2.5 -2.65
-4.04 -4.27 -2.56 -4.04 5.47 17.11 13.01 14.15 13.08 7.02 4.66 -0.26
-6 -3.85 -3.75 -1.33 7.06 18.19 19.55 19.95 14.64 9.45 2.83 -0.73
-1.18 1.06 -3.77 -1.63 11.3 20.47 18.97 17.58 14.57 7.19 4.18 -2.1
-0.28 -3.47 -5.9 -3.38 6.71 20.43 18.58 20.71 13.27 8.52 2.89 -6.66
-1.64 -3.17 -3.37 -2.01 7.19 13.69 19.03 22.52 16.39 8.86 1.06 -3.8
-7.16 -4.76 -4.82 -3.64 3.52 15.25 14.13 14.42 11.89 4.72 0.38 -6.68
-8.02 -7.66 -7.68 -2.09 5.56 15.66 19.43 18.25 15.51 7.4 2.23 -0.96
-5.63 -0.72 -5.44 -1 6.62 14.83 19.25 18.52 16.22 9.59 3.2 -0.6
-0.2 -0.59 -4.58 -0.3 9.86 20.39 17.3 15.45 13.96 8.19 3.03 1.23
-6.17 -6.03 -3.41 -3.35 8.28 21.27 18.95 19.76 16.73 7.72 -0.15 -1.32
-3.64 -0.09 -5.01 -3.54 9.39 21.92 22.73 23.08 13.57 9.4 0.24 -2.41
-1.79 -4.9 -2.51 -1.12 7.17 12.65 19.02 17.71 14.91 9.32 2.72 0.13
-1.92 0.9 -2.71 -0.55 8.57 19.18 19.28 19.2 15.1 9.56 4.02 -2.07
-2.48 -3.81 -3.93 -0.93 3.44 16 17.45 14.91 14.7 6.9 0.49 -3.17
-3.12 -0.48 -5.7 -0.47 13.12 17.97 19.5 15.1 13.35 7.4 1.67 -2.48
0.68 -2.44 -3.05 -0.81 8.65 20.44 23.01 19.9 16.29 7.45 5.48 -1.95
-5.43 -2.33 -6.59 -3.25 8.68 16.57 21.71 16.14 15.7 5.83 1.62 -0.23
-5.81 -1.12 -1.9 -2.59 7.17 15.14 20.08 13.27 16.15 9.1 2.42 -0.79
-2.71 -0.13 -3.05 -1.21 7.82 16.78 22.82 17.36 14.91 7.55 5.24 -2.67
-0.13 -1.25 -2.9 -1.68 9.9 19.58 19.6 17.19 14.13 9.35 1.46 0.9
-1.85 -0.26 -6.01 -0.52 11.29 16.39 22.25 21.68 15.38 7.55 2.56 -1.18
-0.93 -1.48 -5.85 -0.39 10.3 14.29 16.89 14.51 13.56 7.83 1.21 -3.46
-0.97 -0.58 -5.04 -4.57 5.44 14.95 17.01 15.2 14.82 10.81 2.96 -3.6
0.72 -1.48 -2.47 1.3 8.1 14.65 14.9 17.37 13.32 5.25 0.53 -3.35
-5.33 0.2 -3.55 -3.88 9.93 15.78 14.13 19.89 14.68 7.45 2.18 -3.74
-2.08 -1.86 -3.45 -1.35 6.26 17.02 19.22 14.39 12.56 5.32 0.01 -4.06
-3.67 0.37 -4.98 -2.62 10.24 14.38 21.58 17.48 14.53 10.23 5.42 0.36
-4.5 2.35 -0.46 -0.07 5.6 14.63 20.01 15.88 13.69 8.61 5.09 -1.45
-0.82 -0.19 -5.3 -1.97 8.44 19.16 20.09 17.48 14.78 5.35 4.07 -1.05
-2.23 -1.36 -4.92 -2.78 7.94 15.49 16.58 14.92 14.37 7.61 1.3 -2.3
-5.6 1.84 -3.06 -3.4 7.46 17.62 15.97 18.78 17.27 8.79 6.69 -1.41
0.87 2.26 -1.22 -2.1 5.3 18.55 20.25 15.28 14.56 9.16 2.32 3.12
-5.51 -4.75 -4.14 -1.5 3.8 14.43 16.4 23.3 13.66 7.92 3.83 -0.87
-2.41 0.16 -2.51 -2.86 6.65 17.08 19.36 15.43 17.86 8.96 1.86 0.18
-1.42 -3.87 -2.39 -3.88 7.23 12.49 15 19.64 15.57 9.29 2.38 -1.05
-3.04 -1.65 -4.01 -3.24 12.13 21.72 19.83 19.91 14.81 10.47 4.9 1.09
-0.72 2.11 -2.31 -2.66 5.51 14.73 17.06 17.72 15 8.15 1.41 -3.01
-3.03 -1.42 -2.37 -2.05 9.35 15.43 20.64 24.1 13.24 9.04 4.51 -1.56
-1.92 -1.24 -2.36 -1.19 7.94 15 15.8 16.76 15.82 7.13 -2.27 1.29
-1.78 -2.22 -3.91 0.31 6.2 14.32 15.87 16.51 16.77 9.14 7.14 -4.46
-3.34 -6.35 -4.01 -1.83 12.29 14.04 15.92 15.43 14.75 7.17 0.18 -4.7
-2.09 2.03 -1.82 -0.77 6 12.38 22.12 19.44 15.69 9.26 1.99 -4.52
-0.44 0.54 -2.97 0.7 4.68 18.7 17.33 17.03 16.98 8.63 4.39 -3.15
-3.91 1.34 -3.29 -2.17 7.8 18.23 19.24 15.95 15.88 8.47 6.52 -4.51
-0.78 2.55 -1.37 -0.83 8.21 16.57 20.21 16.89 13.76 10.41 5.08 -2.16
-1.85 -0.81 -2.03 -1.3 7.89 17.7 21.48 17.45 14.25 8.96 4.37 -2.59
-1.84 -5.77 -3.72 -3.07 4.84 12.24 13.82 14.92 11.57 6.9 2.94 -0.38
-2.35 -2.38 -3.72 -0.16 7.48 12.68 13.76 15.2 11.86 7.75 3.26 1.65
0.85 -2.84 -3.1 -0.55 7.24 17.79 24.45 18.38 14.67 7.67 3.32 -2.34
-1.87 0.01 -6.96 -1.65 7.57 19.51 14.84 18.16 13.4 6.44 0.54 -1.82
-3.6 -2.04 -6.56 -2.33 5.23 17.64 17.84 18.24 15.39 5.81 4.43 -3.09
-2.22 -0.44 -6.74 -1.45 13.24 18.4 21.12 20.01 14.2 9.33 5.87 -3.49
-1.38 -0.8 -4.16 -0.73 6.73 9.9 15.19 17.87 14.53 7.43 2.65 -2.11
-2.98 -0.76 -4.89 -2.44 7.69 10.8 17.04 16.3 13.11 8.75 2.54 1.22
-3.26 2.61 -2.85 -1.22 7.71 15.78 20.58 18.77 13.57 7.96 3.52 -0.93
-2.38 1.32 -0.6 -1.71 6.33 17.11 19.93 17.28 14.45 8.28 0.5 -2.3
-2.52 0 -2.17 -2.28 5.58 22.41 25.41 22.66 19.23 8.62 3.83 3.02
1.53 1.49 -4.71 -2.21 8.34 14.14 19.2 15.64 14.23 6.73 3 -0.91
-3.41 -0.63 -3.69 -0.35 5.39 14.6 22.76 18.57 14.17 7.8 2.78 -3.49
-2.78 -2.5 -1.35 -0.69 6.85 19.98 20.8 16.04 15.8 8.47 3.24 -1.86
-7.49 0.09 -1.45 -1.02 7.53 18.62 22.35 21.98 18.28 8.36 5.5 0.49
-5.18 1.39 -1.21 -1.83 9.99 17.41 18.8 18.31 14.3 9.38 4.68 -3.13
-0.79 0.59 -3.48 -3.31 9.07 16.67 20.06 18.85 14.69 8.03 2.46 -1.1
-3.99 -4.35 -2.13 -1.32 5.53 15.65 23.83 21.03 14.69 8.36 3.76 -1.29
0.36 -3.51 -4.56 -1.93 7.09 21.83 27.26 21.83 17.92 8.89 6.28 -2.38
-1.31 0.48 -2.04 -0.59 8.13 17.84 24.56 22.14 17.41 9.3 4.82 2.56
-5.43 -2.33 -6.59 -3.25 8.68 16.57 21.71 16.14 15.7 5.83 1.62 -0.23
-2.09 2.03 -1.82 -0.77 6 12.38 22.12 19.44 15.69 9.26 1.99 -4.52
-0.13 -1.25 -2.9 -1.68 9.9 19.58 19.6 17.19 14.13 9.35 1.46 0.9
-3.99 -4.35 -2.13 -1.32 5.53 15.65 23.83 21.03 14.69 8.36 3.76 -1.29
0.36 -3.51 -4.56 -1.93 7.09 21.83 27.26 21.83 17.92 8.89 6.28 -2.38
-3.04 -1.65 -4.01 -3.24 12.13 21.72 19.83 19.91 14.81 10.47 4.9 1.09
-5.18 1.39 -1.21 -1.83 9.99 17.41 18.8 18.31 14.3 9.38 4.68 -3.13
-0.82 -0.19 -5.3 -1.97 8.44 19.16 20.09 17.48 14.78 5.35 4.07 -1.05
-0.93 -1.48 -5.85 -0.39 10.3 14.29 16.89 14.51 13.56 7.83 1.21 -3.46
-1.84 -5.77 -3.72 -3.07 4.84 12.24 13.82 14.92 11.57 6.9 2.94 -0.38
-2.38 1.32 -0.6 -1.71 6.33 17.11 19.93 17.28 14.45 8.28 0.5 -2.3
-0.78 2.55 -1.37 -0.83 8.21 16.57 20.21 16.89 13.76 10.41 5.08 -2.16
-2.08 -1.86 -3.45 -1.35 6.26 17.02 19.22 14.39 12.56 5.32 0.01 -4.06
-2.52 0 -2.17 -2.28 5.58 22.41 25.41 22.66 19.23 8.62 3.83 3.02
-1.85 -0.81 -2.03 -1.3 7.89 17.7 21.48 17.45 14.25 8.96 4.37 -2.59
-1.85 -0.26 -6.01 -0.52 11.29 16.39 22.25 21.68 15.38 7.55 2.56 -1.18
-2.78 -2.5 -1.35 -0.69 6.85 19.98 20.8 16.04 15.8 8.47 3.24 -1.86
-1.78 -2.22 -3.91 0.31 6.2 14.32 15.87 16.51 16.77 9.14 7.14 -4.46
-1.87 0.01 -6.96 -1.65 7.57 19.51 14.84 18.16 13.4 6.44 0.54 -1.82
-0.97 -0.58 -5.04 -4.57 5.44 14.95 17.01 15.2 14.82 10.81 2.96 -3.6
-2.98 -0.76 -4.89 -2.44 7.69 10.8 17.04 16.3 13.11 8.75 2.54 1.22
1.53 1.49 -4.71 -2.21 8.34 14.14 19.2 15.64 14.23 6.73 3 -0.91
-1.42 -3.87 -2.39 -3.88 7.23 12.49 15 19.64 15.57 9.29 2.38 -1.05
-1.38 -0.8 -4.16 -0.73 6.73 9.9 15.19 17.87 14.53 7.43 2.65 -2.11
-2.23 -1.36 -4.92 -2.78 7.94 15.49 16.58 14.92 14.37 7.61 1.3 -2.3
-5.6 1.84 -3.06 -3.4 7.46 17.62 15.97 18.78 17.27 8.79 6.69 -1.41
-2.35 -2.38 -3.72 -0.16 7.48 12.68 13.76 15.2 11.86 7.75 3.26 1.65
-2.22 -0.44 -6.74 -1.45 13.24 18.4 21.12 20.01 14.2 9.33 5.87 -3.49
-0.72 2.11 -2.31 -2.66 5.51 14.73 17.06 17.72 15 8.15 1.41 -3.01
-5.33 0.2 -3.55 -3.88 9.93 15.78 14.13 19.89 14.68 7.45 2.18 -3.74
-3.34 -6.35 -4.01 -1.83 12.29 14.04 15.92 15.43 14.75 7.17 0.18 -4.7
0.87 2.26 -1.22 -2.1 5.3 18.55 20.25 15.28 14.56 9.16 2.32 3.12
0.72 -1.48 -2.47 1.3 8.1 14.65 14.9 17.37 13.32 5.25 0.53 -3.35
-3.67 0.37 -4.98 -2.62 10.24 14.38 21.58 17.48 14.53 10.23 5.42 0.36
-3.41 -0.63 -3.69 -0.35 5.39 14.6 22.76 18.57 14.17 7.8 2.78 -3.49
0.85 -2.84 -3.1 -0.55 7.24 17.79 24.45 18.38 14.67 7.67 3.32 -2.34
-5.81 -1.12 -1.9 -2.59 7.17 15.14 20.08 13.27 16.15 9.1 2.42 -0.79
-0.44 0.54 -2.97 0.7 4.68 18.7 17.33 17.03 16.98 8.63 4.39 -3.15
-4.5 2.35 -0.46 -0.07 5.6 14.63 20.01 15.88 13.69 8.61 5.09 -1.45
-1.31 0.48 -2.04 -0.59 8.13 17.84 24.56 22.14 17.41 9.3 4.82 2.56
-5.51 -4.75 -4.14 -1.5 3.8 14.43 16.4 23.3 13.66 7.92 3.83 -0.87
-2.71 -0.13 -3.05 -1.21 7.82 16.78 22.82 17.36 14.91 7.55 5.24 -2.67
-2.41 0.16 -2.51 -2.86 6.65 17.08 19.36 15.43 17.86 8.96 1.86 0.18
-3.6 -2.04 -6.56 -2.33 5.23 17.64 17.84 18.24 15.39 5.81 4.43 -3.09
-3.03 -1.42 -2.37 -2.05 9.35 15.43 20.64 24.1 13.24 9.04 4.51 -1.56
-0.79 0.59 -3.48 -3.31 9.07 16.67 20.06 18.85 14.69 8.03 2.46 -1.1
-7.49 0.09 -1.45 -1.02 7.53 18.62 22.35 21.98 18.28 8.36 5.5 0.49
-1.92 -1.24 -2.36 -1.19 7.94 15 15.8 16.76 15.82 7.13 -2.27 1.29
-3.26 2.61 -2.85 -1.22 7.71 15.78 20.58 18.77 13.57 7.96 3.52 -0.93
-3.91 1.34 -3.29 -2.17 7.8 18.23 19.24 15.95 15.88 8.47 6.52 -4.51
-3.67 0.37 -4.98 -2.62 10.24 14.38 21.58 17.48 14.53 10.23 5.42 0.36
-0.72 2.11 -2.31 -2.66 5.51 14.73 17.06 17.72 15 8.15 1.41 -3.01
-5.81 -1.12 -1.9 -2.59 7.17 15.14 20.08 13.27 16.15 9.1 2.42 -0.79
-5.51 -4.75 -4.14 -1.5 3.8 14.43 16.4 23.3 13.66 7.92 3.83 -0.87
-2.23 -1.36 -4.92 -2.78 7.94 15.49 16.58 14.92 14.37 7.61 1.3 -2.3
-3.6 -2.04 -6.56 -2.33 5.23 17.64 17.84 18.24 15.39 5.81 4.43 -3.09
-1.31 0.48 -2.04 -0.59 8.13 17.84 24.56 22.14 17.41 9.3 4.82 2.56
-7.49 0.09 -1.45 -1.02 7.53 18.62 22.35 21.98 18.28 8.36 5.5 0.49
-2.71 -0.13 -3.05 -1.21 7.82 16.78 22.82 17.36 14.91 7.55 5.24 -2.67
-5.18 1.39 -1.21 -1.83 9.99 17.41 18.8 18.31 14.3 9.38 4.68 -3.13
-0.97 -0.58 -5.04 -4.57 5.44 14.95 17.01 15.2 14.82 10.81 2.96 -3.6
-2.98 -0.76 -4.89 -2.44 7.69 10.8 17.04 16.3 13.11 8.75 2.54 1.22
-5.33 0.2 -3.55 -3.88 9.93 15.78 14.13 19.89 14.68 7.45 2.18 -3.74
-2.09 2.03 -1.82 -0.77 6 12.38 22.12 19.44 15.69 9.26 1.99 -4.52
-0.13 -1.25 -2.9 -1.68 9.9 19.58 19.6 17.19 14.13 9.35 1.46 0.9
-1.87 0.01 -6.96 -1.65 7.57 19.51 14.84 18.16 13.4 6.44 0.54 -1.82
-3.04 -1.65 -4.01 -3.24 12.13 21.72 19.83 19.91 14.81 10.47 4.9 1.09
0.85 -2.84 -3.1 -0.55 7.24 17.79 24.45 18.38 14.67 7.67 3.32 -2.34
-1.42 -3.87 -2.39 -3.88 7.23 12.49 15 19.64 15.57 9.29 2.38 -1.05
-2.38 1.32 -0.6 -1.71 6.33 17.11 19.93 17.28 14.45 8.28 0.5 -2.3
-3.41 -0.63 -3.69 -0.35 5.39 14.6 22.76 18.57 14.17 7.8 2.78 -3.49
-2.78 -2.5 -1.35 -0.69 6.85 19.98 20.8 16.04 15.8 8.47 3.24 -1.86
-2.41 0.16 -2.51 -2.86 6.65 17.08 19.36 15.43 17.86 8.96 1.86 0.18
0.36 -3.51 -4.56 -1.93 7.09 21.83 27.26 21.83 17.92 8.89 6.28 -2.38
-2.52 0 -2.17 -2.28 5.58 22.41 25.41 22.66 19.23 8.62 3.83 3.02
-0.44 0.54 -2.97 0.7 4.68 18.7 17.33 17.03 16.98 8.63 4.39 -3.15
-0.79 0.59 -3.48 -3.31 9.07 16.67 20.06 18.85 14.69 8.03 2.46 -1.1
-0.82 -0.19 -5.3 -1.97 8.44 19.16 20.09 17.48 14.78 5.35 4.07 -1.05
1.53 1.49 -4.71 -2.21 8.34 14.14 19.2 15.64 14.23 6.73 3 -0.91
-5.43 -2.33 -6.59 -3.25 8.68 16.57 21.71 16.14 15.7 5.83 1.62 -0.23
-3.34 -6.35 -4.01 -1.83 12.29 14.04 15.92 15.43 14.75 7.17 0.18 -4.7
-3.26 2.61 -2.85 -1.22 7.71 15.78 20.58 18.77 13.57 7.96 3.52 -0.93
0.72 -1.48 -2.47 1.3 8.1 14.65 14.9 17.37 13.32 5.25 0.53 -3.35
-5.6 1.84 -3.06 -3.4 7.46 17.62 15.97 18.78 17.27 8.79 6.69 -1.41
-1.85 -0.81 -2.03 -1.3 7.89 17.7 21.48 17.45 14.25 8.96 4.37 -2.59
-1.38 -0.8 -4.16 -0.73 6.73 9.9 15.19 17.87 14.53 7.43 2.65 -2.11
-1.78 -2.22 -3.91 0.31 6.2 14.32 15.87 16.51 16.77 9.14 7.14 -4.46
-3.91 1.34 -3.29 -2.17 7.8 18.23 19.24 15.95 15.88 8.47 6.52 -4.51
-2.22 -0.44 -6.74 -1.45 13.24 18.4 21.12 20.01 14.2 9.33 5.87 -3.49
-1.84 -5.77 -3.72 -3.07 4.84 12.24 13.82 14.92 11.57 6.9 2.94 -0.38
-2.35 -2.38 -3.72 -0.16 7.48 12.68 13.76 15.2 11.86 7.75 3.26 1.65
-0.78 2.55 -1.37 -0.83 8.21 16.57 20.21 16.89 13.76 10.41 5.08 -2.16
-1.85 -0.26 -6.01 -0.52 11.29 16.39 22.25 21.68 15.38 7.55 2.56 -1.18
-3.99 -4.35 -2.13 -1.32 5.53 15.65 23.83 21.03 14.69 8.36 3.76 -1.29
-4.5 2.35 -0.46 -0.07 5.6 14.63 20.01 15.88 13.69 8.61 5.09 -1.45
-3.03 -1.42 -2.37 -2.05 9.35 15.43 20.64 24.1 13.24 9.04 4.51 -1.56
-0.93 -1.48 -5.85 -0.39 10.3 14.29 16.89 14.51 13.56 7.83 1.21 -3.46
-2.08 -1.86 -3.45 -1.35 6.26 17.02 19.22 14.39 12.56 5.32 0.01 -4.06
0.87 2.26 -1.22 -2.1 5.3 18.55 20.25 15.28 14.56 9.16 2.32 3.12
-1.92 -1.24 -2.36 -1.19 7.94 15 15.8 16.76 15.82 7.13 -2.27 1.29
-2.09 2.03 -1.82 -0.77 6 12.38 22.12 19.44 15.69 9.26 1.99 -4.52
-4.5 2.35 -0.46 -0.07 5.6 14.63 20.01 15.88 13.69 8.61 5.09 -1.45
-3.99 -4.35 -2.13 -1.32 5.53 15.65 23.83 21.03 14.69 8.36 3.76 -1.29
-2.23 -1.36 -4.92 -2.78 7.94 15.49 16.58 14.92 14.37 7.61 1.3 -2.3
-0.82 -0.19 -5.3 -1.97 8.44 19.16 20.09 17.48 14.78 5.35 4.07 -1.05
-2.35 -2.38 -3.72 -0.16 7.48 12.68 13.76 15.2 11.86 7.75 3.26 1.65
-2.71 -0.13 -3.05 -1.21 7.82 16.78 22.82 17.36 14.91 7.55 5.24 -2.67
-0.44 0.54 -2.97 0.7 4.68 18.7 17.33 17.03 16.98 8.63 4.39 -3.15
-1.31 0.48 -2.04 -0.59 8.13 17.84 24.56 22.14 17.41 9.3 4.82 2.56
-7.49 0.09 -1.45 -1.02 7.53 18.62 22.35 21.98 18.28 8.36 5.5 0.49
0.85 -2.84 -3.1 -0.55 7.24 17.79 24.45 18.38 14.67 7.67 3.32 -2.34
-0.79 0.59 -3.48 -3.31 9.07 16.67 20.06 18.85 14.69 8.03 2.46 -1.1
-3.34 -6.35 -4.01 -1.83 12.29 14.04 15.92 15.43 14.75 7.17 0.18 -4.7
-1.84 -5.77 -3.72 -3.07 4.84 12.24 13.82 14.92 11.57 6.9 2.94 -0.38
-1.92 -1.24 -2.36 -1.19 7.94 15 15.8 16.76 15.82 7.13 -2.27 1.29
-5.18 1.39 -1.21 -1.83 9.99 17.41 18.8 18.31 14.3 9.38 4.68 -3.13
-5.81 -1.12 -1.9 -2.59 7.17 15.14 20.08 13.27 16.15 9.1 2.42 -0.79
-1.85 -0.26 -6.01 -0.52 11.29 16.39 22.25 21.68 15.38 7.55 2.56 -1.18
-3.03 -1.42 -2.37 -2.05 9.35 15.43 20.64 24.1 13.24 9.04 4.51 -1.56
-5.43 -2.33 -6.59 -3.25 8.68 16.57 21.71 16.14 15.7 5.83 1.62 -0.23
-2.98 -0.76 -4.89 -2.44 7.69 10.8 17.04 16.3 13.11 8.75 2.54 1.22
1.53 1.49 -4.71 -2.21 8.34 14.14 19.2 15.64 14.23 6.73 3 -0.91
-3.41 -0.63 -3.69 -0.35 5.39 14.6 22.76 18.57 14.17 7.8 2.78 -3.49
-5.33 0.2 -3.55 -3.88 9.93 15.78 14.13 19.89 14.68 7.45 2.18 -3.74
-2.08 -1.86 -3.45 -1.35 6.26 17.02 19.22 14.39 12.56 5.32 0.01 -4.06
-5.51 -4.75 -4.14 -1.5 3.8 14.43 16.4 23.3 13.66 7.92 3.83 -0.87
-5.6 1.84 -3.06 -3.4 7.46 17.62 15.97 18.78 17.27 8.79 6.69 -1.41
-3.26 2.61 -2.85 -1.22 7.71 15.78 20.58 18.77 13.57 7.96 3.52 -0.93
-2.22 -0.44 -6.74 -1.45 13.24 18.4 21.12 20.01 14.2 9.33 5.87 -3.49
0.36 -3.51 -4.56 -1.93 7.09 21.83 27.26 21.83 17.92 8.89 6.28 -2.38
-1.85 -0.81 -2.03 -1.3 7.89 17.7 21.48 17.45 14.25 8.96 4.37 -2.59
-0.93 -1.48 -5.85 -0.39 10.3 14.29 16.89 14.51 13.56 7.83 1.21 -3.46
0.72 -1.48 -2.47 1.3 8.1 14.65 14.9 17.37 13.32 5.25 0.53 -3.35
-3.04 -1.65 -4.01 -3.24 12.13 21.72 19.83 19.91 14.81 10.47 4.9 1.09
-0.72 2.11 -2.31 -2.66 5.51 14.73 17.06 17.72 15 8.15 1.41 -3.01
-3.67 0.37 -4.98 -2.62 10.24 14.38 21.58 17.48 14.53 10.23 5.42 0.36
-2.38 1.32 -0.6 -1.71 6.33 17.11 19.93 17.28 14.45 8.28 0.5 -2.3
-3.91 1.34 -3.29 -2.17 7.8 18.23 19.24 15.95 15.88 8.47 6.52 -4.51
-0.13 -1.25 -2.9 -1.68 9.9 19.58 19.6 17.19 14.13 9.35 1.46 0.9
-3.6 -2.04 -6.56 -2.33 5.23 17.64 17.84 18.24 15.39 5.81 4.43 -3.09
-2.41 0.16 -2.51 -2.86 6.65 17.08 19.36 15.43 17.86 8.96 1.86 0.18
-1.78 -2.22 -3.91 0.31 6.2 14.32 15.87 16.51 16.77 9.14 7.14 -4.46
-0.78 2.55 -1.37 -0.83 8.21 16.57 20.21 16.89 13.76 10.41 5.08 -2.16
0.87 2.26 -1.22 -2.1 5.3 18.55 20.25 15.28 14.56 9.16 2.32 3.12
-1.87 0.01 -6.96 -1.65 7.57 19.51 14.84 18.16 13.4 6.44 0.54 -1.82
-1.42 -3.87 -2.39 -3.88 7.23 12.49 15 19.64 15.57 9.29 2.38 -1.05
-2.78 -2.5 -1.35 -0.69 6.85 19.98 20.8 16.04 15.8 8.47 3.24 -1.86
-2.52 0 -2.17 -2.28 5.58 22.41 25.41 22.66 19.23 8.62 3.83 3.02
-1.38 -0.8 -4.16 -0.73 6.73 9.9 15.19 17.87 14.53 7.43 2.65 -2.11
-0.97 -0.58 -5.04 -4.57 5.44 14.95 17.01 15.2 14.82 10.81 2.96 -3.6
-5.81 -1.12 -1.9 -2.59 7.17 15.14 20.08 13.27 16.15 9.1 2.42 -0.79
-2.78 -2.5 -1.35 -0.69 6.85 19.98 20.8 16.04 15.8 8.47 3.24 -1.86
-0.13 -1.25 -2.9 -1.68 9.9 19.58 19.6 17.19 14.13 9.35 1.46 0.9
0.85 -2.84 -3.1 -0.55 7.24 17.79 24.45 18.38 14.67 7.67 3.32 -2.34
-1.87 0.01 -6.96 -1.65 7.57 19.51 14.84 18.16 13.4 6.44 0.54 -1.82
-3.99 -4.35 -2.13 -1.32 5.53 15.65 23.83 21.03 14.69 8.36 3.76 -1.29
-2.22 -0.44 -6.74 -1.45 13.24 18.4 21.12 20.01 14.2 9.33 5.87 -3.49
-2.08 -1.86 -3.45 -1.35 6.26 17.02 19.22 14.39 12.56 5.32 0.01 -4.06
-1.42 -3.87 -2.39 -3.88 7.23 12.49 15 19.64 15.57 9.29 2.38 -1.05
-3.91 1.34 -3.29 -2.17 7.8 18.23 19.24 15.95 15.88 8.47 6.52 -4.51
-5.51 -4.75 -4.14 -1.5 3.8 14.43 16.4 23.3 13.66 7.92 3.83 -0.87
-3.03 -1.42 -2.37 -2.05 9.35 15.43 20.64 24.1 13.24 9.04 4.51 -1.56
-3.41 -0.63 -3.69 -0.35 5.39 14.6 22.76 18.57 14.17 7.8 2.78 -3.49
-0.97 -0.58 -5.04 -4.57 5.44 14.95 17.01 15.2 14.82 10.81 2.96 -3.6
1.53 1.49 -4.71 -2.21 8.34 14.14 19.2 15.64 14.23 6.73 3 -0.91
0.36 -3.51 -4.56 -1.93 7.09 21.83 27.26 21.83 17.92 8.89 6.28 -2.38
-2.35 -2.38 -3.72 -0.16 7.48 12.68 13.76 15.2 11.86 7.75 3.26 1.65
0.72 -1.48 -2.47 1.3 8.1 14.65 14.9 17.37 13.32 5.25 0.53 -3.35
0.87 2.26 -1.22 -2.1 5.3 18.55 20.25 15.28 14.56 9.16 2.32 3.12
-2.52 0 -2.17 -2.28 5.58 22.41 25.41 22.66 19.23 8.62 3.83 3.02
-1.78 -2.22 -3.91 0.31 6.2 14.32 15.87 16.51 16.77 9.14 7.14 -4.46
-4.5 2.35 -0.46 -0.07 5.6 14.63 20.01 15.88 13.69 8.61 5.09 -1.45
-2.41 0.16 -2.51 -2.86 6.65 17.08 19.36 15.43 17.86 8.96 1.86 0.18
-3.04 -1.65 -4.01 -3.24 12.13 21.72 19.83 19.91 14.81 10.47 4.9 1.09
-1.31 0.48 -2.04 -0.59 8.13 17.84 24.56 22.14 17.41 9.3 4.82 2.56
-3.67 0.37 -4.98 -2.62 10.24 14.38 21.58 17.48 14.53 10.23 5.42 0.36
-5.43 -2.33 -6.59 -3.25 8.68 16.57 21.71 16.14 15.7 5.83 1.62 -0.23
-0.72 2.11 -2.31 -2.66 5.51 14.73 17.06 17.72 15 8.15 1.41 -3.01
-2.23 -1.36 -4.92 -2.78 7.94 15.49 16.58 14.92 14.37 7.61 1.3 -2.3
-5.6 1.84 -3.06 -3.4 7.46 17.62 15.97 18.78 17.27 8.79 6.69 -1.41
-3.6 -2.04 -6.56 -2.33 5.23 17.64 17.84 18.24 15.39 5.81 4.43 -3.09
-1.38 -0.8 -4.16 -0.73 6.73 9.9 15.19 17.87 14.53 7.43 2.65 -2.11
-5.18 1.39 -1.21 -1.83 9.99 17.41 18.8 18.31 14.3 9.38 4.68 -3.13
-0.44 0.54 -2.97 0.7 4.68 18.7 17.33 17.03 16.98 8.63 4.39 -3.15
-0.82 -0.19 -5.3 -1.97 8.44 19.16 20.09 17.48 14.78 5.35 4.07 -1.05
-0.93 -1.48 -5.85 -0.39 10.3 14.29 16.89 14.51 13.56 7.83 1.21 -3.46
-0.79 0.59 -3.48 -3.31 9.07 16.67 20.06 18.85 14.69 8.03 2.46 -1.1
-3.34 -6.35 -4.01 -1.83 12.29 14.04 15.92 15.43 14.75 7.17 0.18 -4.7
-2.09 2.03 -1.82 -0.77 6 12.38 22.12 19.44 15.69 9.26 1.99 -4.52
-2.38 1.32 -0.6 -1.71 6.33 17.11 19.93 17.28 14.45 8.28 0.5 -2.3
-1.85 -0.81 -2.03 -1.3 7.89 17.7 21.48 17.45 14.25 8.96 4.37 -2.59
-3.26 2.61 -2.85 -1.22 7.71 15.78 20.58 18.77 13.57 7.96 3.52 -0.93
-2.71 -0.13 -3.05 -1.21 7.82 16.78 22.82 17.36 14.91 7.55 5.24 -2.67
-5.33 0.2 -3.55 -3.88 9.93 15.78 14.13 19.89 14.68 7.45 2.18 -3.74
-1.84 -5.77 -3.72 -3.07 4.84 12.24 13.82 14.92 11.57 6.9 2.94 -0.38
-1.85 -0.26 -6.01 -0.52 11.29 16.39 22.25 21.68 15.38 7.55 2.56 -1.18
-1.92 -1.24 -2.36 -1.19 7.94 15 15.8 16.76 15.82 7.13 -2.27 1.29
-7.49 0.09 -1.45 -1.02 7.53 18.62 22.35 21.98 18.28 8.36 5.5 0.49
-0.78 2.55 -1.37 -0.83 8.21 16.57 20.21 16.89 13.76 10.41 5.08 -2.16
-2.98 -0.76 -4.89 -2.44 7.69 10.8 17.04 16.3 13.11 8.75 2.54 1.22
-2.52 0 -2.17 -2.28 5.58 22.41 25.41 22.66 19.23 8.62 3.83 3.02
-1.42 -3.87 -2.39 -3.88 7.23 12.49 15 19.64 15.57 9.29 2.38 -1.05
0.36 -3.51 -4.56 -1.93 7.09 21.83 27.26 21.83 17.92 8.89 6.28 -2.38
0.72 -1.48 -2.47 1.3 8.1 14.65 14.9 17.37 13.32 5.25 0.53 -3.35
-2.41 0.16 -2.51 -2.86 6.65 17.08 19.36 15.43 17.86 8.96 1.86 0.18
1.53 1.49 -4.71 -2.21 8.34 14.14 19.2 15.64 14.23 6.73 3 -0.91
-1.85 -0.26 -6.01 -0.52 11.29 16.39 22.25 21.68 15.38 7.55 2.56 -1.18
-1.84 -5.77 -3.72 -3.07 4.84 12.24 13.82 14.92 11.57 6.9 2.94 -0.38
-3.6 -2.04 -6.56 -2.33 5.23 17.64 17.84 18.24 15.39 5.81 4.43 -3.09
-5.81 -1.12 -1.9 -2.59 7.17 15.14 20.08 13.27 16.15 9.1 2.42 -0.79
-5.18 1.39 -1.21 -1.83 9.99 17.41 18.8 18.31 14.3 9.38 4.68 -3.13
-0.78 2.55 -1.37 -0.83 8.21 16.57 20.21 16.89 13.76 10.41 5.08 -2.16
-2.78 -2.5 -1.35 -0.69 6.85 19.98 20.8 16.04 15.8 8.47 3.24 -1.86
-5.51 -4.75 -4.14 -1.5 3.8 14.43 16.4 23.3 13.66 7.92 3.83 -0.87
-2.23 -1.36 -4.92 -2.78 7.94 15.49 16.58 14.92 14.37 7.61 1.3 -2.3
-1.92 -1.24 -2.36 -1.19 7.94 15 15.8 16.76 15.82 7.13 -2.27 1.29
-0.44 0.54 -2.97 0.7 4.68 18.7 17.33 17.03 16.98 8.63 4.39 -3.15
-3.03 -1.42 -2.37 -2.05 9.35 15.43 20.64 24.1 13.24 9.04 4.51 -1.56
-5.33 0.2 -3.55 -3.88 9.93 15.78 14.13 19.89 14.68 7.45 2.18 -3.74
-2.09 2.03 -1.82 -0.77 6 12.38 22.12 19.44 15.69 9.26 1.99 -4.52
-1.78 -2.22 -3.91 0.31 6.2 14.32 15.87 16.51 16.77 9.14 7.14 -4.46
0.85 -2.84 -3.1 -0.55 7.24 17.79 24.45 18.38 14.67 7.67 3.32 -2.34
-0.82 -0.19 -5.3 -1.97 8.44 19.16 20.09 17.48 14.78 5.35 4.07 -1.05
-1.85 -0.81 -2.03 -1.3 7.89 17.7 21.48 17.45 14.25 8.96 4.37 -2.59
-0.93 -1.48 -5.85 -0.39 10.3 14.29 16.89 14.51 13.56 7.83 1.21 -3.46
-2.35 -2.38 -3.72 -0.16 7.48 12.68 13.76 15.2 11.86 7.75 3.26 1.65
-3.41 -0.63 -3.69 -0.35 5.39 14.6 22.76 18.57 14.17 7.8 2.78 -3.49
0.87 2.26 -1.22 -2.1 5.3 18.55 20.25 15.28 14.56 9.16 2.32 3.12
-5.6 1.84 -3.06 -3.4 7.46 17.62 15.97 18.78 17.27 8.79 6.69 -1.41
-0.13 -1.25 -2.9 -1.68 9.9 19.58 19.6 17.19 14.13 9.35 1.46 0.9
-7.49 0.09 -1.45 -1.02 7.53 18.62 22.35 21.98 18.28 8.36 5.5 0.49
-1.38 -0.8 -4.16 -0.73 6.73 9.9 15.19 17.87 14.53 7.43 2.65 -2.11
-2.08 -1.86 -3.45 -1.35 6.26 17.02 19.22 14.39 12.56 5.32 0.01 -4.06
-3.67 0.37 -4.98 -2.62 10.24 14.38 21.58 17.48 14.53 10.23 5.42 0.36
-0.97 -0.58 -5.04 -4.57 5.44 14.95 17.01 15.2 14.82 10.81 2.96 -3.6
-4.5 2.35 -0.46 -0.07 5.6 14.63 20.01 15.88 13.69 8.61 5.09 -1.45
-2.98 -0.76 -4.89 -2.44 7.69 10.8 17.04 16.3 13.11 8.75 2.54 1.22
-3.99 -4.35 -2.13 -1.32 5.53 15.65 23.83 21.03 14.69 8.36 3.76 -1.29
-3.91 1.34 -3.29 -2.17 7.8 18.23 19.24 15.95 15.88 8.47 6.52 -4.51
-0.72 2.11 -2.31 -2.66 5.51 14.73 17.06 17.72 15 8.15 1.41 -3.01
-2.22 -0.44 -6.74 -1.45 13.24 18.4 21.12 20.01 14.2 9.33 5.87 -3.49
-3.34 -6.35 -4.01 -1.83 12.29 14.04 15.92 15.43 14.75 7.17 0.18 -4.7
-1.31 0.48 -2.04 -0.59 8.13 17.84 24.56 22.14 17.41 9.3 4.82 2.56
-3.04 -1.65 -4.01 -3.24 12.13 21.72 19.83 19.91 14.81 10.47 4.9 1.09
-2.38 1.32 -0.6 -1.71 6.33 17.11 19.93 17.28 14.45 8.28 0.5 -2.3
-1.87 0.01 -6.96 -1.65 7.57 19.51 14.84 18.16 13.4 6.44 0.54 -1.82
-5.43 -2.33 -6.59 -3.25 8.68 16.57 21.71 16.14 15.7 5.83 1.62 -0.23
-0.79 0.59 -3.48 -3.31 9.07 16.67 20.06 18.85 14.69 8.03 2.46 -1.1
-2.71 -0.13 -3.05 -1.21 7.82 16.78 22.82 17.36 14.91 7.55 5.24 -2.67
-3.26 2.61 -2.85 -1.22 7.71 15.78 20.58 18.77 13.57 7.96 3.52 -0.93
-3.41 -0.63 -3.69 -0.35 5.39 14.6 22.76 18.57 14.17 7.8 2.78 -3.49
1.53 1.49 -4.71 -2.21 8.34 14.14 19.2 15.64 14.23 6.73 3 -0.91
-0.78 2.55 -1.37 -0.83 8.21 16.57 20.21 16.89 13.76 10.41 5.08 -2.16
-7.49 0.09 -1.45 -1.02 7.53 18.62 22.35 21.98 18.28 8.36 5.5 0.49
-0.97 -0.58 -5.04 -4.57 5.44 14.95 17.01 15.2 14.82 10.81 2.96 -3.6
0.87 2.26 -1.22 -2.1 5.3 18.55 20.25 15.28 14.56 9.16 2.32 3.12
-0.93 -1.48 -5.85 -0.39 10.3 14.29 16.89 14.51 13.56 7.83 1.21 -3.46
-1.38 -0.8 -4.16 -0.73 6.73 9.9 15.19 17.87 14.53 7.43 2.65 -2.11
0.36 -3.51 -4.56 -1.93 7.09 21.83 27.26 21.83 17.92 8.89 6.28 -2.38
-2.78 -2.5 -1.35 -0.69 6.85 19.98 20.8 16.04 15.8 8.47 3.24 -1.86
-5.51 -4.75 -4.14 -1.5 3.8 14.43 16.4 23.3 13.66 7.92 3.83 -0.87
-4.5 2.35 -0.46 -0.07 5.6 14.63 20.01 15.88 13.69 8.61 5.09 -1.45
-2.08 -1.86 -3.45 -1.35 6.26 17.02 19.22 14.39 12.56 5.32 0.01 -4.06
-2.35 -2.38 -3.72 -0.16 7.48 12.68 13.76 15.2 11.86 7.75 3.26 1.65
-1.84 -5.77 -3.72 -3.07 4.84 12.24 13.82 14.92 11.57 6.9 2.94 -0.38
-1.31 0.48 -2.04 -0.59 8.13 17.84 24.56 22.14 17.41 9.3 4.82 2.56
-5.18 1.39 -1.21 -1.83 9.99 17.41 18.8 18.31 14.3 9.38 4.68 -3.13
-2.38 1.32 -0.6 -1.71 6.33 17.11 19.93 17.28 14.45 8.28 0.5 -2.3
-2.71 -0.13 -3.05 -1.21 7.82 16.78 22.82 17.36 14.91 7.55 5.24 -2.67
-5.6 1.84 -3.06 -3.4 7.46 17.62 15.97 18.78 17.27 8.79 6.69 -1.41
-3.99 -4.35 -2.13 -1.32 5.53 15.65 23.83 21.03 14.69 8.36 3.76 -1.29
-0.82 -0.19 -5.3 -1.97 8.44 19.16 20.09 17.48 14.78 5.35 4.07 -1.05
-5.81 -1.12 -1.9 -2.59 7.17 15.14 20.08 13.27 16.15 9.1 2.42 -0.79
-0.79 0.59 -3.48 -3.31 9.07 16.67 20.06 18.85 14.69 8.03 2.46 -1.1
-3.67 0.37 -4.98 -2.62 10.24 14.38 21.58 17.48 14.53 10.23 5.42 0.36
-1.92 -1.24 -2.36 -1.19 7.94 15 15.8 16.76 15.82 7.13 -2.27 1.29
-5.33 0.2 -3.55 -3.88 9.93 15.78 14.13 19.89 14.68 7.45 2.18 -3.74
-3.26 2.61 -2.85 -1.22 7.71 15.78 20.58 18.77 13.57 7.96 3.52 -0.93
-5.43 -2.33 -6.59 -3.25 8.68 16.57 21.71 16.14 15.7 5.83 1.62 -0.23
-2.22 -0.44 -6.74 -1.45 13.24 18.4 21.12 20.01 14.2 9.33 5.87 -3.49
-1.85 -0.81 -2.03 -1.3 7.89 17.7 21.48 17.45 14.25 8.96 4.37 -2.59
-3.91 1.34 -3.29 -2.17 7.8 18.23 19.24 15.95 15.88 8.47 6.52 -4.51
-3.03 -1.42 -2.37 -2.05 9.35 15.43 20.64 24.1 13.24 9.04 4.51 -1.56
-2.52 0 -2.17 -2.28 5.58 22.41 25.41 22.66 19.23 8.62 3.83 3.02
-0.13 -1.25 -2.9 -1.68 9.9 19.58 19.6 17.19 14.13 9.35 1.46 0.9
-1.87 0.01 -6.96 -1.65 7.57 19.51 14.84 18.16 13.4 6.44 0.54 -1.82
-2.41 0.16 -2.51 -2.86 6.65 17.08 19.36 15.43 17.86 8.96 1.86 0.18
-3.34 -6.35 -4.01 -1.83 12.29 14.04 15.92 15.43 14.75 7.17 0.18 -4.7
-0.44 0.54 -2.97 0.7 4.68 18.7 17.33 17.03 16.98 8.63 4.39 -3.15
-1.85 -0.26 -6.01 -0.52 11.29 16.39 22.25 21.68 15.38 7.55 2.56 -1.18
-2.09 2.03 -1.82 -0.77 6 12.38 22.12 19.44 15.69 9.26 1.99 -4.52
-3.6 -2.04 -6.56 -2.33 5.23 17.64 17.84 18.24 15.39 5.81 4.43 -3.09
-2.23 -1.36 -4.92 -2.78 7.94 15.49 16.58 14.92 14.37 7.61 1.3 -2.3
-3.04 -1.65 -4.01 -3.24 12.13 21.72 19.83 19.91 14.81 10.47 4.9 1.09
-1.78 -2.22 -3.91 0.31 6.2 14.32 15.87 16.51 16.77 9.14 7.14 -4.46
0.72 -1.48 -2.47 1.3 8.1 14.65 14.9 17.37 13.32 5.25 0.53 -3.35
-0.72 2.11 -2.31 -2.66 5.51 14.73 17.06 17.72 15 8.15 1.41 -3.01
0.85 -2.84 -3.1 -0.55 7.24 17.79 24.45 18.38 14.67 7.67 3.32 -2.34
-2.98 -0.76 -4.89 -2.44 7.69 10.8 17.04 16.3 13.11 8.75 2.54 1.22
-1.42 -3.87 -2.39 -3.88 7.23 12.49 15 19.64 15.57 9.29 2.38 -1.05
-0.79 0.59 -3.48 -3.31 9.07 16.67 20.06 18.85 14.69 8.03 2.46 -1.1
-5.43 -2.33 -6.59 -3.25 8.68 16.57 21.71 16.14 15.7 5.83 1.62 -0.23
-1.78 -2.22 -3.91 0.31 6.2 14.32 15.87 16.51 16.77 9.14 7.14 -4.46
-3.04 -1.65 -4.01 -3.24 12.13 21.72 19.83 19.91 14.81 10.47 4.9 1.09
-5.18 1.39 -1.21 -1.83 9.99 17.41 18.8 18.31 14.3 9.38 4.68 -3.13
0.85 -2.84 -3.1 -0.55 7.24 17.79 24.45 18.38 14.67 7.67 3.32 -2.34
-2.22 -0.44 -6.74 -1.45 13.24 18.4 21.12 20.01 14.2 9.33 5.87 -3.49
-1.31 0.48 -2.04 -0.59 8.13 17.84 24.56 22.14 17.41 9.3 4.82 2.56
-3.26 2.61 -2.85 -1.22 7.71 15.78 20.58 18.77 13.57 7.96 3.52 -0.93
-2.23 -1.36 -4.92 -2.78 7.94 15.49 16.58 14.92 14.37 7.61 1.3 -2.3
-4.5 2.35 -0.46 -0.07 5.6 14.63 20.01 15.88 13.69 8.61 5.09 -1.45
-3.6 -2.04 -6.56 -2.33 5.23 17.64 17.84 18.24 15.39 5.81 4.43 -3.09
-3.91 1.34 -3.29 -2.17 7.8 18.23 19.24 15.95 15.88 8.47 6.52 -4.51
0.36 -3.51 -4.56 -1.93 7.09 21.83 27.26 21.83 17.92 8.89 6.28 -2.38
-2.52 0 -2.17 -2.28 5.58 22.41 25.41 22.66 19.23 8.62 3.83 3.02
-2.38 1.32 -0.6 -1.71 6.33 17.11 19.93 17.28 14.45 8.28 0.5 -2.3
-1.85 -0.81 -2.03 -1.3 7.89 17.7 21.48 17.45 14.25 8.96 4.37 -2.59
-2.08 -1.86 -3.45 -1.35 6.26 17.02 19.22 14.39 12.56 5.32 0.01 -4.06
-1.87 0.01 -6.96 -1.65 7.57 19.51 14.84 18.16 13.4 6.44 0.54 -1.82
-3.99 -4.35 -2.13 -1.32 5.53 15.65 23.83 21.03 14.69 8.36 3.76 -1.29
-1.85 -0.26 -6.01 -0.52 11.29 16.39 22.25 21.68 15.38 7.55 2.56 -1.18
-0.72 2.11 -2.31 -2.66 5.51 14.73 17.06 17.72 15 8.15 1.41 -3.01
-1.38 -0.8 -4.16 -0.73 6.73 9.9 15.19 17.87 14.53 7.43 2.65 -2.11
-2.78 -2.5 -1.35 -0.69 6.85 19.98 20.8 16.04 15.8 8.47 3.24 -1.86
-2.35 -2.38 -3.72 -0.16 7.48 12.68 13.76 15.2 11.86 7.75 3.26 1.65
-0.78 2.55 -1.37 -0.83 8.21 16.57 20.21 16.89 13.76 10.41 5.08 -2.16
-7.49 0.09 -1.45 -1.02 7.53 18.62 22.35 21.98 18.28 8.36 5.5 0.49
0.87 2.26 -1.22 -2.1 5.3 18.55 20.25 15.28 14.56 9.16 2.32 3.12
-1.84 -5.77 -3.72 -3.07 4.84 12.24 13.82 14.92 11.57 6.9 2.94 -0.38
-3.34 -6.35 -4.01 -1.83 12.29 14.04 15.92 15.43 14.75 7.17 0.18 -4.7
-2.09 2.03 -1.82 -0.77 6 12.38 22.12 19.44 15.69 9.26 1.99 -4.52
-0.97 -0.58 -5.04 -4.57 5.44 14.95 17.01 15.2 14.82 10.81 2.96 -3.6
-3.41 -0.63 -3.69 -0.35 5.39 14.6 22.76 18.57 14.17 7.8 2.78 -3.49
1.53 1.49 -4.71 -2.21 8.34 14.14 19.2 15.64 14.23 6.73 3 -0.91
-2.71 -0.13 -3.05 -1.21 7.82 16.78 22.82 17.36 14.91 7.55 5.24 -2.67
-1.42 -3.87 -2.39 -3.88 7.23 12.49 15 19.64 15.57 9.29 2.38 -1.05
-0.82 -0.19 -5.3 -1.97 8.44 19.16 20.09 17.48 14.78 5.35 4.07 -1.05
-2.98 -0.76 -4.89 -2.44 7.69 10.8 17.04 16.3 13.11 8.75 2.54 1.22
-3.67 0.37 -4.98 -2.62 10.24 14.38 21.58 17.48 14.53 10.23 5.42 0.36
-5.6 1.84 -3.06 -3.4 7.46 17.62 15.97 18.78 17.27 8.79 6.69 -1.41
-0.13 -1.25 -2.9 -1.68 9.9 19.58 19.6 17.19 14.13 9.35 1.46 0.9
-2.41 0.16 -2.51 -2.86 6.65 17.08 19.36 15.43 17.86 8.96 1.86 0.18
-1.92 -1.24 -2.36 -1.19 7.94 15 15.8 16.76 15.82 7.13 -2.27 1.29
-0.44 0.54 -2.97 0.7 4.68 18.7 17.33 17.03 16.98 8.63 4.39 -3.15
-5.81 -1.12 -1.9 -2.59 7.17 15.14 20.08 13.27 16.15 9.1 2.42 -0.79
-5.33 0.2 -3.55 -3.88 9.93 15.78 14.13 19.89 14.68 7.45 2.18 -3.74
-3.03 -1.42 -2.37 -2.05 9.35 15.43 20.64 24.1 13.24 9.04 4.51 -1.56
0.72 -1.48 -2.47 1.3 8.1 14.65 14.9 17.37 13.32 5.25 0.53 -3.35
-0.93 -1.48 -5.85 -0.39 10.3 14.29 16.89 14.51 13.56 7.83 1.21 -3.46
-5.51 -4.75 -4.14 -1.5 3.8 14.43 16.4 23.3 13.66 7.92 3.83 -0.87
-0.44 0.54 -2.97 0.7 4.68 18.7 17.33 17.03 16.98 8.63 4.39 -3.15
-1.78 -2.22 -3.91 0.31 6.2 14.32 15.87 16.51 16.77 9.14 7.14 -4.46
-3.34 -6.35 -4.01 -1.83 12.29 14.04 15.92 15.43 14.75 7.17 0.18 -4.7
-1.31 0.48 -2.04 -0.59 8.13 17.84 24.56 22.14 17.41 9.3 4.82 2.56
-3.99 -4.35 -2.13 -1.32 5.53 15.65 23.83 21.03 14.69 8.36 3.76 -1.29
-3.03 -1.42 -2.37 -2.05 9.35 15.43 20.64 24.1 13.24 9.04 4.51 -1.56
0.72 -1.48 -2.47 1.3 8.1 14.65 14.9 17.37 13.32 5.25 0.53 -3.35
-2.23 -1.36 -4.92 -2.78 7.94 15.49 16.58 14.92 14.37 7.61 1.3 -2.3
-4.5 2.35 -0.46 -0.07 5.6 14.63 20.01 15.88 13.69 8.61 5.09 -1.45
-3.26 2.61 -2.85 -1.22 7.71 15.78 20.58 18.77 13.57 7.96 3.52 -0.93
-5.18 1.39 -1.21 -1.83 9.99 17.41 18.8 18.31 14.3 9.38 4.68 -3.13
-3.41 -0.63 -3.69 -0.35 5.39 14.6 22.76 18.57 14.17 7.8 2.78 -3.49
-3.67 0.37 -4.98 -2.62 10.24 14.38 21.58 17.48 14.53 10.23 5.42 0.36
1.53 1.49 -4.71 -2.21 8.34 14.14 19.2 15.64 14.23 6.73 3 -0.91
-3.6 -2.04 -6.56 -2.33 5.23 17.64 17.84 18.24 15.39 5.81 4.43 -3.09
-0.79 0.59 -3.48 -3.31 9.07 16.67 20.06 18.85 14.69 8.03 2.46 -1.1
-2.78 -2.5 -1.35 -0.69 6.85 19.98 20.8 16.04 15.8 8.47 3.24 -1.86
-2.09 2.03 -1.82 -0.77 6 12.38 22.12 19.44 15.69 9.26 1.99 -4.52
-2.52 0 -2.17 -2.28 5.58 22.41 25.41 22.66 19.23 8.62 3.83 3.02
0.36 -3.51 -4.56 -1.93 7.09 21.83 27.26 21.83 17.92 8.89 6.28 -2.38
-5.6 1.84 -3.06 -3.4 7.46 17.62 15.97 18.78 17.27 8.79 6.69 -1.41
-0.13 -1.25 -2.9 -1.68 9.9 19.58 19.6 17.19 14.13 9.35 1.46 0.9
-1.92 -1.24 -2.36 -1.19 7.94 15 15.8 16.76 15.82 7.13 -2.27 1.29
0.87 2.26 -1.22 -2.1 5.3 18.55 20.25 15.28 14.56 9.16 2.32 3.12
-1.85 -0.26 -6.01 -0.52 11.29 16.39 22.25 21.68 15.38 7.55 2.56 -1.18
-2.35 -2.38 -3.72 -0.16 7.48 12.68 13.76 15.2 11.86 7.75 3.26 1.65
-3.04 -1.65 -4.01 -3.24 12.13 21.72 19.83 19.91 14.81 10.47 4.9 1.09
0.85 -2.84 -3.1 -0.55 7.24 17.79 24.45 18.38 14.67 7.67 3.32 -2.34
-2.71 -0.13 -3.05 -1.21 7.82 16.78 22.82 17.36 14.91 7.55 5.24 -2.67
-1.38 -0.8 -4.16 -0.73 6.73 9.9 15.19 17.87 14.53 7.43 2.65 -2.11
-2.22 -0.44 -6.74 -1.45 13.24 18.4 21.12 20.01 14.2 9.33 5.87 -3.49
-2.38 1.32 -0.6 -1.71 6.33 17.11 19.93 17.28 14.45 8.28 0.5 -2.3
-1.87 0.01 -6.96 -1.65 7.57 19.51 14.84 18.16 13.4 6.44 0.54 -1.82
-0.82 -0.19 -5.3 -1.97 8.44 19.16 20.09 17.48 14.78 5.35 4.07 -1.05
-0.78 2.55 -1.37 -0.83 8.21 16.57 20.21 16.89 13.76 10.41 5.08 -2.16
-5.51 -4.75 -4.14 -1.5 3.8 14.43 16.4 23.3 13.66 7.92 3.83 -0.87
-5.43 -2.33 -6.59 -3.25 8.68 16.57 21.71 16.14 15.7 5.83 1.62 -0.23
-5.81 -1.12 -1.9 -2.59 7.17 15.14 20.08 13.27 16.15 9.1 2.42 -0.79
-7.49 0.09 -1.45 -1.02 7.53 18.62 22.35 21.98 18.28 8.36 5.5 0.49
-1.85 -0.81 -2.03 -1.3 7.89 17.7 21.48 17.45 14.25 8.96 4.37 -2.59
-1.84 -5.77 -3.72 -3.07 4.84 12.24 13.82 14.92 11.57 6.9 2.94 -0.38
-5.33 0.2 -3.55 -3.88 9.93 15.78 14.13 19.89 14.68 7.45 2.18 -3.74
-2.98 -0.76 -4.89 -2.44 7.69 10.8 17.04 16.3 13.11 8.75 2.54 1.22
-1.42 -3.87 -2.39 -3.88 7.23 12.49 15 19.64 15.57 9.29 2.38 -1.05
-0.97 -0.58 -5.04 -4.57 5.44 14.95 17.01 15.2 14.82 10.81 2.96 -3.6
-2.41 0.16 -2.51 -2.86 6.65 17.08 19.36 15.43 17.86 8.96 1.86 0.18
-3.91 1.34 -3.29 -2.17 7.8 18.23 19.24 15.95 15.88 8.47 6.52 -4.51
-0.93 -1.48 -5.85 -0.39 10.3 14.29 16.89 14.51 13.56 7.83 1.21 -3.46
-0.72 2.11 -2.31 -2.66 5.51 14.73 17.06 17.72 15 8.15 1.41 -3.01
-2.08 -1.86 -3.45 -1.35 6.26 17.02 19.22 14.39 12.56 5.32 0.01 -4.06
-1.31 0.48 -2.04 -0.59 8.13 17.84 24.56 22.14 17.41 9.3 4.82 2.56
-1.85 -0.26 -6.01 -0.52 11.29 16.39 22.25 21.68 15.38 7.55 2.56 -1.18
-3.91 1.34 -3.29 -2.17 7.8 18.23 19.24 15.95 15.88 8.47 6.52 -4.51
-2.78 -2.5 -1.35 -0.69 6.85 19.98 20.8 16.04 15.8 8.47 3.24 -1.86
-5.33 0.2 -3.55 -3.88 9.93 15.78 14.13 19.89 14.68 7.45 2.18 -3.74
-1.42 -3.87 -2.39 -3.88 7.23 12.49 15 19.64 15.57 9.29 2.38 -1.05
-2.09 2.03 -1.82 -0.77 6 12.38 22.12 19.44 15.69 9.26 1.99 -4.52
-3.41 -0.63 -3.69 -0.35 5.39 14.6 22.76 18.57 14.17 7.8 2.78 -3.49
-5.43 -2.33 -6.59 -3.25 8.68 16.57 21.71 16.14 15.7 5.83 1.62 -0.23
-4.5 2.35 -0.46 -0.07 5.6 14.63 20.01 15.88 13.69 8.61 5.09 -1.45
-1.78 -2.22 -3.91 0.31 6.2 14.32 15.87 16.51 16.77 9.14 7.14 -4.46
-2.71 -0.13 -3.05 -1.21 7.82 16.78 22.82 17.36 14.91 7.55 5.24 -2.67
-1.84 -5.77 -3.72 -3.07 4.84 12.24 13.82 14.92 11.57 6.9 2.94 -0.38
-5.51 -4.75 -4.14 -1.5 3.8 14.43 16.4 23.3 13.66 7.92 3.83 -0.87
-5.18 1.39 -1.21 -1.83 9.99 17.41 18.8 18.31 14.3 9.38 4.68 -3.13
-2.08 -1.86 -3.45 -1.35 6.26 17.02 19.22 14.39 12.56 5.32 0.01 -4.06
-1.87 0.01 -6.96 -1.65 7.57 19.51 14.84 18.16 13.4 6.44 0.54 -1.82
-3.34 -6.35 -4.01 -1.83 12.29 14.04 15.92 15.43 14.75 7.17 0.18 -4.7
-3.67 0.37 -4.98 -2.62 10.24 14.38 21.58 17.48 14.53 10.23 5.42 0.36
-0.13 -1.25 -2.9 -1.68 9.9 19.58 19.6 17.19 14.13 9.35 1.46 0.9
-2.22 -0.44 -6.74 -1.45 13.24 18.4 21.12 20.01 14.2 9.33 5.87 -3.49
-0.93 -1.48 -5.85 -0.39 10.3 14.29 16.89 14.51 13.56 7.83 1.21 -3.46
-0.97 -0.58 -5.04 -4.57 5.44 14.95 17.01 15.2 14.82 10.81 2.96 -3.6
-5.81 -1.12 -1.9 -2.59 7.17 15.14 20.08 13.27 16.15 9.1 2.42 -0.79
-0.79 0.59 -3.48 -3.31 9.07 16.67 20.06 18.85 14.69 8.03 2.46 -1.1
0.72 -1.48 -2.47 1.3 8.1 14.65 14.9 17.37 13.32 5.25 0.53 -3.35
-1.38 -0.8 -4.16 -0.73 6.73 9.9 15.19 17.87 14.53 7.43 2.65 -2.11
-0.78 2.55 -1.37 -0.83 8.21 16.57 20.21 16.89 13.76 10.41 5.08 -2.16
-3.26 2.61 -2.85 -1.22 7.71 15.78 20.58 18.77 13.57 7.96 3.52 -0.93
1.53 1.49 -4.71 -2.21 8.34 14.14 19.2 15.64 14.23 6.73 3 -0.91
-5.6 1.84 -3.06 -3.4 7.46 17.62 15.97 18.78 17.27 8.79 6.69 -1.41
-7.49 0.09 -1.45 -1.02 7.53 18.62 22.35 21.98 18.28 8.36 5.5 0.49
0.36 -3.51 -4.56 -1.93 7.09 21.83 27.26 21.83 17.92 8.89 6.28 -2.38
-3.99 -4.35 -2.13 -1.32 5.53 15.65 23.83 21.03 14.69 8.36 3.76 -1.29
-2.41 0.16 -2.51 -2.86 6.65 17.08 19.36 15.43 17.86 8.96 1.86 0.18
-2.23 -1.36 -4.92 -2.78 7.94 15.49 16.58 14.92 14.37 7.61 1.3 -2.3
-3.6 -2.04 -6.56 -2.33 5.23 17.64 17.84 18.24 15.39 5.81 4.43 -3.09
-1.85 -0.81 -2.03 -1.3 7.89 17.7 21.48 17.45 14.25 8.96 4.37 -2.59
-2.52 0 -2.17 -2.28 5.58 22.41 25.41 22.66 19.23 8.62 3.83 3.02
-3.03 -1.42 -2.37 -2.05 9.35 15.43 20.64 24.1 13.24 9.04 4.51 -1.56
-2.35 -2.38 -3.72 -0.16 7.48 12.68 13.76 15.2 11.86 7.75 3.26 1.65
0.85 -2.84 -3.1 -0.55 7.24 17.79 24.45 18.38 14.67 7.67 3.32 -2.34
-1.92 -1.24 -2.36 -1.19 7.94 15 15.8 16.76 15.82 7.13 -2.27 1.29
-3.04 -1.65 -4.01 -3.24 12.13 21.72 19.83 19.91 14.81 10.47 4.9 1.09
-0.82 -0.19 -5.3 -1.97 8.44 19.16 20.09 17.48 14.78 5.35 4.07 -1.05
-2.98 -0.76 -4.89 -2.44 7.69 10.8 17.04 16.3 13.11 8.75 2.54 1.22
-2.38 1.32 -0.6 -1.71 6.33 17.11 19.93 17.28 14.45 8.28 0.5 -2.3
0.87 2.26 -1.22 -2.1 5.3 18.55 20.25 15.28 14.56 9.16 2.32 3.12
-0.72 2.11 -2.31 -2.66 5.51 14.73 17.06 17.72 15 8.15 1.41 -3.01
-0.44 0.54 -2.97 0.7 4.68 18.7 17.33 17.03 16.98 8.63 4.39 -3.15
-3.26 2.61 -2.85 -1.22 7.71 15.78 20.58 18.77 13.57 7.96 3.52 -0.93
-1.87 0.01 -6.96 -1.65 7.57 19.51 14.84 18.16 13.4 6.44 0.54 -1.82
-4.5 2.35 -0.46 -0.07 5.6 14.63 20.01 15.88 13.69 8.61 5.09 -1.45
-0.93 -1.48 -5.85 -0.39 10.3 14.29 16.89 14.51 13.56 7.83 1.21 -3.46
-5.33 0.2 -3.55 -3.88 9.93 15.78 14.13 19.89 14.68 7.45 2.18 -3.74
-3.41 -0.63 -3.69 -0.35 5.39 14.6 22.76 18.57 14.17 7.8 2.78 -3.49
1.53 1.49 -4.71 -2.21 8.34 14.14 19.2 15.64 14.23 6.73 3 -0.91
-3.91 1.34 -3.29 -2.17 7.8 18.23 19.24 15.95 15.88 8.47 6.52 -4.51
-2.98 -0.76 -4.89 -2.44 7.69 10.8 17.04 16.3 13.11 8.75 2.54 1.22
-1.85 -0.81 -2.03 -1.3 7.89 17.7 21.48 17.45 14.25 8.96 4.37 -2.59
-3.04 -1.65 -4.01 -3.24 12.13 21.72 19.83 19.91 14.81 10.47 4.9 1.09
-5.51 -4.75 -4.14 -1.5 3.8 14.43 16.4 23.3 13.66 7.92 3.83 -0.87
0.85 -2.84 -3.1 -0.55 7.24 17.79 24.45 18.38 14.67 7.67 3.32 -2.34
-0.82 -0.19 -5.3 -1.97 8.44 19.16 20.09 17.48 14.78 5.35 4.07 -1.05
-0.72 2.11 -2.31 -2.66 5.51 14.73 17.06 17.72 15 8.15 1.41 -3.01
0.87 2.26 -1.22 -2.1 5.3 18.55 20.25 15.28 14.56 9.16 2.32 3.12
-2.38 1.32 -0.6 -1.71 6.33 17.11 19.93 17.28 14.45 8.28 0.5 -2.3
-5.43 -2.33 -6.59 -3.25 8.68 16.57 21.71 16.14 15.7 5.83 1.62 -0.23
-2.22 -0.44 -6.74 -1.45 13.24 18.4 21.12 20.01 14.2 9.33 5.87 -3.49
-2.41 0.16 -2.51 -2.86 6.65 17.08 19.36 15.43 17.86 8.96 1.86 0.18
-3.99 -4.35 -2.13 -1.32 5.53 15.65 23.83 21.03 14.69 8.36 3.76 -1.29
-2.52 0 -2.17 -2.28 5.58 22.41 25.41 22.66 19.23 8.62 3.83 3.02
-1.84 -5.77 -3.72 -3.07 4.84 12.24 13.82 14.92 11.57 6.9 2.94 -0.38
-2.78 -2.5 -1.35 -0.69 6.85 19.98 20.8 16.04 15.8 8.47 3.24 -1.86
-3.67 0.37 -4.98 -2.62 10.24 14.38 21.58 17.48 14.53 10.23 5.42 0.36
-5.6 1.84 -3.06 -3.4 7.46 17.62 15.97 18.78 17.27 8.79 6.69 -1.41
-2.71 -0.13 -3.05 -1.21 7.82 16.78 22.82 17.36 14.91 7.55 5.24 -2.67
-1.85 -0.26 -6.01 -0.52 11.29 16.39 22.25 21.68 15.38 7.55 2.56 -1.18
-0.13 -1.25 -2.9 -1.68 9.9 19.58 19.6 17.19 14.13 9.35 1.46 0.9
-2.08 -1.86 -3.45 -1.35 6.26 17.02 19.22 14.39 12.56 5.32 0.01 -4.06
-2.09 2.03 -1.82 -0.77 6 12.38 22.12 19.44 15.69 9.26 1.99 -4.52
-0.78 2.55 -1.37 -0.83 8.21 16.57 20.21 16.89 13.76 10.41 5.08 -2.16
-3.34 -6.35 -4.01 -1.83 12.29 14.04 15.92 15.43 14.75 7.17 0.18 -4.7
-2.35 -2.38 -3.72 -0.16 7.48 12.68 13.76 15.2 11.86 7.75 3.26 1.65
0.72 -1.48 -2.47 1.3 8.1 14.65 14.9 17.37 13.32 5.25 0.53 -3.35
0.36 -3.51 -4.56 -1.93 7.09 21.83 27.26 21.83 17.92 8.89 6.28 -2.38
-2.23 -1.36 -4.92 -2.78 7.94 15.49 16.58 14.92 14.37 7.61 1.3 -2.3
-1.31 0.48 -2.04 -0.59 8.13 17.84 24.56 22.14 17.41 9.3 4.82 2.56
-1.78 -2.22 -3.91 0.31 6.2 14.32 15.87 16.51 16.77 9.14 7.14 -4.46
-0.79 0.59 -3.48 -3.31 9.07 16.67 20.06 18.85 14.69 8.03 2.46 -1.1
-0.97 -0.58 -5.04 -4.57 5.44 14.95 17.01 15.2 14.82 10.81 2.96 -3.6
-5.18 1.39 -1.21 -1.83 9.99 17.41 18.8 18.31 14.3 9.38 4.68 -3.13
-3.6 -2.04 -6.56 -2.33 5.23 17.64 17.84 18.24 15.39 5.81 4.43 -3.09
-3.03 -1.42 -2.37 -2.05 9.35 15.43 20.64 24.1 13.24 9.04 4.51 -1.56
-1.92 -1.24 -2.36 -1.19 7.94 15 15.8 16.76 15.82 7.13 -2.27 1.29
-1.38 -0.8 -4.16 -0.73 6.73 9.9 15.19 17.87 14.53 7.43 2.65 -2.11
-0.44 0.54 -2.97 0.7 4.68 18.7 17.33 17.03 16.98 8.63 4.39 -3.15
-1.42 -3.87 -2.39 -3.88 7.23 12.49 15 19.64 15.57 9.29 2.38 -1.05
-7.49 0.09 -1.45 -1.02 7.53 18.62 22.35 21.98 18.28 8.36 5.5 0.49
-5.81 -1.12 -1.9 -2.59 7.17 15.14 20.08 13.27 16.15 9.1 2.42 -0.79
-0.93 -1.48 -5.85 -0.39 10.3 14.29 16.89 14.51 13.56 7.83 1.21 -3.46
-3.6 -2.04 -6.56 -2.33 5.23 17.64 17.84 18.24 15.39 5.81 4.43 -3.09
-5.33 0.2 -3.55 -3.88 9.93 15.78 14.13 19.89 14.68 7.45 2.18 -3.74
-2.41 0.16 -2.51 -2.86 6.65 17.08 19.36 15.43 17.86 8.96 1.86 0.18
-1.85 -0.26 -6.01 -0.52 11.29 16.39 22.25 21.68 15.38 7.55 2.56 -1.18
-2.08 -1.86 -3.45 -1.35 6.26 17.02 19.22 14.39 12.56 5.32 0.01 -4.06
-1.84 -5.77 -3.72 -3.07 4.84 12.24 13.82 14.92 11.57 6.9 2.94 -0.38
-2.09 2.03 -1.82 -0.77 6 12.38 22.12 19.44 15.69 9.26 1.99 -4.52
-3.03 -1.42 -2.37 -2.05 9.35 15.43 20.64 24.1 13.24 9.04 4.51 -1.56
0.72 -1.48 -2.47 1.3 8.1 14.65 14.9 17.37 13.32 5.25 0.53 -3.35
-5.81 -1.12 -1.9 -2.59 7.17 15.14 20.08 13.27 16.15 9.1 2.42 -0.79
-1.78 -2.22 -3.91 0.31 6.2 14.32 15.87 16.51 16.77 9.14 7.14 -4.46
-0.72 2.11 -2.31 -2.66 5.51 14.73 17.06 17.72 15 8.15 1.41 -3.01
1.53 1.49 -4.71 -2.21 8.34 14.14 19.2 15.64 14.23 6.73 3 -0.91
-1.42 -3.87 -2.39 -3.88 7.23 12.49 15 19.64 15.57 9.29 2.38 -1.05
-3.91 1.34 -3.29 -2.17 7.8 18.23 19.24 15.95 15.88 8.47 6.52 -4.51
0.87 2.26 -1.22 -2.1 5.3 18.55 20.25 15.28 14.56 9.16 2.32 3.12
-4.5 2.35 -0.46 -0.07 5.6 14.63 20.01 15.88 13.69 8.61 5.09 -1.45
-2.22 -0.44 -6.74 -1.45 13.24 18.4 21.12 20.01 14.2 9.33 5.87 -3.49
-5.6 1.84 -3.06 -3.4 7.46 17.62 15.97 18.78 17.27 8.79 6.69 -1.41
-2.35 -2.38 -3.72 -0.16 7.48 12.68 13.76 15.2 11.86 7.75 3.26 1.65
-0.82 -0.19 -5.3 -1.97 8.44 19.16 20.09 17.48 14.78 5.35 4.07 -1.05
-0.79 0.59 -3.48 -3.31 9.07 16.67 20.06 18.85 14.69 8.03 2.46 -1.1
-7.49 0.09 -1.45 -1.02 7.53 18.62 22.35 21.98 18.28 8.36 5.5 0.49
-0.13 -1.25 -2.9 -1.68 9.9 19.58 19.6 17.19 14.13 9.35 1.46 0.9
-2.98 -0.76 -4.89 -2.44 7.69 10.8 17.04 16.3 13.11 8.75 2.54 1.22
-0.97 -0.58 -5.04 -4.57 5.44 14.95 17.01 15.2 14.82 10.81 2.96 -3.6
-2.52 0 -2.17 -2.28 5.58 22.41 25.41 22.66 19.23 8.62 3.83 3.02
-1.87 0.01 -6.96 -1.65 7.57 19.51 14.84 18.16 13.4 6.44 0.54 -1.82
-3.99 -4.35 -2.13 -1.32 5.53 15.65 23.83 21.03 14.69 8.36 3.76 -1.29
-0.44 0.54 -2.97 0.7 4.68 18.7 17.33 17.03 16.98 8.63 4.39 -3.15
-0.78 2.55 -1.37 -0.83 8.21 16.57 20.21 16.89 13.76 10.41 5.08 -2.16
-3.41 -0.63 -3.69 -0.35 5.39 14.6 22.76 18.57 14.17 7.8 2.78 -3.49
0.85 -2.84 -3.1 -0.55 7.24 17.79 24.45 18.38 14.67 7.67 3.32 -2.34
-3.26 2.61 -2.85 -1.22 7.71 15.78 20.58 18.77 13.57 7.96 3.52 -0.93
0.36 -3.51 -4.56 -1.93 7.09 21.83 27.26 21.83 17.92 8.89 6.28 -2.38
-2.78 -2.5 -1.35 -0.69 6.85 19.98 20.8 16.04 15.8 8.47 3.24 -1.86
-5.43 -2.33 -6.59 -3.25 8.68 16.57 21.71 16.14 15.7 5.83 1.62 -0.23
-2.23 -1.36 -4.92 -2.78 7.94 15.49 16.58 14.92 14.37 7.61 1.3 -2.3
-1.85 -0.81 -2.03 -1.3 7.89 17.7 21.48 17.45 14.25 8.96 4.37 -2.59
-5.18 1.39 -1.21 -1.83 9.99 17.41 18.8 18.31 14.3 9.38 4.68 -3.13
-2.38 1.32 -0.6 -1.71 6.33 17.11 19.93 17.28 14.45 8.28 0.5 -2.3
-1.92 -1.24 -2.36 -1.19 7.94 15 15.8 16.76 15.82 7.13 -2.27 1.29
-3.34 -6.35 -4.01 -1.83 12.29 14.04 15.92 15.43 14.75 7.17 0.18 -4.7
-3.04 -1.65 -4.01 -3.24 12.13 21.72 19.83 19.91 14.81 10.47 4.9 1.09
-2.71 -0.13 -3.05 -1.21 7.82 16.78 22.82 17.36 14.91 7.55 5.24 -2.67
-5.51 -4.75 -4.14 -1.5 3.8 14.43 16.4 23.3 13.66 7.92 3.83 -0.87
-3.67 0.37 -4.98 -2.62 10.24 14.38 21.58 17.48 14.53 10.23 5.42 0.36
-1.31 0.48 -2.04 -0.59 8.13 17.84 24.56 22.14 17.41 9.3 4.82 2.56
-1.38 -0.8 -4.16 -0.73 6.73 9.9 15.19 17.87 14.53 7.43 2.65 -2.11
-2.98 -0.76 -4.89 -2.44 7.69 10.8 17.04 16.3 13.11 8.75 2.54 1.22
-2.41 0.16 -2.51 -2.86 6.65 17.08 19.36 15.43 17.86 8.96 1.86 0.18
-2.09 2.03 -1.82 -0.77 6 12.38 22.12 19.44 15.69 9.26 1.99 -4.52
-3.41 -0.63 -3.69 -0.35 5.39 14.6 22.76 18.57 14.17 7.8 2.78 -3.49
0.36 -3.51 -4.56 -1.93 7.09 21.83 27.26 21.83 17.92 8.89 6.28 -2.38
-0.13 -1.25 -2.9 -1.68 9.9 19.58 19.6 17.19 14.13 9.35 1.46 0.9
-5.81 -1.12 -1.9 -2.59 7.17 15.14 20.08 13.27 16.15 9.1 2.42 -0.79
-3.04 -1.65 -4.01 -3.24 12.13 21.72 19.83 19.91 14.81 10.47 4.9 1.09
-2.38 1.32 -0.6 -1.71 6.33 17.11 19.93 17.28 14.45 8.28 0.5 -2.3
-0.82 -0.19 -5.3 -1.97 8.44 19.16 20.09 17.48 14.78 5.35 4.07 -1.05
0.87 2.26 -1.22 -2.1 5.3 18.55 20.25 15.28 14.56 9.16 2.32 3.12
0.72 -1.48 -2.47 1.3 8.1 14.65 14.9 17.37 13.32 5.25 0.53 -3.35
-1.92 -1.24 -2.36 -1.19 7.94 15 15.8 16.76 15.82 7.13 -2.27 1.29
-2.71 -0.13 -3.05 -1.21 7.82 16.78 22.82 17.36 14.91 7.55 5.24 -2.67
-5.33 0.2 -3.55 -3.88 9.93 15.78 14.13 19.89 14.68 7.45 2.18 -3.74
-3.99 -4.35 -2.13 -1.32 5.53 15.65 23.83 21.03 14.69 8.36 3.76 -1.29
-4.5 2.35 -0.46 -0.07 5.6 14.63 20.01 15.88 13.69 8.61 5.09 -1.45
-3.67 0.37 -4.98 -2.62 10.24 14.38 21.58 17.48 14.53 10.23 5.42 0.36
-0.72 2.11 -2.31 -2.66 5.51 14.73 17.06 17.72 15 8.15 1.41 -3.01
-1.42 -3.87 -2.39 -3.88 7.23 12.49 15 19.64 15.57 9.29 2.38 -1.05
-1.84 -5.77 -3.72 -3.07 4.84 12.24 13.82 14.92 11.57 6.9 2.94 -0.38
-0.44 0.54 -2.97 0.7 4.68 18.7 17.33 17.03 16.98 8.63 4.39 -3.15
-2.22 -0.44 -6.74 -1.45 13.24 18.4 21.12 20.01 14.2 9.33 5.87 -3.49
-2.08 -1.86 -3.45 -1.35 6.26 17.02 19.22 14.39 12.56 5.32 0.01 -4.06
-1.31 0.48 -2.04 -0.59 8.13 17.84 24.56 22.14 17.41 9.3 4.82 2.56
-0.79 0.59 -3.48 -3.31 9.07 16.67 20.06 18.85 14.69 8.03 2.46 -1.1
-0.97 -0.58 -5.04 -4.57 5.44 14.95 17.01 15.2 14.82 10.81 2.96 -3.6
-7.49 0.09 -1.45 -1.02 7.53 18.62 22.35 21.98 18.28 8.36 5.5 0.49
-3.03 -1.42 -2.37 -2.05 9.35 15.43 20.64 24.1 13.24 9.04 4.51 -1.56
-5.18 1.39 -1.21 -1.83 9.99 17.41 18.8 18.31 14.3 9.38 4.68 -3.13
-1.78 -2.22 -3.91 0.31 6.2 14.32 15.87 16.51 16.77 9.14 7.14 -4.46
-5.43 -2.33 -6.59 -3.25 8.68 16.57 21.71 16.14 15.7 5.83 1.62 -0.23
-5.6 1.84 -3.06 -3.4 7.46 17.62 15.97 18.78 17.27 8.79 6.69 -1.41
0.85 -2.84 -3.1 -0.55 7.24 17.79 24.45 18.38 14.67 7.67 3.32 -2.34
-2.23 -1.36 -4.92 -2.78 7.94 15.49 16.58 14.92 14.37 7.61 1.3 -2.3
-3.91 1.34 -3.29 -2.17 7.8 18.23 19.24 15.95 15.88 8.47 6.52 -4.51
-3.6 -2.04 -6.56 -2.33 5.23 17.64 17.84 18.24 15.39 5.81 4.43 -3.09
-5.51 -4.75 -4.14 -1.5 3.8 14.43 16.4 23.3 13.66 7.92 3.83 -0.87
-3.34 -6.35 -4.01 -1.83 12.29 14.04 15.92 15.43 14.75 7.17 0.18 -4.7
-2.35 -2.38 -3.72 -0.16 7.48 12.68 13.76 15.2 11.86 7.75 3.26 1.65
-0.78 2.55 -1.37 -0.83 8.21 16.57 20.21 16.89 13.76 10.41 5.08 -2.16
-1.38 -0.8 -4.16 -0.73 6.73 9.9 15.19 17.87 14.53 7.43 2.65 -2.11
-0.93 -1.48 -5.85 -0.39 10.3 14.29 16.89 14.51 13.56 7.83 1.21 -3.46
-1.87 0.01 -6.96 -1.65 7.57 19.51 14.84 18.16 13.4 6.44 0.54 -1.82
-2.78 -2.5 -1.35 -0.69 6.85 19.98 20.8 16.04 15.8 8.47 3.24 -1.86
-2.52 0 -2.17 -2.28 5.58 22.41 25.41 22.66 19.23 8.62 3.83 3.02
-1.85 -0.26 -6.01 -0.52 11.29 16.39 22.25 21.68 15.38 7.55 2.56 -1.18
-1.85 -0.81 -2.03 -1.3 7.89 17.7 21.48 17.45 14.25 8.96 4.37 -2.59
1.53 1.49 -4.71 -2.21 8.34 14.14 19.2 15.64 14.23 6.73 3 -0.91
-3.26 2.61 -2.85 -1.22 7.71 15.78 20.58 18.77 13.57 7.96 3.52 -0.93
-0.72 2.11 -2.31 -2.66 5.51 14.73 17.06 17.72 15 8.15 1.41 -3.01
-5.33 0.2 -3.55 -3.88 9.93 15.78 14.13 19.89 14.68 7.45 2.18 -3.74
-1.78 -2.22 -3.91 0.31 6.2 14.32 15.87 16.51 16.77 9.14 7.14 -4.46
-0.82 -0.19 -5.3 -1.97 8.44 19.16 20.09 17.48 14.78 5.35 4.07 -1.05
-0.13 -1.25 -2.9 -1.68 9.9 19.58 19.6 17.19 14.13 9.35 1.46 0.9
-5.51 -4.75 -4.14 -1.5 3.8 14.43 16.4 23.3 13.66 7.92 3.83 -0.87
-0.79 0.59 -3.48 -3.31 9.07 16.67 20.06 18.85 14.69 8.03 2.46 -1.1
-5.81 -1.12 -1.9 -2.59 7.17 15.14 20.08 13.27 16.15 9.1 2.42 -0.79
-2.98 -0.76 -4.89 -2.44 7.69 10.8 17.04 16.3 13.11 8.75 2.54 1.22
-3.26 2.61 -2.85 -1.22 7.71 15.78 20.58 18.77 13.57 7.96 3.52 -0.93
-3.34 -6.35 -4.01 -1.83 12.29 14.04 15.92 15.43 14.75 7.17 0.18 -4.7
-2.35 -2.38 -3.72 -0.16 7.48 12.68 13.76 15.2 11.86 7.75 3.26 1.65
-2.09 2.03 -1.82 -0.77 6 12.38 22.12 19.44 15.69 9.26 1.99 -4.52
-2.71 -0.13 -3.05 -1.21 7.82 16.78 22.82 17.36 14.91 7.55 5.24 -2.67
-1.85 -0.81 -2.03 -1.3 7.89 17.7 21.48 17.45 14.25 8.96 4.37 -2.59
-1.84 -5.77 -3.72 -3.07 4.84 12.24 13.82 14.92 11.57 6.9 2.94 -0.38
-2.22 -0.44 -6.74 -1.45 13.24 18.4 21.12 20.01 14.2 9.33 5.87 -3.49
-3.6 -2.04 -6.56 -2.33 5.23 17.64 17.84 18.24 15.39 5.81 4.43 -3.09
0.85 -2.84 -3.1 -0.55 7.24 17.79 24.45 18.38 14.67 7.67 3.32 -2.34
-1.38 -0.8 -4.16 -0.73 6.73 9.9 15.19 17.87 14.53 7.43 2.65 -2.11
-2.08 -1.86 -3.45 -1.35 6.26 17.02 19.22 14.39 12.56 5.32 0.01 -4.06
1.53 1.49 -4.71 -2.21 8.34 14.14 19.2 15.64 14.23 6.73 3 -0.91
-3.99 -4.35 -2.13 -1.32 5.53 15.65 23.83 21.03 14.69 8.36 3.76 -1.29
-1.87 0.01 -6.96 -1.65 7.57 19.51 14.84 18.16 13.4 6.44 0.54 -1.82
0.72 -1.48 -2.47 1.3 8.1 14.65 14.9 17.37 13.32 5.25 0.53 -3.35
-3.67 0.37 -4.98 -2.62 10.24 14.38 21.58 17.48 14.53 10.23 5.42 0.36
-1.42 -3.87 -2.39 -3.88 7.23 12.49 15 19.64 15.57 9.29 2.38 -1.05
-3.04 -1.65 -4.01 -3.24 12.13 21.72 19.83 19.91 14.81 10.47 4.9 1.09
-2.23 -1.36 -4.92 -2.78 7.94 15.49 16.58 14.92 14.37 7.61 1.3 -2.3
-7.49 0.09 -1.45 -1.02 7.53 18.62 22.35 21.98 18.28 8.36 5.5 0.49
-3.41 -0.63 -3.69 -0.35 5.39 14.6 22.76 18.57 14.17 7.8 2.78 -3.49
-1.85 -0.26 -6.01 -0.52 11.29 16.39 22.25 21.68 15.38 7.55 2.56 -1.18
-4.5 2.35 -0.46 -0.07 5.6 14.63 20.01 15.88 13.69 8.61 5.09 -1.45
-3.91 1.34 -3.29 -2.17 7.8 18.23 19.24 15.95 15.88 8.47 6.52 -4.51
-2.38 1.32 -0.6 -1.71 6.33 17.11 19.93 17.28 14.45 8.28 0.5 -2.3
-2.52 0 -2.17 -2.28 5.58 22.41 25.41 22.66 19.23 8.62 3.83 3.02
-1.92 -1.24 -2.36 -1.19 7.94 15 15.8 16.76 15.82 7.13 -2.27 1.29
-2.78 -2.5 -1.35 -0.69 6.85 19.98 20.8 16.04 15.8 8.47 3.24 -1.86
-1.31 0.48 -2.04 -0.59 8.13 17.84 24.56 22.14 17.41 9.3 4.82 2.56
-5.43 -2.33 -6.59 -3.25 8.68 16.57 21.71 16.14 15.7 5.83 1.62 -0.23
-0.93 -1.48 -5.85 -0.39 10.3 14.29 16.89 14.51 13.56 7.83 1.21 -3.46
0.87 2.26 -1.22 -2.1 5.3 18.55 20.25 15.28 14.56 9.16 2.32 3.12
-5.18 1.39 -1.21 -1.83 9.99 17.41 18.8 18.31 14.3 9.38 4.68 -3.13
-2.41 0.16 -2.51 -2.86 6.65 17.08 19.36 15.43 17.86 8.96 1.86 0.18
-3.03 -1.42 -2.37 -2.05 9.35 15.43 20.64 24.1 13.24 9.04 4.51 -1.56
-0.44 0.54 -2.97 0.7 4.68 18.7 17.33 17.03 16.98 8.63 4.39 -3.15
-0.78 2.55 -1.37 -0.83 8.21 16.57 20.21 16.89 13.76 10.41 5.08 -2.16
-0.97 -0.58 -5.04 -4.57 5.44 14.95 17.01 15.2 14.82 10.81 2.96 -3.6
0.36 -3.51 -4.56 -1.93 7.09 21.83 27.26 21.83 17.92 8.89 6.28 -2.38
-5.6 1.84 -3.06 -3.4 7.46 17.62 15.97 18.78 17.27 8.79 6.69 -1.41
-2.41 0.16 -2.51 -2.86 6.65 17.08 19.36 15.43 17.86 8.96 1.86 0.18
-3.04 -1.65 -4.01 -3.24 12.13 21.72 19.83 19.91 14.81 10.47 4.9 1.09
-4.5 2.35 -0.46 -0.07 5.6 14.63 20.01 15.88 13.69 8.61 5.09 -1.45
-1.85 -0.26 -6.01 -0.52 11.29 16.39 22.25 21.68 15.38 7.55 2.56 -1.18
-5.18 1.39 -1.21 -1.83 9.99 17.41 18.8 18.31 14.3 9.38 4.68 -3.13
-2.78 -2.5 -1.35 -0.69 6.85 19.98 20.8 16.04 15.8 8.47 3.24 -1.86
-3.03 -1.42 -2.37 -2.05 9.35 15.43 20.64 24.1 13.24 9.04 4.51 -1.56
-1.87 0.01 -6.96 -1.65 7.57 19.51 14.84 18.16 13.4 6.44 0.54 -1.82
-2.08 -1.86 -3.45 -1.35 6.26 17.02 19.22 14.39 12.56 5.32 0.01 -4.06
-1.42 -3.87 -2.39 -3.88 7.23 12.49 15 19.64 15.57 9.29 2.38 -1.05
-1.38 -0.8 -4.16 -0.73 6.73 9.9 15.19 17.87 14.53 7.43 2.65 -2.11
-0.79 0.59 -3.48 -3.31 9.07 16.67 20.06 18.85 14.69 8.03 2.46 -1.1
-2.52 0 -2.17 -2.28 5.58 22.41 25.41 22.66 19.23 8.62 3.83 3.02
-0.93 -1.48 -5.85 -0.39 10.3 14.29 16.89 14.51 13.56 7.83 1.21 -3.46
-3.67 0.37 -4.98 -2.62 10.24 14.38 21.58 17.48 14.53 10.23 5.42 0.36
0.87 2.26 -1.22 -2.1 5.3 18.55 20.25 15.28 14.56 9.16 2.32 3.12
-2.22 -0.44 -6.74 -1.45 13.24 18.4 21.12 20.01 14.2 9.33 5.87 -3.49
-2.98 -0.76 -4.89 -2.44 7.69 10.8 17.04 16.3 13.11 8.75 2.54 1.22
-3.26 2.61 -2.85 -1.22 7.71 15.78 20.58 18.77 13.57 7.96 3.52 -0.93
-0.97 -0.58 -5.04 -4.57 5.44 14.95 17.01 15.2 14.82 10.81 2.96 -3.6
-1.92 -1.24 -2.36 -1.19 7.94 15 15.8 16.76 15.82 7.13 -2.27 1.29
-3.91 1.34 -3.29 -2.17 7.8 18.23 19.24 15.95 15.88 8.47 6.52 -4.51
-3.99 -4.35 -2.13 -1.32 5.53 15.65 23.83 21.03 14.69 8.36 3.76 -1.29
-0.44 0.54 -2.97 0.7 4.68 18.7 17.33 17.03 16.98 8.63 4.39 -3.15
-1.84 -5.77 -3.72 -3.07 4.84 12.24 13.82 14.92 11.57 6.9 2.94 -0.38
-1.85 -0.81 -2.03 -1.3 7.89 17.7 21.48 17.45 14.25 8.96 4.37 -2.59
-5.33 0.2 -3.55 -3.88 9.93 15.78 14.13 19.89 14.68 7.45 2.18 -3.74
-1.31 0.48 -2.04 -0.59 8.13 17.84 24.56 22.14 17.41 9.3 4.82 2.56
0.36 -3.51 -4.56 -1.93 7.09 21.83 27.26 21.83 17.92 8.89 6.28 -2.38
-2.38 1.32 -0.6 -1.71 6.33 17.11 19.93 17.28 14.45 8.28 0.5 -2.3
-0.82 -0.19 -5.3 -1.97 8.44 19.16 20.09 17.48 14.78 5.35 4.07 -1.05
-3.6 -2.04 -6.56 -2.33 5.23 17.64 17.84 18.24 15.39 5.81 4.43 -3.09
-2.09 2.03 -1.82 -0.77 6 12.38 22.12 19.44 15.69 9.26 1.99 -4.52
-0.72 2.11 -2.31 -2.66 5.51 14.73 17.06 17.72 15 8.15 1.41 -3.01
-2.23 -1.36 -4.92 -2.78 7.94 15.49 16.58 14.92 14.37 7.61 1.3 -2.3
-5.6 1.84 -3.06 -3.4 7.46 17.62 15.97 18.78 17.27 8.79 6.69 -1.41
0.85 -2.84 -3.1 -0.55 7.24 17.79 24.45 18.38 14.67 7.67 3.32 -2.34
-1.78 -2.22 -3.91 0.31 6.2 14.32 15.87 16.51 16.77 9.14 7.14 -4.46
-2.71 -0.13 -3.05 -1.21 7.82 16.78 22.82 17.36 14.91 7.55 5.24 -2.67
0.72 -1.48 -2.47 1.3 8.1 14.65 14.9 17.37 13.32 5.25 0.53 -3.35
-0.13 -1.25 -2.9 -1.68 9.9 19.58 19.6 17.19 14.13 9.35 1.46 0.9
-5.81 -1.12 -1.9 -2.59 7.17 15.14 20.08 13.27 16.15 9.1 2.42 -0.79
-3.34 -6.35 -4.01 -1.83 12.29 14.04 15.92 15.43 14.75 7.17 0.18 -4.7
-2.35 -2.38 -3.72 -0.16 7.48 12.68 13.76 15.2 11.86 7.75 3.26 1.65
1.53 1.49 -4.71 -2.21 8.34 14.14 19.2 15.64 14.23 6.73 3 -0.91
-0.78 2.55 -1.37 -0.83 8.21 16.57 20.21 16.89 13.76 10.41 5.08 -2.16
-5.51 -4.75 -4.14 -1.5 3.8 14.43 16.4 23.3 13.66 7.92 3.83 -0.87
-3.41 -0.63 -3.69 -0.35 5.39 14.6 22.76 18.57 14.17 7.8 2.78 -3.49
-5.43 -2.33 -6.59 -3.25 8.68 16.57 21.71 16.14 15.7 5.83 1.62 -0.23
-7.49 0.09 -1.45 -1.02 7.53 18.62 22.35 21.98 18.28 8.36 5.5 0.49
