"Jan" "Feb" "Mar" "Apr" "Mai" "Jun" "Jul" "Aug" "Sep" "Okt" "Nov" "Dez"
-32.1 -34.9 -33.8 -21.2 -10.2 4.5 8 5.3 -1.1 -14 -26.2 -31.4
-30.8 -32 -29.2 -20.8 -6.7 4.5 8 5.3 -1.1 -14 -26.2 -36.3
-37.4 -32 -23.7 -19.8 -6.8 3.4 7.9 5.3 -1.1 -14 -26.2 -31.4
-30.8 -32 -29.2 -20.8 -6.7 4.5 8 5.3 -1.1 -14 -26.2 -31.4
-38.9 -35.9 -31.6 -22.1 -6.3 4.1 7.4 5.9 -1.6 -13.4 -27.7 -35.3
-40.51 -34.41 -34.71 -16.71 -7.71 4.49 7.79 4.29 -1.21 -12.31 -23.31 -26.01
-36.01 -40.11 -31.71 -21.51 -7.81 3.39 8.69 3.99 -3.21 -17.41 -25.41 -33.21
-42.21 -37.01 -28.51 -21.41 -9.31 1.89 7.29 4.49 -0.51 -10.61 -22.61 -33.51
-38.21 -23.21 -22.71 -22.51 -8.01 1.49 7.99 3.59 -2.31 -14.71 -25.21 -31.41
-30.51 -32.61 -26.51 -19.71 -12.31 2.39 5.79 4.19 -1.71 -13.71 -30.81 -35.01
-38.31 -35.81 -27.51 -18.91 -12.21 2.09 4.39 5.09 0.19 -12.31 -26.21 -24.51
-31.01 -36.31 -30.21 -23.51 -6.71 2.99 6.69 3.89 -2.51 -13.31 -30.31 -38.21
-37.51 -28.31 -30.01 -28.51 -9.11 3.89 8.29 4.29 -1.51 -11.91 -29.21 -29.31
-27.31 -30.11 -34.91 -18.21 -9.81 1.69 7.29 5.69 -0.61 -12.21 -22.61 -34.91
-42.71 -30.41 -33.51 -22.81 -10.11 1.39 7.69 4.79 1.09 -13.61 -28.01 -30.21
-32.21 -35.01 -33.91 -21.31 -10.31 4.39 7.89 5.19 -1.21 -14.11 -26.31 -31.51
-30.91 -32.11 -29.31 -20.91 -6.81 4.39 7.89 5.19 -1.21 -14.11 -26.31 -36.41
-37.51 -32.11 -23.81 -19.91 -6.91 3.29 7.79 5.19 -1.21 -14.11 -26.31 -31.51
-30.91 -32.11 -29.31 -20.91 -6.81 4.39 7.89 5.19 -1.21 -14.11 -26.31 -31.51
-39.01 -36.01 -31.71 -22.21 -6.41 3.99 7.29 5.79 -1.71 -13.51 -27.81 -35.41
-30.29 -31.19 -32.89 -24.89 -12.79 1.71 7.11 4.01 -2.39 -14.19 -32.79 -40.89
-40.59 -23.99 -25.59 -18.49 -4.69 3.31 5.91 3.51 -2.79 -14.59 -27.99 -31.99
-40.39 -30.19 -26.69 -22.69 -7.59 3.51 6.71 5.71 -2.69 -14.59 -30.19 -36.29
-40.79 -38.19 -27.09 -25.19 -9.09 2.41 7.31 3.51 -1.99 -14.49 -26.69 -31.89
-39.09 -38.19 -33.59 -21.29 -7.19 4.01 7.51 4.81 -1.59 -14.49 -26.69 -31.89
-31.29 -32.49 -29.69 -21.29 -7.19 4.01 7.51 4.81 -1.59 -14.49 -26.69 -31.89
-31.19 -31.99 -29.69 -21.19 -7.89 4.01 7.51 4.81 -1.59 -14.49 -26.69 -31.89
-31.29 -32.49 -29.69 -21.29 -7.19 4.01 7.51 4.81 -1.59 -14.49 -26.99 -32.59
-32.29 -32.39 -29.99 -22.39 -7.19 3.81 7.51 4.81 -1.59 -14.49 -26.69 -31.89
-31.29 -32.49 -29.69 -21.29 -7.19 4.01 7.51 4.81 -1.59 -14.49 -26.69 -31.89
-31.29 -32.49 -26.79 -19.19 -8.59 4.91 7.51 5.31 1.11 -12.29 -23.59 -34.69
-33.19 -33.39 -32.69 -22.19 -8.69 4.91 8.41 6.31 -1.29 -14.89 -20.89 -26.99
-32.99 -31.29 -31.39 -19.69 -8.29 3.71 7.31 4.51 -1.89 -14.39 -29.99 -33.39
-29.19 -28.59 -31.99 -21.29 -7.99 3.21 6.51 4.31 -2.29 -16.79 -29.79 -31.89
-23.39 -35.49 -32.49 -20.19 -8.79 3.91 7.31 4.91 -2.09 -13.09 -27.29 -34.09
-34.86 -37.86 -34.86 -23.36 -8.46 2.04 6.14 3.44 -2.76 -15.36 -25.46 -34.36
-34.86 -28.16 -30.76 -19.96 -8.86 2.24 4.54 3.94 -1.76 -13.56 -26.06 -35.66
-35.56 -30.36 -29.46 -17.86 -6.16 3.54 4.94 4.14 -3.56 -17.36 -29.56 -34.26
-32.96 -33.26 -27.86 -22.46 -10.36 1.04 5.44 2.54 -3.26 -15.26 -29.36 -29.86
-22.96 -29.06 -31.96 -24.26 -12.86 0.94 5.24 3.84 -4.26 -14.06 -24.16 -34.36
-33.66 -35.16 -27.76 -22.06 -7.56 3.44 6.24 3.24 -1.56 -11.76 -27.06 -29.86
-32.56 -37.66 -29.36 -21.66 -10.06 1.54 7.64 5.04 -0.86 -12.16 -25.66 -32.56
-32.16 -35.86 -32.86 -21.86 -7.86 5.04 7.74 4.64 -1.06 -12.16 -23.36 -36.86
-30.06 -33.46 -30.56 -14.96 -6.26 3.44 6.74 2.64 -2.76 -15.16 -26.06 -37.16
-33.86 -34.16 -30.36 -22.56 -9.66 2.24 5.74 4.54 -2.96 -19.56 -28.16 -25.66
-27.46 -33.56 -31.46 -21.06 -7.76 3.24 7.54 2.24 -2.96 -15.56 -30.86 -31.76
-27.96 -33.16 -31.86 -19.76 -7.06 4.04 7.14 3.04 -1.76 -13.96 -26.16 -37.36
-34.66 -32.56 -27.36 -22.26 -11.16 3.84 6.34 4.84 -2.86 -16.66 -30.86 -29.96
-25.46 -31.36 -33.56 -21.06 -5.46 2.74 7.24 4.34 -1.16 -13.56 -22.76 -34.46
-32.86 -32.56 -23.06 -22.36 -8.86 3.44 7.94 3.94 -1.46 -13.66 -27.76 -28.16
-34.71 -37.71 -34.71 -23.21 -8.31 2.19 6.29 3.59 -2.61 -15.21 -25.31 -34.21
-34.71 -28.01 -30.61 -19.81 -8.71 2.39 4.69 4.09 -1.61 -13.41 -25.91 -35.51
-35.41 -30.21 -29.31 -17.71 -6.01 3.69 5.09 4.29 -3.41 -17.21 -29.41 -34.11
-32.81 -33.11 -27.71 -22.31 -10.21 1.19 5.59 2.69 -3.11 -15.11 -29.21 -29.71
-22.81 -28.91 -31.81 -24.11 -12.71 1.09 5.39 3.99 -4.11 -13.91 -24.01 -34.21
-33.51 -35.01 -27.61 -21.91 -7.41 3.59 6.39 3.39 -1.41 -11.61 -26.91 -29.71
-32.41 -37.51 -29.21 -21.51 -9.91 1.69 7.79 5.19 -0.71 -12.01 -25.51 -32.41
-32.01 -35.71 -32.71 -21.71 -7.71 5.19 7.89 4.79 -0.91 -12.01 -23.21 -36.71
-29.91 -33.31 -30.41 -14.81 -6.11 3.59 6.89 2.79 -2.61 -15.01 -25.91 -37.01
-33.71 -34.01 -30.21 -22.41 -9.51 2.39 5.89 4.69 -2.81 -19.41 -28.01 -25.51
-27.31 -33.41 -31.31 -20.91 -7.61 3.39 7.69 2.39 -2.81 -15.41 -30.71 -31.61
-27.81 -33.01 -31.71 -19.61 -6.91 4.19 7.29 3.19 -1.61 -13.81 -26.01 -37.21
-34.51 -32.41 -27.21 -22.11 -11.01 3.99 6.49 4.99 -2.71 -16.51 -30.71 -29.81
-25.31 -31.21 -33.41 -20.91 -5.31 2.89 7.39 4.49 -1.01 -13.41 -22.61 -34.31
-32.71 -32.41 -22.91 -22.21 -8.71 3.59 8.09 4.09 -1.31 -13.51 -27.61 -28.01
-36.87 -37.77 -27.47 -21.67 -9.57 1.83 5.83 3.53 -3.87 -16.97 -29.37 -32.87
-36.47 -33.57 -27.27 -20.57 -10.37 2.43 6.93 3.53 -3.57 -15.17 -27.97 -33.27
-37.77 -33.27 -28.27 -21.67 -8.27 1.83 6.73 3.33 -3.77 -13.87 -28.97 -27.97
-35.87 -30.77 -30.97 -23.37 -8.47 3.03 6.73 3.93 -1.67 -13.87 -24.37 -28.37
-34.17 -34.07 -26.97 -21.47 -10.07 2.83 7.03 4.03 -1.47 -14.87 -26.07 -30.37
-36.57 -33.47 -33.57 -18.77 -9.37 4.03 7.43 4.63 -3.57 -14.57 -26.87 -35.97
-32.37 -29.87 -29.37 -23.07 -10.67 3.03 7.23 5.33 -0.77 -11.67 -22.87 -22.97
-30.47 -26.87 -31.07 -18.47 -11.07 2.93 7.43 3.23 -3.37 -15.87 -26.77 -31.97
-41.07 -32.77 -30.87 -21.47 -7.47 4.43 6.13 3.73 -0.47 -12.77 -25.17 -32.87
-29.57 -33.47 -28.77 -17.17 -5.07 4.43 7.03 4.43 -3.27 -13.77 -22.87 -32.17
-33.07 -31.47 -30.77 -21.97 -9.37 3.43 7.53 5.13 -1.47 -12.07 -27.57 -33.27
-28.27 -31.77 -32.47 -21.57 -10.37 2.33 6.13 2.83 -2.17 -15.67 -27.37 -32.07
-30.67 -34.07 -27.17 -19.27 -4.87 4.83 6.73 3.53 -1.97 -13.67 -24.17 -33.37
-34.57 -35.07 -29.97 -25.07 -6.57 3.43 6.73 5.43 -0.57 -11.97 -24.07 -30.87
-34.87 -35.27 -33.67 -15.97 -6.97 2.33 6.83 4.23 -2.17 -15.67 -24.57 -31.97
-30.59 -33.89 -35.89 -22.59 -4.69 3.51 7.51 2.61 -3.09 -14.29 -26.19 -34.49
-28.69 -27.69 -25.19 -17.69 -7.89 3.21 6.81 4.21 -4.89 -16.19 -25.69 -30.49
-26.99 -30.59 -32.09 -20.49 -9.79 1.91 6.61 1.91 -2.79 -17.69 -25.99 -29.79
-40.89 -37.19 -32.89 -22.99 -8.69 5.91 6.51 4.31 -3.69 -15.29 -27.39 -29.59
-33.69 -36.99 -30.09 -21.79 -9.89 2.11 4.61 2.71 -5.49 -18.59 -24.69 -36.39
-32.99 -35.19 -30.29 -24.39 -8.49 4.01 6.41 3.81 -1.99 -17.59 -21.89 -30.79
-34.29 -34.79 -24.09 -21.99 -3.39 4.51 6.91 2.71 -1.69 -12.69 -29.59 -29.49
-27.79 -33.49 -27.79 -23.79 -7.69 3.41 7.41 6.01 -1.69 -16.09 -27.29 -35.89
-24.09 -35.59 -32.89 -20.79 -5.69 3.61 7.61 4.61 -0.29 -16.19 -33.49 -32.49
-31.79 -31.39 -30.59 -22.59 -5.59 5.61 5.11 3.11 -0.19 -16.19 -26.89 -30.99
-30.99 -35.79 -31.19 -21.39 -8.89 2.81 7.71 4.51 -1.79 -15.49 -26.89 -32.79
-32.99 -28.19 -30.79 -21.79 -7.49 1.41 7.71 4.81 -1.19 -14.99 -30.89 -29.29
-36.89 -32.89 -34.39 -20.99 -10.09 3.81 7.11 3.31 -2.79 -14.89 -23.99 -32.89
-33.99 -35.19 -28.19 -22.99 -8.49 3.81 8.31 6.41 -0.39 -9.99 -26.49 -38.49
-36.99 -30.49 -29.49 -22.59 -8.89 2.11 6.61 5.51 -2.79 -15.69 -26.39 -36.39
-34.78 -37.78 -34.78 -23.28 -8.38 2.12 6.22 3.52 -2.68 -15.28 -25.38 -34.28
-34.78 -28.08 -30.68 -19.88 -8.78 2.32 4.62 4.02 -1.68 -13.48 -25.98 -35.58
-35.48 -30.28 -29.38 -17.78 -6.08 3.62 5.02 4.22 -3.48 -17.28 -29.48 -34.18
-32.88 -33.18 -27.78 -22.38 -10.28 1.12 5.52 2.62 -3.18 -15.18 -29.28 -29.78
-22.88 -28.98 -31.88 -24.18 -12.78 1.02 5.32 3.92 -4.18 -13.98 -24.08 -34.28
-33.58 -35.08 -27.68 -21.98 -7.48 3.52 6.32 3.32 -1.48 -11.68 -26.98 -29.78
-32.48 -37.58 -29.28 -21.58 -9.98 1.62 7.72 5.12 -0.78 -12.08 -25.58 -32.48
-32.08 -35.78 -32.78 -21.78 -7.78 5.12 7.82 4.72 -0.98 -12.08 -23.28 -36.78
-29.98 -33.38 -30.48 -14.88 -6.18 3.52 6.82 2.72 -2.68 -15.08 -25.98 -37.08
-33.78 -34.08 -30.28 -22.48 -9.58 2.32 5.82 4.62 -2.88 -19.48 -28.08 -25.58
-27.38 -33.48 -31.38 -20.98 -7.68 3.32 7.62 2.32 -2.88 -15.48 -30.78 -31.68
-27.88 -33.08 -31.78 -19.68 -6.98 4.12 7.22 3.12 -1.68 -13.88 -26.08 -37.28
-34.58 -32.48 -27.28 -22.18 -11.08 3.92 6.42 4.92 -2.78 -16.58 -30.78 -29.88
-25.38 -31.28 -33.48 -20.98 -5.38 2.82 7.32 4.42 -1.08 -13.48 -22.68 -34.38
-32.78 -32.48 -22.98 -22.28 -8.78 3.52 8.02 4.02 -1.38 -13.58 -27.68 -28.08
-36.99 -37.89 -27.59 -21.79 -9.69 1.71 5.71 3.41 -3.99 -17.09 -29.49 -32.99
-36.59 -33.69 -27.39 -20.69 -10.49 2.31 6.81 3.41 -3.69 -15.29 -28.09 -33.39
-37.89 -33.39 -28.39 -21.79 -8.39 1.71 6.61 3.21 -3.89 -13.99 -29.09 -28.09
-35.99 -30.89 -31.09 -23.49 -8.59 2.91 6.61 3.81 -1.79 -13.99 -24.49 -28.49
-34.29 -34.19 -27.09 -21.59 -10.19 2.71 6.91 3.91 -1.59 -14.99 -26.19 -30.49
-36.69 -33.59 -33.69 -18.89 -9.49 3.91 7.31 4.51 -3.69 -14.69 -26.99 -36.09
-32.49 -29.99 -29.49 -23.19 -10.79 2.91 7.11 5.21 -0.89 -11.79 -22.99 -23.09
-30.59 -26.99 -31.19 -18.59 -11.19 2.81 7.31 3.11 -3.49 -15.99 -26.89 -32.09
-41.19 -32.89 -30.99 -21.59 -7.59 4.31 6.01 3.61 -0.59 -12.89 -25.29 -32.99
-29.69 -33.59 -28.89 -17.29 -5.19 4.31 6.91 4.31 -3.39 -13.89 -22.99 -32.29
-33.19 -31.59 -30.89 -22.09 -9.49 3.31 7.41 5.01 -1.59 -12.19 -27.69 -33.39
-28.39 -31.89 -32.59 -21.69 -10.49 2.21 6.01 2.71 -2.29 -15.79 -27.49 -32.19
-30.79 -34.19 -27.29 -19.39 -4.99 4.71 6.61 3.41 -2.09 -13.79 -24.29 -33.49
-34.69 -35.19 -30.09 -25.19 -6.69 3.31 6.61 5.31 -0.69 -12.09 -24.19 -30.99
-34.99 -35.39 -33.79 -16.09 -7.09 2.21 6.71 4.11 -2.29 -15.79 -24.69 -32.09
-37.12 -38.02 -27.72 -21.92 -9.82 1.58 5.58 3.28 -4.12 -17.22 -29.62 -33.12
-36.72 -33.82 -27.52 -20.82 -10.62 2.18 6.68 3.28 -3.82 -15.42 -28.22 -33.52
-38.02 -33.52 -28.52 -21.92 -8.52 1.58 6.48 3.08 -4.02 -14.12 -29.22 -28.22
-36.12 -31.02 -31.22 -23.62 -8.72 2.78 6.48 3.68 -1.92 -14.12 -24.62 -28.62
-34.42 -34.32 -27.22 -21.72 -10.32 2.58 6.78 3.78 -1.72 -15.12 -26.32 -30.62
-36.82 -33.72 -33.82 -19.02 -9.62 3.78 7.18 4.38 -3.82 -14.82 -27.12 -36.22
-32.62 -30.12 -29.62 -23.32 -10.92 2.78 6.98 5.08 -1.02 -11.92 -23.12 -23.22
-30.72 -27.12 -31.32 -18.72 -11.32 2.68 7.18 2.98 -3.62 -16.12 -27.02 -32.22
-41.32 -33.02 -31.12 -21.72 -7.72 4.18 5.88 3.48 -0.72 -13.02 -25.42 -33.12
-29.82 -33.72 -29.02 -17.42 -5.32 4.18 6.78 4.18 -3.52 -14.02 -23.12 -32.42
-33.32 -31.72 -31.02 -22.22 -9.62 3.18 7.28 4.88 -1.72 -12.32 -27.82 -33.52
-28.52 -32.02 -32.72 -21.82 -10.62 2.08 5.88 2.58 -2.42 -15.92 -27.62 -32.32
-30.92 -34.32 -27.42 -19.52 -5.12 4.58 6.48 3.28 -2.22 -13.92 -24.42 -33.62
-34.82 -35.32 -30.22 -25.32 -6.82 3.18 6.48 5.18 -0.82 -12.22 -24.32 -31.12
-35.12 -35.52 -33.92 -16.22 -7.22 2.08 6.58 3.98 -2.42 -15.92 -24.82 -32.22
-34.85 -37.85 -34.85 -23.35 -8.45 2.05 6.15 3.45 -2.75 -15.35 -25.45 -34.35
-34.85 -28.15 -30.75 -19.95 -8.85 2.25 4.55 3.95 -1.75 -13.55 -26.05 -35.65
-35.55 -30.35 -29.45 -17.85 -6.15 3.55 4.95 4.15 -3.55 -17.35 -29.55 -34.25
-32.95 -33.25 -27.85 -22.45 -10.35 1.05 5.45 2.55 -3.25 -15.25 -29.35 -29.85
-22.95 -29.05 -31.95 -24.25 -12.85 0.95 5.25 3.85 -4.25 -14.05 -24.15 -34.35
-33.65 -35.15 -27.75 -22.05 -7.55 3.45 6.25 3.25 -1.55 -11.75 -27.05 -29.85
-32.55 -37.65 -29.35 -21.65 -10.05 1.55 7.65 5.05 -0.85 -12.15 -25.65 -32.55
-32.15 -35.85 -32.85 -21.85 -7.85 5.05 7.75 4.65 -1.05 -12.15 -23.35 -36.85
-30.05 -33.45 -30.55 -14.95 -6.25 3.45 6.75 2.65 -2.75 -15.15 -26.05 -37.15
-33.85 -34.15 -30.35 -22.55 -9.65 2.25 5.75 4.55 -2.95 -19.55 -28.15 -25.65
-27.45 -33.55 -31.45 -21.05 -7.75 3.25 7.55 2.25 -2.95 -15.55 -30.85 -31.75
-27.95 -33.15 -31.85 -19.75 -7.05 4.05 7.15 3.05 -1.75 -13.95 -26.15 -37.35
-34.65 -32.55 -27.35 -22.25 -11.15 3.85 6.35 4.85 -2.85 -16.65 -30.85 -29.95
-25.45 -31.35 -33.55 -21.05 -5.45 2.75 7.25 4.35 -1.15 -13.55 -22.75 -34.45
-32.85 -32.55 -23.05 -22.35 -8.85 3.45 7.95 3.95 -1.45 -13.65 -27.75 -28.15
-37.17 -38.07 -27.77 -21.97 -9.87 1.53 5.53 3.23 -4.17 -17.27 -29.67 -33.17
-36.77 -33.87 -27.57 -20.87 -10.67 2.13 6.63 3.23 -3.87 -15.47 -28.27 -33.57
-38.07 -33.57 -28.57 -21.97 -8.57 1.53 6.43 3.03 -4.07 -14.17 -29.27 -28.27
-36.17 -31.07 -31.27 -23.67 -8.77 2.73 6.43 3.63 -1.97 -14.17 -24.67 -28.67
-34.47 -34.37 -27.27 -21.77 -10.37 2.53 6.73 3.73 -1.77 -15.17 -26.37 -30.67
-36.87 -33.77 -33.87 -19.07 -9.67 3.73 7.13 4.33 -3.87 -14.87 -27.17 -36.27
-32.67 -30.17 -29.67 -23.37 -10.97 2.73 6.93 5.03 -1.07 -11.97 -23.17 -23.27
-30.77 -27.17 -31.37 -18.77 -11.37 2.63 7.13 2.93 -3.67 -16.17 -27.07 -32.27
-41.37 -33.07 -31.17 -21.77 -7.77 4.13 5.83 3.43 -0.77 -13.07 -25.47 -33.17
-29.87 -33.77 -29.07 -17.47 -5.37 4.13 6.73 4.13 -3.57 -14.07 -23.17 -32.47
-33.37 -31.77 -31.07 -22.27 -9.67 3.13 7.23 4.83 -1.77 -12.37 -27.87 -33.57
-28.57 -32.07 -32.77 -21.87 -10.67 2.03 5.83 2.53 -2.47 -15.97 -27.67 -32.37
-30.97 -34.37 -27.47 -19.57 -5.17 4.53 6.43 3.23 -2.27 -13.97 -24.47 -33.67
-34.87 -35.37 -30.27 -25.37 -6.87 3.13 6.43 5.13 -0.87 -12.27 -24.37 -31.17
-35.17 -35.57 -33.97 -16.27 -7.27 2.03 6.53 3.93 -2.47 -15.97 -24.87 -32.27
-37.18 -38.08 -27.78 -21.98 -9.88 1.52 5.52 3.22 -4.18 -17.28 -29.68 -33.18
-36.78 -33.88 -27.58 -20.88 -10.68 2.12 6.62 3.22 -3.88 -15.48 -28.28 -33.58
-38.08 -33.58 -28.58 -21.98 -8.58 1.52 6.42 3.02 -4.08 -14.18 -29.28 -28.28
-36.18 -31.08 -31.28 -23.68 -8.78 2.72 6.42 3.62 -1.98 -14.18 -24.68 -28.68
-34.48 -34.38 -27.28 -21.78 -10.38 2.52 6.72 3.72 -1.78 -15.18 -26.38 -30.68
-36.88 -33.78 -33.88 -19.08 -9.68 3.72 7.12 4.32 -3.88 -14.88 -27.18 -36.28
-32.68 -30.18 -29.68 -23.38 -10.98 2.72 6.92 5.02 -1.08 -11.98 -23.18 -23.28
-30.78 -27.18 -31.38 -18.78 -11.38 2.62 7.12 2.92 -3.68 -16.18 -27.08 -32.28
-41.38 -33.08 -31.18 -21.78 -7.78 4.12 5.82 3.42 -0.78 -13.08 -25.48 -33.18
-29.88 -33.78 -29.08 -17.48 -5.38 4.12 6.72 4.12 -3.58 -14.08 -23.18 -32.48
-33.38 -31.78 -31.08 -22.28 -9.68 3.12 7.22 4.82 -1.78 -12.38 -27.88 -33.58
-28.58 -32.08 -32.78 -21.88 -10.68 2.02 5.82 2.52 -2.48 -15.98 -27.68 -32.38
-30.98 -34.38 -27.48 -19.58 -5.18 4.52 6.42 3.22 -2.28 -13.98 -24.48 -33.68
-34.88 -35.38 -30.28 -25.38 -6.88 3.12 6.42 5.12 -0.88 -12.28 -24.38 -31.18
-35.18 -35.58 -33.98 -16.28 -7.28 2.02 6.52 3.92 -2.48 -15.98 -24.88 -32.28
-34.87 -37.87 -34.87 -23.37 -8.47 2.03 6.13 3.43 -2.77 -15.37 -25.47 -34.37
-34.87 -28.17 -30.77 -19.97 -8.87 2.23 4.53 3.93 -1.77 -13.57 -26.07 -35.67
-35.57 -30.37 -29.47 -17.87 -6.17 3.53 4.93 4.13 -3.57 -17.37 -29.57 -34.27
-32.97 -33.27 -27.87 -22.47 -10.37 1.03 5.43 2.53 -3.27 -15.27 -29.37 -29.87
-22.97 -29.07 -31.97 -24.27 -12.87 0.93 5.23 3.83 -4.27 -14.07 -24.17 -34.37
-33.67 -35.17 -27.77 -22.07 -7.57 3.43 6.23 3.23 -1.57 -11.77 -27.07 -29.87
-32.57 -37.67 -29.37 -21.67 -10.07 1.53 7.63 5.03 -0.87 -12.17 -25.67 -32.57
-32.17 -35.87 -32.87 -21.87 -7.87 5.03 7.73 4.63 -1.07 -12.17 -23.37 -36.87
-30.07 -33.47 -30.57 -14.97 -6.27 3.43 6.73 2.63 -2.77 -15.17 -26.07 -37.17
-33.87 -34.17 -30.37 -22.57 -9.67 2.23 5.73 4.53 -2.97 -19.57 -28.17 -25.67
-27.47 -33.57 -31.47 -21.07 -7.77 3.23 7.53 2.23 -2.97 -15.57 -30.87 -31.77
-27.97 -33.17 -31.87 -19.77 -7.07 4.03 7.13 3.03 -1.77 -13.97 -26.17 -37.37
-34.67 -32.57 -27.37 -22.27 -11.17 3.83 6.33 4.83 -2.87 -16.67 -30.87 -29.97
-25.47 -31.37 -33.57 -21.07 -5.47 2.73 7.23 4.33 -1.17 -13.57 -22.77 -34.47
-32.87 -32.57 -23.07 -22.37 -8.87 3.43 7.93 3.93 -1.47 -13.67 -27.77 -28.17
-30.71 -31.61 -33.31 -25.31 -13.21 1.29 6.69 3.59 -2.81 -14.61 -33.21 -41.31
-41.01 -24.41 -26.01 -18.91 -5.11 2.89 5.49 3.09 -3.21 -15.01 -28.41 -32.41
-40.81 -30.61 -27.11 -23.11 -8.01 3.09 6.29 5.29 -3.11 -15.01 -30.61 -36.71
-41.21 -38.61 -27.51 -25.61 -9.51 1.99 6.89 3.09 -2.41 -14.91 -27.11 -32.31
-39.51 -38.61 -34.01 -21.71 -7.61 3.59 7.09 4.39 -2.01 -14.91 -27.11 -32.31
-31.71 -32.91 -30.11 -21.71 -7.61 3.59 7.09 4.39 -2.01 -14.91 -27.11 -32.31
-31.61 -32.41 -30.11 -21.61 -8.31 3.59 7.09 4.39 -2.01 -14.91 -27.11 -32.31
-31.71 -32.91 -30.11 -21.71 -7.61 3.59 7.09 4.39 -2.01 -14.91 -27.41 -33.01
-32.71 -32.81 -30.41 -22.81 -7.61 3.39 7.09 4.39 -2.01 -14.91 -27.11 -32.31
-31.71 -32.91 -30.11 -21.71 -7.61 3.59 7.09 4.39 -2.01 -14.91 -27.11 -32.31
-31.71 -32.91 -27.21 -19.61 -9.01 4.49 7.09 4.89 0.69 -12.71 -24.01 -35.11
-33.61 -33.81 -33.11 -22.61 -9.11 4.49 7.99 5.89 -1.71 -15.31 -21.31 -27.41
-33.41 -31.71 -31.81 -20.11 -8.71 3.29 6.89 4.09 -2.31 -14.81 -30.41 -33.81
-29.61 -29.01 -32.41 -21.71 -8.41 2.79 6.09 3.89 -2.71 -17.21 -30.21 -32.31
-23.81 -35.91 -32.91 -20.61 -9.21 3.49 6.89 4.49 -2.51 -13.51 -27.71 -34.51
-31.55 -38.15 -31.75 -26.75 -9.75 2.85 6.55 4.45 -1.45 -18.05 -29.75 -36.35
-29.95 -36.15 -36.75 -21.05 -8.65 3.65 7.65 6.35 -0.35 -15.55 -29.15 -30.75
-27.15 -36.65 -28.35 -21.65 -7.55 2.15 6.75 4.75 -2.75 -13.75 -24.55 -36.35
-27.45 -28.05 -29.85 -24.25 -8.45 3.05 6.25 3.05 -3.35 -15.35 -29.75 -34.75
-30.15 -31.35 -29.35 -23.85 -8.45 3.15 5.95 4.25 -1.45 -16.55 -32.95 -30.65
-32.45 -32.55 -28.35 -19.05 -5.95 4.25 6.15 3.95 -2.45 -12.85 -26.55 -34.25
-32.15 -26.95 -28.25 -22.75 -11.65 1.55 5.85 4.15 -2.25 -13.85 -30.85 -31.25
-31.95 -33.85 -29.35 -22.65 -7.95 2.25 7.25 4.25 -2.65 -18.35 -32.05 -24.95
-31.75 -40.45 -30.15 -22.75 -7.75 4.15 6.35 3.65 -1.25 -11.05 -23.75 -34.05
-30.85 -29.55 -35.65 -25.35 -10.65 1.95 7.85 3.15 -3.75 -17.75 -21.25 -28.85
-35.95 -29.15 -31.55 -19.35 -6.65 3.75 5.75 2.45 -4.05 -16.25 -22.35 -30.25
-32.15 -38.35 -28.65 -23.15 -7.55 2.25 7.25 4.75 -4.05 -13.85 -30.55 -38.55
-29.25 -32.95 -32.85 -20.85 -8.65 2.95 7.75 2.95 -1.95 -13.25 -29.85 -33.15
-39.85 -24.45 -27.65 -21.95 -8.05 4.55 6.55 4.25 -0.35 -13.35 -29.45 -30.65
-34.55 -40.45 -27.75 -16.25 -5.05 4.35 6.95 5.45 -2.35 -14.75 -25.65 -33.65
-37.05 -37.95 -27.65 -21.85 -9.75 1.65 5.65 3.35 -4.05 -17.15 -29.55 -33.05
-36.65 -33.75 -27.45 -20.75 -10.55 2.25 6.75 3.35 -3.75 -15.35 -28.15 -33.45
-37.95 -33.45 -28.45 -21.85 -8.45 1.65 6.55 3.15 -3.95 -14.05 -29.15 -28.15
-36.05 -30.95 -31.15 -23.55 -8.65 2.85 6.55 3.75 -1.85 -14.05 -24.55 -28.55
-34.35 -34.25 -27.15 -21.65 -10.25 2.65 6.85 3.85 -1.65 -15.05 -26.25 -30.55
-36.75 -33.65 -33.75 -18.95 -9.55 3.85 7.25 4.45 -3.75 -14.75 -27.05 -36.15
-32.55 -30.05 -29.55 -23.25 -10.85 2.85 7.05 5.15 -0.95 -11.85 -23.05 -23.15
-30.65 -27.05 -31.25 -18.65 -11.25 2.75 7.25 3.05 -3.55 -16.05 -26.95 -32.15
-41.25 -32.95 -31.05 -21.65 -7.65 4.25 5.95 3.55 -0.65 -12.95 -25.35 -33.05
-29.75 -33.65 -28.95 -17.35 -5.25 4.25 6.85 4.25 -3.45 -13.95 -23.05 -32.35
-33.25 -31.65 -30.95 -22.15 -9.55 3.25 7.35 4.95 -1.65 -12.25 -27.75 -33.45
-28.45 -31.95 -32.65 -21.75 -10.55 2.15 5.95 2.65 -2.35 -15.85 -27.55 -32.25
-30.85 -34.25 -27.35 -19.45 -5.05 4.65 6.55 3.35 -2.15 -13.85 -24.35 -33.55
-34.75 -35.25 -30.15 -25.25 -6.75 3.25 6.55 5.25 -0.75 -12.15 -24.25 -31.05
-35.05 -35.45 -33.85 -16.15 -7.15 2.15 6.65 4.05 -2.35 -15.85 -24.75 -32.15
-37.12 -38.02 -27.72 -21.92 -9.82 1.58 5.58 3.28 -4.12 -17.22 -29.62 -33.12
-36.72 -33.82 -27.52 -20.82 -10.62 2.18 6.68 3.28 -3.82 -15.42 -28.22 -33.52
-38.02 -33.52 -28.52 -21.92 -8.52 1.58 6.48 3.08 -4.02 -14.12 -29.22 -28.22
-36.12 -31.02 -31.22 -23.62 -8.72 2.78 6.48 3.68 -1.92 -14.12 -24.62 -28.62
-34.42 -34.32 -27.22 -21.72 -10.32 2.58 6.78 3.78 -1.72 -15.12 -26.32 -30.62
-36.82 -33.72 -33.82 -19.02 -9.62 3.78 7.18 4.38 -3.82 -14.82 -27.12 -36.22
-32.62 -30.12 -29.62 -23.32 -10.92 2.78 6.98 5.08 -1.02 -11.92 -23.12 -23.22
-30.72 -27.12 -31.32 -18.72 -11.32 2.68 7.18 2.98 -3.62 -16.12 -27.02 -32.22
-41.32 -33.02 -31.12 -21.72 -7.72 4.18 5.88 3.48 -0.72 -13.02 -25.42 -33.12
-29.82 -33.72 -29.02 -17.42 -5.32 4.18 6.78 4.18 -3.52 -14.02 -23.12 -32.42
-33.32 -31.72 -31.02 -22.22 -9.62 3.18 7.28 4.88 -1.72 -12.32 -27.82 -33.52
-28.52 -32.02 -32.72 -21.82 -10.62 2.08 5.88 2.58 -2.42 -15.92 -27.62 -32.32
-30.92 -34.32 -27.42 -19.52 -5.12 4.58 6.48 3.28 -2.22 -13.92 -24.42 -33.62
-34.82 -35.32 -30.22 -25.32 -6.82 3.18 6.48 5.18 -0.82 -12.22 -24.32 -31.12
-35.12 -35.52 -33.92 -16.22 -7.22 2.08 6.58 3.98 -2.42 -15.92 -24.82 -32.22
-35.16 -38.16 -35.16 -23.66 -8.76 1.74 5.84 3.14 -3.06 -15.66 -25.76 -34.66
-35.16 -28.46 -31.06 -20.26 -9.16 1.94 4.24 3.64 -2.06 -13.86 -26.36 -35.96
-35.86 -30.66 -29.76 -18.16 -6.46 3.24 4.64 3.84 -3.86 -17.66 -29.86 -34.56
-33.26 -33.56 -28.16 -22.76 -10.66 0.74 5.14 2.24 -3.56 -15.56 -29.66 -30.16
-23.26 -29.36 -32.26 -24.56 -13.16 0.64 4.94 3.54 -4.56 -14.36 -24.46 -34.66
-33.96 -35.46 -28.06 -22.36 -7.86 3.14 5.94 2.94 -1.86 -12.06 -27.36 -30.16
-32.86 -37.96 -29.66 -21.96 -10.36 1.24 7.34 4.74 -1.16 -12.46 -25.96 -32.86
-32.46 -36.16 -33.16 -22.16 -8.16 4.74 7.44 4.34 -1.36 -12.46 -23.66 -37.16
-30.36 -33.76 -30.86 -15.26 -6.56 3.14 6.44 2.34 -3.06 -15.46 -26.36 -37.46
-34.16 -34.46 -30.66 -22.86 -9.96 1.94 5.44 4.24 -3.26 -19.86 -28.46 -25.96
-27.76 -33.86 -31.76 -21.36 -8.06 2.94 7.24 1.94 -3.26 -15.86 -31.16 -32.06
-28.26 -33.46 -32.16 -20.06 -7.36 3.74 6.84 2.74 -2.06 -14.26 -26.46 -37.66
-34.96 -32.86 -27.66 -22.56 -11.46 3.54 6.04 4.54 -3.16 -16.96 -31.16 -30.26
-25.76 -31.66 -33.86 -21.36 -5.76 2.44 6.94 4.04 -1.46 -13.86 -23.06 -34.76
-33.16 -32.86 -23.36 -22.66 -9.16 3.14 7.64 3.64 -1.76 -13.96 -28.06 -28.46
-37.15 -38.05 -27.75 -21.95 -9.85 1.55 5.55 3.25 -4.15 -17.25 -29.65 -33.15
-36.75 -33.85 -27.55 -20.85 -10.65 2.15 6.65 3.25 -3.85 -15.45 -28.25 -33.55
-38.05 -33.55 -28.55 -21.95 -8.55 1.55 6.45 3.05 -4.05 -14.15 -29.25 -28.25
-36.15 -31.05 -31.25 -23.65 -8.75 2.75 6.45 3.65 -1.95 -14.15 -24.65 -28.65
-34.45 -34.35 -27.25 -21.75 -10.35 2.55 6.75 3.75 -1.75 -15.15 -26.35 -30.65
-36.85 -33.75 -33.85 -19.05 -9.65 3.75 7.15 4.35 -3.85 -14.85 -27.15 -36.25
-32.65 -30.15 -29.65 -23.35 -10.95 2.75 6.95 5.05 -1.05 -11.95 -23.15 -23.25
-30.75 -27.15 -31.35 -18.75 -11.35 2.65 7.15 2.95 -3.65 -16.15 -27.05 -32.25
-41.35 -33.05 -31.15 -21.75 -7.75 4.15 5.85 3.45 -0.75 -13.05 -25.45 -33.15
-29.85 -33.75 -29.05 -17.45 -5.35 4.15 6.75 4.15 -3.55 -14.05 -23.15 -32.45
-33.35 -31.75 -31.05 -22.25 -9.65 3.15 7.25 4.85 -1.75 -12.35 -27.85 -33.55
-28.55 -32.05 -32.75 -21.85 -10.65 2.05 5.85 2.55 -2.45 -15.95 -27.65 -32.35
-30.95 -34.35 -27.45 -19.55 -5.15 4.55 6.45 3.25 -2.25 -13.95 -24.45 -33.65
-34.85 -35.35 -30.25 -25.35 -6.85 3.15 6.45 5.15 -0.85 -12.25 -24.35 -31.15
-35.15 -35.55 -33.95 -16.25 -7.25 2.05 6.55 3.95 -2.45 -15.95 -24.85 -32.25
-31.66 -38.26 -31.86 -26.86 -9.86 2.74 6.44 4.34 -1.56 -18.16 -29.86 -36.46
-30.06 -36.26 -36.86 -21.16 -8.76 3.54 7.54 6.24 -0.46 -15.66 -29.26 -30.86
-27.26 -36.76 -28.46 -21.76 -7.66 2.04 6.64 4.64 -2.86 -13.86 -24.66 -36.46
-27.56 -28.16 -29.96 -24.36 -8.56 2.94 6.14 2.94 -3.46 -15.46 -29.86 -34.86
-30.26 -31.46 -29.46 -23.96 -8.56 3.04 5.84 4.14 -1.56 -16.66 -33.06 -30.76
-32.56 -32.66 -28.46 -19.16 -6.06 4.14 6.04 3.84 -2.56 -12.96 -26.66 -34.36
-32.26 -27.06 -28.36 -22.86 -11.76 1.44 5.74 4.04 -2.36 -13.96 -30.96 -31.36
-32.06 -33.96 -29.46 -22.76 -8.06 2.14 7.14 4.14 -2.76 -18.46 -32.16 -25.06
-31.86 -40.56 -30.26 -22.86 -7.86 4.04 6.24 3.54 -1.36 -11.16 -23.86 -34.16
-30.96 -29.66 -35.76 -25.46 -10.76 1.84 7.74 3.04 -3.86 -17.86 -21.36 -28.96
-36.06 -29.26 -31.66 -19.46 -6.76 3.64 5.64 2.34 -4.16 -16.36 -22.46 -30.36
-32.26 -38.46 -28.76 -23.26 -7.66 2.14 7.14 4.64 -4.16 -13.96 -30.66 -38.66
-29.36 -33.06 -32.96 -20.96 -8.76 2.84 7.64 2.84 -2.06 -13.36 -29.96 -33.26
-39.96 -24.56 -27.76 -22.06 -8.16 4.44 6.44 4.14 -0.46 -13.46 -29.56 -30.76
-34.66 -40.56 -27.86 -16.36 -5.16 4.24 6.84 5.34 -2.46 -14.86 -25.76 -33.76
-30.68 -31.58 -33.28 -25.28 -13.18 1.32 6.72 3.62 -2.78 -14.58 -33.18 -41.28
-40.98 -24.38 -25.98 -18.88 -5.08 2.92 5.52 3.12 -3.18 -14.98 -28.38 -32.38
-40.78 -30.58 -27.08 -23.08 -7.98 3.12 6.32 5.32 -3.08 -14.98 -30.58 -36.68
-41.18 -38.58 -27.48 -25.58 -9.48 2.02 6.92 3.12 -2.38 -14.88 -27.08 -32.28
-39.48 -38.58 -33.98 -21.68 -7.58 3.62 7.12 4.42 -1.98 -14.88 -27.08 -32.28
-31.68 -32.88 -30.08 -21.68 -7.58 3.62 7.12 4.42 -1.98 -14.88 -27.08 -32.28
-31.58 -32.38 -30.08 -21.58 -8.28 3.62 7.12 4.42 -1.98 -14.88 -27.08 -32.28
-31.68 -32.88 -30.08 -21.68 -7.58 3.62 7.12 4.42 -1.98 -14.88 -27.38 -32.98
-32.68 -32.78 -30.38 -22.78 -7.58 3.42 7.12 4.42 -1.98 -14.88 -27.08 -32.28
-31.68 -32.88 -30.08 -21.68 -7.58 3.62 7.12 4.42 -1.98 -14.88 -27.08 -32.28
-31.68 -32.88 -27.18 -19.58 -8.98 4.52 7.12 4.92 0.72 -12.68 -23.98 -35.08
-33.58 -33.78 -33.08 -22.58 -9.08 4.52 8.02 5.92 -1.68 -15.28 -21.28 -27.38
-33.38 -31.68 -31.78 -20.08 -8.68 3.32 6.92 4.12 -2.28 -14.78 -30.38 -33.78
-29.58 -28.98 -32.38 -21.68 -8.38 2.82 6.12 3.92 -2.68 -17.18 -30.18 -32.28
-23.78 -35.88 -32.88 -20.58 -9.18 3.52 6.92 4.52 -2.48 -13.48 -27.68 -34.48
-31.47 -38.07 -31.67 -26.67 -9.67 2.93 6.63 4.53 -1.37 -17.97 -29.67 -36.27
-29.87 -36.07 -36.67 -20.97 -8.57 3.73 7.73 6.43 -0.27 -15.47 -29.07 -30.67
-27.07 -36.57 -28.27 -21.57 -7.47 2.23 6.83 4.83 -2.67 -13.67 -24.47 -36.27
-27.37 -27.97 -29.77 -24.17 -8.37 3.13 6.33 3.13 -3.27 -15.27 -29.67 -34.67
-30.07 -31.27 -29.27 -23.77 -8.37 3.23 6.03 4.33 -1.37 -16.47 -32.87 -30.57
-32.37 -32.47 -28.27 -18.97 -5.87 4.33 6.23 4.03 -2.37 -12.77 -26.47 -34.17
-32.07 -26.87 -28.17 -22.67 -11.57 1.63 5.93 4.23 -2.17 -13.77 -30.77 -31.17
-31.87 -33.77 -29.27 -22.57 -7.87 2.33 7.33 4.33 -2.57 -18.27 -31.97 -24.87
-31.67 -40.37 -30.07 -22.67 -7.67 4.23 6.43 3.73 -1.17 -10.97 -23.67 -33.97
-30.77 -29.47 -35.57 -25.27 -10.57 2.03 7.93 3.23 -3.67 -17.67 -21.17 -28.77
-35.87 -29.07 -31.47 -19.27 -6.57 3.83 5.83 2.53 -3.97 -16.17 -22.27 -30.17
-32.07 -38.27 -28.57 -23.07 -7.47 2.33 7.33 4.83 -3.97 -13.77 -30.47 -38.47
-29.17 -32.87 -32.77 -20.77 -8.57 3.03 7.83 3.03 -1.87 -13.17 -29.77 -33.07
-39.77 -24.37 -27.57 -21.87 -7.97 4.63 6.63 4.33 -0.27 -13.27 -29.37 -30.57
-34.47 -40.37 -27.67 -16.17 -4.97 4.43 7.03 5.53 -2.27 -14.67 -25.57 -33.57
-35.03 -38.03 -35.03 -23.53 -8.63 1.87 5.97 3.27 -2.93 -15.53 -25.63 -34.53
-35.03 -28.33 -30.93 -20.13 -9.03 2.07 4.37 3.77 -1.93 -13.73 -26.23 -35.83
-35.73 -30.53 -29.63 -18.03 -6.33 3.37 4.77 3.97 -3.73 -17.53 -29.73 -34.43
-33.13 -33.43 -28.03 -22.63 -10.53 0.87 5.27 2.37 -3.43 -15.43 -29.53 -30.03
-23.13 -29.23 -32.13 -24.43 -13.03 0.77 5.07 3.67 -4.43 -14.23 -24.33 -34.53
-33.83 -35.33 -27.93 -22.23 -7.73 3.27 6.07 3.07 -1.73 -11.93 -27.23 -30.03
-32.73 -37.83 -29.53 -21.83 -10.23 1.37 7.47 4.87 -1.03 -12.33 -25.83 -32.73
-32.33 -36.03 -33.03 -22.03 -8.03 4.87 7.57 4.47 -1.23 -12.33 -23.53 -37.03
-30.23 -33.63 -30.73 -15.13 -6.43 3.27 6.57 2.47 -2.93 -15.33 -26.23 -37.33
-34.03 -34.33 -30.53 -22.73 -9.83 2.07 5.57 4.37 -3.13 -19.73 -28.33 -25.83
-27.63 -33.73 -31.63 -21.23 -7.93 3.07 7.37 2.07 -3.13 -15.73 -31.03 -31.93
-28.13 -33.33 -32.03 -19.93 -7.23 3.87 6.97 2.87 -1.93 -14.13 -26.33 -37.53
-34.83 -32.73 -27.53 -22.43 -11.33 3.67 6.17 4.67 -3.03 -16.83 -31.03 -30.13
-25.63 -31.53 -33.73 -21.23 -5.63 2.57 7.07 4.17 -1.33 -13.73 -22.93 -34.63
-33.03 -32.73 -23.23 -22.53 -9.03 3.27 7.77 3.77 -1.63 -13.83 -27.93 -28.33
-31.38 -37.98 -31.58 -26.58 -9.58 3.02 6.72 4.62 -1.28 -17.88 -29.58 -36.18
-29.78 -35.98 -36.58 -20.88 -8.48 3.82 7.82 6.52 -0.18 -15.38 -28.98 -30.58
-26.98 -36.48 -28.18 -21.48 -7.38 2.32 6.92 4.92 -2.58 -13.58 -24.38 -36.18
-27.28 -27.88 -29.68 -24.08 -8.28 3.22 6.42 3.22 -3.18 -15.18 -29.58 -34.58
-29.98 -31.18 -29.18 -23.68 -8.28 3.32 6.12 4.42 -1.28 -16.38 -32.78 -30.48
-32.28 -32.38 -28.18 -18.88 -5.78 4.42 6.32 4.12 -2.28 -12.68 -26.38 -34.08
-31.98 -26.78 -28.08 -22.58 -11.48 1.72 6.02 4.32 -2.08 -13.68 -30.68 -31.08
-31.78 -33.68 -29.18 -22.48 -7.78 2.42 7.42 4.42 -2.48 -18.18 -31.88 -24.78
-31.58 -40.28 -29.98 -22.58 -7.58 4.32 6.52 3.82 -1.08 -10.88 -23.58 -33.88
-30.68 -29.38 -35.48 -25.18 -10.48 2.12 8.02 3.32 -3.58 -17.58 -21.08 -28.68
-35.78 -28.98 -31.38 -19.18 -6.48 3.92 5.92 2.62 -3.88 -16.08 -22.18 -30.08
-31.98 -38.18 -28.48 -22.98 -7.38 2.42 7.42 4.92 -3.88 -13.68 -30.38 -38.38
-29.08 -32.78 -32.68 -20.68 -8.48 3.12 7.92 3.12 -1.78 -13.08 -29.68 -32.98
-39.68 -24.28 -27.48 -21.78 -7.88 4.72 6.72 4.42 -0.18 -13.18 -29.28 -30.48
-34.38 -40.28 -27.58 -16.08 -4.88 4.52 7.12 5.62 -2.18 -14.58 -25.48 -33.48
-37.2 -38.1 -27.8 -22 -9.9 1.5 5.5 3.2 -4.2 -17.3 -29.7 -33.2
-36.8 -33.9 -27.6 -20.9 -10.7 2.1 6.6 3.2 -3.9 -15.5 -28.3 -33.6
-38.1 -33.6 -28.6 -22 -8.6 1.5 6.4 3 -4.1 -14.2 -29.3 -28.3
-36.2 -31.1 -31.3 -23.7 -8.8 2.7 6.4 3.6 -2 -14.2 -24.7 -28.7
-34.5 -34.4 -27.3 -21.8 -10.4 2.5 6.7 3.7 -1.8 -15.2 -26.4 -30.7
-36.9 -33.8 -33.9 -19.1 -9.7 3.7 7.1 4.3 -3.9 -14.9 -27.2 -36.3
-32.7 -30.2 -29.7 -23.4 -11 2.7 6.9 5 -1.1 -12 -23.2 -23.3
-30.8 -27.2 -31.4 -18.8 -11.4 2.6 7.1 2.9 -3.7 -16.2 -27.1 -32.3
-41.4 -33.1 -31.2 -21.8 -7.8 4.1 5.8 3.4 -0.8 -13.1 -25.5 -33.2
-29.9 -33.8 -29.1 -17.5 -5.4 4.1 6.7 4.1 -3.6 -14.1 -23.2 -32.5
-33.4 -31.8 -31.1 -22.3 -9.7 3.1 7.2 4.8 -1.8 -12.4 -27.9 -33.6
-28.6 -32.1 -32.8 -21.9 -10.7 2 5.8 2.5 -2.5 -16 -27.7 -32.4
-31 -34.4 -27.5 -19.6 -5.2 4.5 6.4 3.2 -2.3 -14 -24.5 -33.7
-34.9 -35.4 -30.3 -25.4 -6.9 3.1 6.4 5.1 -0.9 -12.3 -24.4 -31.2
-35.2 -35.6 -34 -16.3 -7.3 2 6.5 3.9 -2.5 -16 -24.9 -32.3
-30.41 -33.71 -35.71 -22.41 -4.51 3.69 7.69 2.79 -2.91 -14.11 -26.01 -34.31
-28.51 -27.51 -25.01 -17.51 -7.71 3.39 6.99 4.39 -4.71 -16.01 -25.51 -30.31
-26.81 -30.41 -31.91 -20.31 -9.61 2.09 6.79 2.09 -2.61 -17.51 -25.81 -29.61
-40.71 -37.01 -32.71 -22.81 -8.51 6.09 6.69 4.49 -3.51 -15.11 -27.21 -29.41
-33.51 -36.81 -29.91 -21.61 -9.71 2.29 4.79 2.89 -5.31 -18.41 -24.51 -36.21
-32.81 -35.01 -30.11 -24.21 -8.31 4.19 6.59 3.99 -1.81 -17.41 -21.71 -30.61
-34.11 -34.61 -23.91 -21.81 -3.21 4.69 7.09 2.89 -1.51 -12.51 -29.41 -29.31
-27.61 -33.31 -27.61 -23.61 -7.51 3.59 7.59 6.19 -1.51 -15.91 -27.11 -35.71
-23.91 -35.41 -32.71 -20.61 -5.51 3.79 7.79 4.79 -0.11 -16.01 -33.31 -32.31
-31.61 -31.21 -30.41 -22.41 -5.41 5.79 5.29 3.29 -0.01 -16.01 -26.71 -30.81
-30.81 -35.61 -31.01 -21.21 -8.71 2.99 7.89 4.69 -1.61 -15.31 -26.71 -32.61
-32.81 -28.01 -30.61 -21.61 -7.31 1.59 7.89 4.99 -1.01 -14.81 -30.71 -29.11
-36.71 -32.71 -34.21 -20.81 -9.91 3.99 7.29 3.49 -2.61 -14.71 -23.81 -32.71
-33.81 -35.01 -28.01 -22.81 -8.31 3.99 8.49 6.59 -0.21 -9.81 -26.31 -38.31
-36.81 -30.31 -29.31 -22.41 -8.71 2.29 6.79 5.69 -2.61 -15.51 -26.21 -36.21
-40.6 -34.5 -34.8 -16.8 -7.8 4.4 7.7 4.2 -1.3 -12.4 -23.4 -26.1
-36.1 -40.2 -31.8 -21.6 -7.9 3.3 8.6 3.9 -3.3 -17.5 -25.5 -33.3
-42.3 -37.1 -28.6 -21.5 -9.4 1.8 7.2 4.4 -0.6 -10.7 -22.7 -33.6
-38.3 -23.3 -22.8 -22.6 -8.1 1.4 7.9 3.5 -2.4 -14.8 -25.3 -31.5
-30.6 -32.7 -26.6 -19.8 -12.4 2.3 5.7 4.1 -1.8 -13.8 -30.9 -35.1
-38.4 -35.9 -27.6 -19 -12.3 2 4.3 5 0.1 -12.4 -26.3 -24.6
-31.1 -36.4 -30.3 -23.6 -6.8 2.9 6.6 3.8 -2.6 -13.4 -30.4 -38.3
-37.6 -28.4 -30.1 -28.6 -9.2 3.8 8.2 4.2 -1.6 -12 -29.3 -29.4
-27.4 -30.2 -35 -18.3 -9.9 1.6 7.2 5.6 -0.7 -12.3 -22.7 -35
-42.8 -30.5 -33.6 -22.9 -10.2 1.3 7.6 4.7 1 -13.7 -28.1 -30.3
-32.3 -35.1 -34 -21.4 -10.4 4.3 7.8 5.1 -1.3 -14.2 -26.4 -31.6
-31 -32.2 -29.4 -21 -6.9 4.3 7.8 5.1 -1.3 -14.2 -26.4 -36.5
-37.6 -32.2 -23.9 -20 -7 3.2 7.7 5.1 -1.3 -14.2 -26.4 -31.6
-31 -32.2 -29.4 -21 -6.9 4.3 7.8 5.1 -1.3 -14.2 -26.4 -31.6
-39.1 -36.1 -31.8 -22.3 -6.5 3.9 7.2 5.7 -1.8 -13.6 -27.9 -35.5
-30.46 -31.36 -33.06 -25.06 -12.96 1.54 6.94 3.84 -2.56 -14.36 -32.96 -41.06
-40.76 -24.16 -25.76 -18.66 -4.86 3.14 5.74 3.34 -2.96 -14.76 -28.16 -32.16
-40.56 -30.36 -26.86 -22.86 -7.76 3.34 6.54 5.54 -2.86 -14.76 -30.36 -36.46
-40.96 -38.36 -27.26 -25.36 -9.26 2.24 7.14 3.34 -2.16 -14.66 -26.86 -32.06
-39.26 -38.36 -33.76 -21.46 -7.36 3.84 7.34 4.64 -1.76 -14.66 -26.86 -32.06
-31.46 -32.66 -29.86 -21.46 -7.36 3.84 7.34 4.64 -1.76 -14.66 -26.86 -32.06
-31.36 -32.16 -29.86 -21.36 -8.06 3.84 7.34 4.64 -1.76 -14.66 -26.86 -32.06
-31.46 -32.66 -29.86 -21.46 -7.36 3.84 7.34 4.64 -1.76 -14.66 -27.16 -32.76
-32.46 -32.56 -30.16 -22.56 -7.36 3.64 7.34 4.64 -1.76 -14.66 -26.86 -32.06
-31.46 -32.66 -29.86 -21.46 -7.36 3.84 7.34 4.64 -1.76 -14.66 -26.86 -32.06
-31.46 -32.66 -26.96 -19.36 -8.76 4.74 7.34 5.14 0.94 -12.46 -23.76 -34.86
-33.36 -33.56 -32.86 -22.36 -8.86 4.74 8.24 6.14 -1.46 -15.06 -21.06 -27.16
-33.16 -31.46 -31.56 -19.86 -8.46 3.54 7.14 4.34 -2.06 -14.56 -30.16 -33.56
-29.36 -28.76 -32.16 -21.46 -8.16 3.04 6.34 4.14 -2.46 -16.96 -29.96 -32.06
-23.56 -35.66 -32.66 -20.36 -8.96 3.74 7.14 4.74 -2.26 -13.26 -27.46 -34.26
-34.83 -37.83 -34.83 -23.33 -8.43 2.07 6.17 3.47 -2.73 -15.33 -25.43 -34.33
-34.83 -28.13 -30.73 -19.93 -8.83 2.27 4.57 3.97 -1.73 -13.53 -26.03 -35.63
-35.53 -30.33 -29.43 -17.83 -6.13 3.57 4.97 4.17 -3.53 -17.33 -29.53 -34.23
-32.93 -33.23 -27.83 -22.43 -10.33 1.07 5.47 2.57 -3.23 -15.23 -29.33 -29.83
-22.93 -29.03 -31.93 -24.23 -12.83 0.97 5.27 3.87 -4.23 -14.03 -24.13 -34.33
-33.63 -35.13 -27.73 -22.03 -7.53 3.47 6.27 3.27 -1.53 -11.73 -27.03 -29.83
-32.53 -37.63 -29.33 -21.63 -10.03 1.57 7.67 5.07 -0.83 -12.13 -25.63 -32.53
-32.13 -35.83 -32.83 -21.83 -7.83 5.07 7.77 4.67 -1.03 -12.13 -23.33 -36.83
-30.03 -33.43 -30.53 -14.93 -6.23 3.47 6.77 2.67 -2.73 -15.13 -26.03 -37.13
-33.83 -34.13 -30.33 -22.53 -9.63 2.27 5.77 4.57 -2.93 -19.53 -28.13 -25.63
-27.43 -33.53 -31.43 -21.03 -7.73 3.27 7.57 2.27 -2.93 -15.53 -30.83 -31.73
-27.93 -33.13 -31.83 -19.73 -7.03 4.07 7.17 3.07 -1.73 -13.93 -26.13 -37.33
-34.63 -32.53 -27.33 -22.23 -11.13 3.87 6.37 4.87 -2.83 -16.63 -30.83 -29.93
-25.43 -31.33 -33.53 -21.03 -5.43 2.77 7.27 4.37 -1.13 -13.53 -22.73 -34.43
-32.83 -32.53 -23.03 -22.33 -8.83 3.47 7.97 3.97 -1.43 -13.63 -27.73 -28.13
-30.64 -31.54 -33.24 -25.24 -13.14 1.36 6.76 3.66 -2.74 -14.54 -33.14 -41.24
-40.94 -24.34 -25.94 -18.84 -5.04 2.96 5.56 3.16 -3.14 -14.94 -28.34 -32.34
-40.74 -30.54 -27.04 -23.04 -7.94 3.16 6.36 5.36 -3.04 -14.94 -30.54 -36.64
-41.14 -38.54 -27.44 -25.54 -9.44 2.06 6.96 3.16 -2.34 -14.84 -27.04 -32.24
-39.44 -38.54 -33.94 -21.64 -7.54 3.66 7.16 4.46 -1.94 -14.84 -27.04 -32.24
-31.64 -32.84 -30.04 -21.64 -7.54 3.66 7.16 4.46 -1.94 -14.84 -27.04 -32.24
-31.54 -32.34 -30.04 -21.54 -8.24 3.66 7.16 4.46 -1.94 -14.84 -27.04 -32.24
-31.64 -32.84 -30.04 -21.64 -7.54 3.66 7.16 4.46 -1.94 -14.84 -27.34 -32.94
-32.64 -32.74 -30.34 -22.74 -7.54 3.46 7.16 4.46 -1.94 -14.84 -27.04 -32.24
-31.64 -32.84 -30.04 -21.64 -7.54 3.66 7.16 4.46 -1.94 -14.84 -27.04 -32.24
-31.64 -32.84 -27.14 -19.54 -8.94 4.56 7.16 4.96 0.76 -12.64 -23.94 -35.04
-33.54 -33.74 -33.04 -22.54 -9.04 4.56 8.06 5.96 -1.64 -15.24 -21.24 -27.34
-33.34 -31.64 -31.74 -20.04 -8.64 3.36 6.96 4.16 -2.24 -14.74 -30.34 -33.74
-29.54 -28.94 -32.34 -21.64 -8.34 2.86 6.16 3.96 -2.64 -17.14 -30.14 -32.24
-23.74 -35.84 -32.84 -20.54 -9.14 3.56 6.96 4.56 -2.44 -13.44 -27.64 -34.44
-30.65 -33.95 -35.95 -22.65 -4.75 3.45 7.45 2.55 -3.15 -14.35 -26.25 -34.55
-28.75 -27.75 -25.25 -17.75 -7.95 3.15 6.75 4.15 -4.95 -16.25 -25.75 -30.55
-27.05 -30.65 -32.15 -20.55 -9.85 1.85 6.55 1.85 -2.85 -17.75 -26.05 -29.85
-40.95 -37.25 -32.95 -23.05 -8.75 5.85 6.45 4.25 -3.75 -15.35 -27.45 -29.65
-33.75 -37.05 -30.15 -21.85 -9.95 2.05 4.55 2.65 -5.55 -18.65 -24.75 -36.45
-33.05 -35.25 -30.35 -24.45 -8.55 3.95 6.35 3.75 -2.05 -17.65 -21.95 -30.85
-34.35 -34.85 -24.15 -22.05 -3.45 4.45 6.85 2.65 -1.75 -12.75 -29.65 -29.55
-27.85 -33.55 -27.85 -23.85 -7.75 3.35 7.35 5.95 -1.75 -16.15 -27.35 -35.95
-24.15 -35.65 -32.95 -20.85 -5.75 3.55 7.55 4.55 -0.35 -16.25 -33.55 -32.55
-31.85 -31.45 -30.65 -22.65 -5.65 5.55 5.05 3.05 -0.25 -16.25 -26.95 -31.05
-31.05 -35.85 -31.25 -21.45 -8.95 2.75 7.65 4.45 -1.85 -15.55 -26.95 -32.85
-33.05 -28.25 -30.85 -21.85 -7.55 1.35 7.65 4.75 -1.25 -15.05 -30.95 -29.35
-36.95 -32.95 -34.45 -21.05 -10.15 3.75 7.05 3.25 -2.85 -14.95 -24.05 -32.95
-34.05 -35.25 -28.25 -23.05 -8.55 3.75 8.25 6.35 -0.45 -10.05 -26.55 -38.55
-37.05 -30.55 -29.55 -22.65 -8.95 2.05 6.55 5.45 -2.85 -15.75 -26.45 -36.45
-30.47 -33.77 -35.77 -22.47 -4.57 3.63 7.63 2.73 -2.97 -14.17 -26.07 -34.37
-28.57 -27.57 -25.07 -17.57 -7.77 3.33 6.93 4.33 -4.77 -16.07 -25.57 -30.37
-26.87 -30.47 -31.97 -20.37 -9.67 2.03 6.73 2.03 -2.67 -17.57 -25.87 -29.67
-40.77 -37.07 -32.77 -22.87 -8.57 6.03 6.63 4.43 -3.57 -15.17 -27.27 -29.47
-33.57 -36.87 -29.97 -21.67 -9.77 2.23 4.73 2.83 -5.37 -18.47 -24.57 -36.27
-32.87 -35.07 -30.17 -24.27 -8.37 4.13 6.53 3.93 -1.87 -17.47 -21.77 -30.67
-34.17 -34.67 -23.97 -21.87 -3.27 4.63 7.03 2.83 -1.57 -12.57 -29.47 -29.37
-27.67 -33.37 -27.67 -23.67 -7.57 3.53 7.53 6.13 -1.57 -15.97 -27.17 -35.77
-23.97 -35.47 -32.77 -20.67 -5.57 3.73 7.73 4.73 -0.17 -16.07 -33.37 -32.37
-31.67 -31.27 -30.47 -22.47 -5.47 5.73 5.23 3.23 -0.07 -16.07 -26.77 -30.87
-30.87 -35.67 -31.07 -21.27 -8.77 2.93 7.83 4.63 -1.67 -15.37 -26.77 -32.67
-32.87 -28.07 -30.67 -21.67 -7.37 1.53 7.83 4.93 -1.07 -14.87 -30.77 -29.17
-36.77 -32.77 -34.27 -20.87 -9.97 3.93 7.23 3.43 -2.67 -14.77 -23.87 -32.77
-33.87 -35.07 -28.07 -22.87 -8.37 3.93 8.43 6.53 -0.27 -9.87 -26.37 -38.37
-36.87 -30.37 -29.37 -22.47 -8.77 2.23 6.73 5.63 -2.67 -15.57 -26.27 -36.27
-30.62 -33.92 -35.92 -22.62 -4.72 3.48 7.48 2.58 -3.12 -14.32 -26.22 -34.52
-28.72 -27.72 -25.22 -17.72 -7.92 3.18 6.78 4.18 -4.92 -16.22 -25.72 -30.52
-27.02 -30.62 -32.12 -20.52 -9.82 1.88 6.58 1.88 -2.82 -17.72 -26.02 -29.82
-40.92 -37.22 -32.92 -23.02 -8.72 5.88 6.48 4.28 -3.72 -15.32 -27.42 -29.62
-33.72 -37.02 -30.12 -21.82 -9.92 2.08 4.58 2.68 -5.52 -18.62 -24.72 -36.42
-33.02 -35.22 -30.32 -24.42 -8.52 3.98 6.38 3.78 -2.02 -17.62 -21.92 -30.82
-34.32 -34.82 -24.12 -22.02 -3.42 4.48 6.88 2.68 -1.72 -12.72 -29.62 -29.52
-27.82 -33.52 -27.82 -23.82 -7.72 3.38 7.38 5.98 -1.72 -16.12 -27.32 -35.92
-24.12 -35.62 -32.92 -20.82 -5.72 3.58 7.58 4.58 -0.32 -16.22 -33.52 -32.52
-31.82 -31.42 -30.62 -22.62 -5.62 5.58 5.08 3.08 -0.22 -16.22 -26.92 -31.02
-31.02 -35.82 -31.22 -21.42 -8.92 2.78 7.68 4.48 -1.82 -15.52 -26.92 -32.82
-33.02 -28.22 -30.82 -21.82 -7.52 1.38 7.68 4.78 -1.22 -15.02 -30.92 -29.32
-36.92 -32.92 -34.42 -21.02 -10.12 3.78 7.08 3.28 -2.82 -14.92 -24.02 -32.92
-34.02 -35.22 -28.22 -23.02 -8.52 3.78 8.28 6.38 -0.42 -10.02 -26.52 -38.52
-37.02 -30.52 -29.52 -22.62 -8.92 2.08 6.58 5.48 -2.82 -15.72 -26.42 -36.42
-34.84 -37.84 -34.84 -23.34 -8.44 2.06 6.16 3.46 -2.74 -15.34 -25.44 -34.34
-34.84 -28.14 -30.74 -19.94 -8.84 2.26 4.56 3.96 -1.74 -13.54 -26.04 -35.64
-35.54 -30.34 -29.44 -17.84 -6.14 3.56 4.96 4.16 -3.54 -17.34 -29.54 -34.24
-32.94 -33.24 -27.84 -22.44 -10.34 1.06 5.46 2.56 -3.24 -15.24 -29.34 -29.84
-22.94 -29.04 -31.94 -24.24 -12.84 0.96 5.26 3.86 -4.24 -14.04 -24.14 -34.34
-33.64 -35.14 -27.74 -22.04 -7.54 3.46 6.26 3.26 -1.54 -11.74 -27.04 -29.84
-32.54 -37.64 -29.34 -21.64 -10.04 1.56 7.66 5.06 -0.84 -12.14 -25.64 -32.54
-32.14 -35.84 -32.84 -21.84 -7.84 5.06 7.76 4.66 -1.04 -12.14 -23.34 -36.84
-30.04 -33.44 -30.54 -14.94 -6.24 3.46 6.76 2.66 -2.74 -15.14 -26.04 -37.14
-33.84 -34.14 -30.34 -22.54 -9.64 2.26 5.76 4.56 -2.94 -19.54 -28.14 -25.64
-27.44 -33.54 -31.44 -21.04 -7.74 3.26 7.56 2.26 -2.94 -15.54 -30.84 -31.74
-27.94 -33.14 -31.84 -19.74 -7.04 4.06 7.16 3.06 -1.74 -13.94 -26.14 -37.34
-34.64 -32.54 -27.34 -22.24 -11.14 3.86 6.36 4.86 -2.84 -16.64 -30.84 -29.94
-25.44 -31.34 -33.54 -21.04 -5.44 2.76 7.26 4.36 -1.14 -13.54 -22.74 -34.44
-32.84 -32.54 -23.04 -22.34 -8.84 3.46 7.96 3.96 -1.44 -13.64 -27.74 -28.14
-30.44 -31.34 -33.04 -25.04 -12.94 1.56 6.96 3.86 -2.54 -14.34 -32.94 -41.04
-40.74 -24.14 -25.74 -18.64 -4.84 3.16 5.76 3.36 -2.94 -14.74 -28.14 -32.14
-40.54 -30.34 -26.84 -22.84 -7.74 3.36 6.56 5.56 -2.84 -14.74 -30.34 -36.44
-40.94 -38.34 -27.24 -25.34 -9.24 2.26 7.16 3.36 -2.14 -14.64 -26.84 -32.04
-39.24 -38.34 -33.74 -21.44 -7.34 3.86 7.36 4.66 -1.74 -14.64 -26.84 -32.04
-31.44 -32.64 -29.84 -21.44 -7.34 3.86 7.36 4.66 -1.74 -14.64 -26.84 -32.04
-31.34 -32.14 -29.84 -21.34 -8.04 3.86 7.36 4.66 -1.74 -14.64 -26.84 -32.04
-31.44 -32.64 -29.84 -21.44 -7.34 3.86 7.36 4.66 -1.74 -14.64 -27.14 -32.74
-32.44 -32.54 -30.14 -22.54 -7.34 3.66 7.36 4.66 -1.74 -14.64 -26.84 -32.04
-31.44 -32.64 -29.84 -21.44 -7.34 3.86 7.36 4.66 -1.74 -14.64 -26.84 -32.04
-31.44 -32.64 -26.94 -19.34 -8.74 4.76 7.36 5.16 0.96 -12.44 -23.74 -34.84
-33.34 -33.54 -32.84 -22.34 -8.84 4.76 8.26 6.16 -1.44 -15.04 -21.04 -27.14
-33.14 -31.44 -31.54 -19.84 -8.44 3.56 7.16 4.36 -2.04 -14.54 -30.14 -33.54
-29.34 -28.74 -32.14 -21.44 -8.14 3.06 6.36 4.16 -2.44 -16.94 -29.94 -32.04
-23.54 -35.64 -32.64 -20.34 -8.94 3.76 7.16 4.76 -2.24 -13.24 -27.44 -34.24
-31.6 -38.2 -31.8 -26.8 -9.8 2.8 6.5 4.4 -1.5 -18.1 -29.8 -36.4
-30 -36.2 -36.8 -21.1 -8.7 3.6 7.6 6.3 -0.4 -15.6 -29.2 -30.8
-27.2 -36.7 -28.4 -21.7 -7.6 2.1 6.7 4.7 -2.8 -13.8 -24.6 -36.4
-27.5 -28.1 -29.9 -24.3 -8.5 3 6.2 3 -3.4 -15.4 -29.8 -34.8
-30.2 -31.4 -29.4 -23.9 -8.5 3.1 5.9 4.2 -1.5 -16.6 -33 -30.7
-32.5 -32.6 -28.4 -19.1 -6 4.2 6.1 3.9 -2.5 -12.9 -26.6 -34.3
-32.2 -27 -28.3 -22.8 -11.7 1.5 5.8 4.1 -2.3 -13.9 -30.9 -31.3
-32 -33.9 -29.4 -22.7 -8 2.2 7.2 4.2 -2.7 -18.4 -32.1 -25
-31.8 -40.5 -30.2 -22.8 -7.8 4.1 6.3 3.6 -1.3 -11.1 -23.8 -34.1
-30.9 -29.6 -35.7 -25.4 -10.7 1.9 7.8 3.1 -3.8 -17.8 -21.3 -28.9
-36 -29.2 -31.6 -19.4 -6.7 3.7 5.7 2.4 -4.1 -16.3 -22.4 -30.3
-32.2 -38.4 -28.7 -23.2 -7.6 2.2 7.2 4.7 -4.1 -13.9 -30.6 -38.6
-29.3 -33 -32.9 -20.9 -8.7 2.9 7.7 2.9 -2 -13.3 -29.9 -33.2
-39.9 -24.5 -27.7 -22 -8.1 4.5 6.5 4.2 -0.4 -13.4 -29.5 -30.7
-34.6 -40.5 -27.8 -16.3 -5.1 4.3 6.9 5.4 -2.4 -14.8 -25.7 -33.7
-36.97 -37.87 -27.57 -21.77 -9.67 1.73 5.73 3.43 -3.97 -17.07 -29.47 -32.97
-36.57 -33.67 -27.37 -20.67 -10.47 2.33 6.83 3.43 -3.67 -15.27 -28.07 -33.37
-37.87 -33.37 -28.37 -21.77 -8.37 1.73 6.63 3.23 -3.87 -13.97 -29.07 -28.07
-35.97 -30.87 -31.07 -23.47 -8.57 2.93 6.63 3.83 -1.77 -13.97 -24.47 -28.47
-34.27 -34.17 -27.07 -21.57 -10.17 2.73 6.93 3.93 -1.57 -14.97 -26.17 -30.47
-36.67 -33.57 -33.67 -18.87 -9.47 3.93 7.33 4.53 -3.67 -14.67 -26.97 -36.07
-32.47 -29.97 -29.47 -23.17 -10.77 2.93 7.13 5.23 -0.87 -11.77 -22.97 -23.07
-30.57 -26.97 -31.17 -18.57 -11.17 2.83 7.33 3.13 -3.47 -15.97 -26.87 -32.07
-41.17 -32.87 -30.97 -21.57 -7.57 4.33 6.03 3.63 -0.57 -12.87 -25.27 -32.97
-29.67 -33.57 -28.87 -17.27 -5.17 4.33 6.93 4.33 -3.37 -13.87 -22.97 -32.27
-33.17 -31.57 -30.87 -22.07 -9.47 3.33 7.43 5.03 -1.57 -12.17 -27.67 -33.37
-28.37 -31.87 -32.57 -21.67 -10.47 2.23 6.03 2.73 -2.27 -15.77 -27.47 -32.17
-30.77 -34.17 -27.27 -19.37 -4.97 4.73 6.63 3.43 -2.07 -13.77 -24.27 -33.47
-34.67 -35.17 -30.07 -25.17 -6.67 3.33 6.63 5.33 -0.67 -12.07 -24.17 -30.97
-34.97 -35.37 -33.77 -16.07 -7.07 2.23 6.73 4.13 -2.27 -15.77 -24.67 -32.07
-40.67 -34.57 -34.87 -16.87 -7.87 4.33 7.63 4.13 -1.37 -12.47 -23.47 -26.17
-36.17 -40.27 -31.87 -21.67 -7.97 3.23 8.53 3.83 -3.37 -17.57 -25.57 -33.37
-42.37 -37.17 -28.67 -21.57 -9.47 1.73 7.13 4.33 -0.67 -10.77 -22.77 -33.67
-38.37 -23.37 -22.87 -22.67 -8.17 1.33 7.83 3.43 -2.47 -14.87 -25.37 -31.57
-30.67 -32.77 -26.67 -19.87 -12.47 2.23 5.63 4.03 -1.87 -13.87 -30.97 -35.17
-38.47 -35.97 -27.67 -19.07 -12.37 1.93 4.23 4.93 0.03 -12.47 -26.37 -24.67
-31.17 -36.47 -30.37 -23.67 -6.87 2.83 6.53 3.73 -2.67 -13.47 -30.47 -38.37
-37.67 -28.47 -30.17 -28.67 -9.27 3.73 8.13 4.13 -1.67 -12.07 -29.37 -29.47
-27.47 -30.27 -35.07 -18.37 -9.97 1.53 7.13 5.53 -0.77 -12.37 -22.77 -35.07
-42.87 -30.57 -33.67 -22.97 -10.27 1.23 7.53 4.63 0.93 -13.77 -28.17 -30.37
-32.37 -35.17 -34.07 -21.47 -10.47 4.23 7.73 5.03 -1.37 -14.27 -26.47 -31.67
-31.07 -32.27 -29.47 -21.07 -6.97 4.23 7.73 5.03 -1.37 -14.27 -26.47 -36.57
-37.67 -32.27 -23.97 -20.07 -7.07 3.13 7.63 5.03 -1.37 -14.27 -26.47 -31.67
-31.07 -32.27 -29.47 -21.07 -6.97 4.23 7.73 5.03 -1.37 -14.27 -26.47 -31.67
-39.17 -36.17 -31.87 -22.37 -6.57 3.83 7.13 5.63 -1.87 -13.67 -27.97 -35.57
-34.71 -37.71 -34.71 -23.21 -8.31 2.19 6.29 3.59 -2.61 -15.21 -25.31 -34.21
-34.71 -28.01 -30.61 -19.81 -8.71 2.39 4.69 4.09 -1.61 -13.41 -25.91 -35.51
-35.41 -30.21 -29.31 -17.71 -6.01 3.69 5.09 4.29 -3.41 -17.21 -29.41 -34.11
-32.81 -33.11 -27.71 -22.31 -10.21 1.19 5.59 2.69 -3.11 -15.11 -29.21 -29.71
-22.81 -28.91 -31.81 -24.11 -12.71 1.09 5.39 3.99 -4.11 -13.91 -24.01 -34.21
-33.51 -35.01 -27.61 -21.91 -7.41 3.59 6.39 3.39 -1.41 -11.61 -26.91 -29.71
-32.41 -37.51 -29.21 -21.51 -9.91 1.69 7.79 5.19 -0.71 -12.01 -25.51 -32.41
-32.01 -35.71 -32.71 -21.71 -7.71 5.19 7.89 4.79 -0.91 -12.01 -23.21 -36.71
-29.91 -33.31 -30.41 -14.81 -6.11 3.59 6.89 2.79 -2.61 -15.01 -25.91 -37.01
-33.71 -34.01 -30.21 -22.41 -9.51 2.39 5.89 4.69 -2.81 -19.41 -28.01 -25.51
-27.31 -33.41 -31.31 -20.91 -7.61 3.39 7.69 2.39 -2.81 -15.41 -30.71 -31.61
-27.81 -33.01 -31.71 -19.61 -6.91 4.19 7.29 3.19 -1.61 -13.81 -26.01 -37.21
-34.51 -32.41 -27.21 -22.11 -11.01 3.99 6.49 4.99 -2.71 -16.51 -30.71 -29.81
-25.31 -31.21 -33.41 -20.91 -5.31 2.89 7.39 4.49 -1.01 -13.41 -22.61 -34.31
-32.71 -32.41 -22.91 -22.21 -8.71 3.59 8.09 4.09 -1.31 -13.51 -27.61 -28.01
-37.08 -37.98 -27.68 -21.88 -9.78 1.62 5.62 3.32 -4.08 -17.18 -29.58 -33.08
-36.68 -33.78 -27.48 -20.78 -10.58 2.22 6.72 3.32 -3.78 -15.38 -28.18 -33.48
-37.98 -33.48 -28.48 -21.88 -8.48 1.62 6.52 3.12 -3.98 -14.08 -29.18 -28.18
-36.08 -30.98 -31.18 -23.58 -8.68 2.82 6.52 3.72 -1.88 -14.08 -24.58 -28.58
-34.38 -34.28 -27.18 -21.68 -10.28 2.62 6.82 3.82 -1.68 -15.08 -26.28 -30.58
-36.78 -33.68 -33.78 -18.98 -9.58 3.82 7.22 4.42 -3.78 -14.78 -27.08 -36.18
-32.58 -30.08 -29.58 -23.28 -10.88 2.82 7.02 5.12 -0.98 -11.88 -23.08 -23.18
-30.68 -27.08 -31.28 -18.68 -11.28 2.72 7.22 3.02 -3.58 -16.08 -26.98 -32.18
-41.28 -32.98 -31.08 -21.68 -7.68 4.22 5.92 3.52 -0.68 -12.98 -25.38 -33.08
-29.78 -33.68 -28.98 -17.38 -5.28 4.22 6.82 4.22 -3.48 -13.98 -23.08 -32.38
-33.28 -31.68 -30.98 -22.18 -9.58 3.22 7.32 4.92 -1.68 -12.28 -27.78 -33.48
-28.48 -31.98 -32.68 -21.78 -10.58 2.12 5.92 2.62 -2.38 -15.88 -27.58 -32.28
-30.88 -34.28 -27.38 -19.48 -5.08 4.62 6.52 3.32 -2.18 -13.88 -24.38 -33.58
-34.78 -35.28 -30.18 -25.28 -6.78 3.22 6.52 5.22 -0.78 -12.18 -24.28 -31.08
-35.08 -35.48 -33.88 -16.18 -7.18 2.12 6.62 4.02 -2.38 -15.88 -24.78 -32.18
-30.56 -31.46 -33.16 -25.16 -13.06 1.44 6.84 3.74 -2.66 -14.46 -33.06 -41.16
-40.86 -24.26 -25.86 -18.76 -4.96 3.04 5.64 3.24 -3.06 -14.86 -28.26 -32.26
-40.66 -30.46 -26.96 -22.96 -7.86 3.24 6.44 5.44 -2.96 -14.86 -30.46 -36.56
-41.06 -38.46 -27.36 -25.46 -9.36 2.14 7.04 3.24 -2.26 -14.76 -26.96 -32.16
-39.36 -38.46 -33.86 -21.56 -7.46 3.74 7.24 4.54 -1.86 -14.76 -26.96 -32.16
-31.56 -32.76 -29.96 -21.56 -7.46 3.74 7.24 4.54 -1.86 -14.76 -26.96 -32.16
-31.46 -32.26 -29.96 -21.46 -8.16 3.74 7.24 4.54 -1.86 -14.76 -26.96 -32.16
-31.56 -32.76 -29.96 -21.56 -7.46 3.74 7.24 4.54 -1.86 -14.76 -27.26 -32.86
-32.56 -32.66 -30.26 -22.66 -7.46 3.54 7.24 4.54 -1.86 -14.76 -26.96 -32.16
-31.56 -32.76 -29.96 -21.56 -7.46 3.74 7.24 4.54 -1.86 -14.76 -26.96 -32.16
-31.56 -32.76 -27.06 -19.46 -8.86 4.64 7.24 5.04 0.84 -12.56 -23.86 -34.96
-33.46 -33.66 -32.96 -22.46 -8.96 4.64 8.14 6.04 -1.56 -15.16 -21.16 -27.26
-33.26 -31.56 -31.66 -19.96 -8.56 3.44 7.04 4.24 -2.16 -14.66 -30.26 -33.66
-29.46 -28.86 -32.26 -21.56 -8.26 2.94 6.24 4.04 -2.56 -17.06 -30.06 -32.16
-23.66 -35.76 -32.76 -20.46 -9.06 3.64 7.04 4.64 -2.36 -13.36 -27.56 -34.36
-30.68 -33.98 -35.98 -22.68 -4.78 3.42 7.42 2.52 -3.18 -14.38 -26.28 -34.58
-28.78 -27.78 -25.28 -17.78 -7.98 3.12 6.72 4.12 -4.98 -16.28 -25.78 -30.58
-27.08 -30.68 -32.18 -20.58 -9.88 1.82 6.52 1.82 -2.88 -17.78 -26.08 -29.88
-40.98 -37.28 -32.98 -23.08 -8.78 5.82 6.42 4.22 -3.78 -15.38 -27.48 -29.68
-33.78 -37.08 -30.18 -21.88 -9.98 2.02 4.52 2.62 -5.58 -18.68 -24.78 -36.48
-33.08 -35.28 -30.38 -24.48 -8.58 3.92 6.32 3.72 -2.08 -17.68 -21.98 -30.88
-34.38 -34.88 -24.18 -22.08 -3.48 4.42 6.82 2.62 -1.78 -12.78 -29.68 -29.58
-27.88 -33.58 -27.88 -23.88 -7.78 3.32 7.32 5.92 -1.78 -16.18 -27.38 -35.98
-24.18 -35.68 -32.98 -20.88 -5.78 3.52 7.52 4.52 -0.38 -16.28 -33.58 -32.58
-31.88 -31.48 -30.68 -22.68 -5.68 5.52 5.02 3.02 -0.28 -16.28 -26.98 -31.08
-31.08 -35.88 -31.28 -21.48 -8.98 2.72 7.62 4.42 -1.88 -15.58 -26.98 -32.88
-33.08 -28.28 -30.88 -21.88 -7.58 1.32 7.62 4.72 -1.28 -15.08 -30.98 -29.38
-36.98 -32.98 -34.48 -21.08 -10.18 3.72 7.02 3.22 -2.88 -14.98 -24.08 -32.98
-34.08 -35.28 -28.28 -23.08 -8.58 3.72 8.22 6.32 -0.48 -10.08 -26.58 -38.58
-37.08 -30.58 -29.58 -22.68 -8.98 2.02 6.52 5.42 -2.88 -15.78 -26.48 -36.48
-30.49 -33.79 -35.79 -22.49 -4.59 3.61 7.61 2.71 -2.99 -14.19 -26.09 -34.39
-28.59 -27.59 -25.09 -17.59 -7.79 3.31 6.91 4.31 -4.79 -16.09 -25.59 -30.39
-26.89 -30.49 -31.99 -20.39 -9.69 2.01 6.71 2.01 -2.69 -17.59 -25.89 -29.69
-40.79 -37.09 -32.79 -22.89 -8.59 6.01 6.61 4.41 -3.59 -15.19 -27.29 -29.49
-33.59 -36.89 -29.99 -21.69 -9.79 2.21 4.71 2.81 -5.39 -18.49 -24.59 -36.29
-32.89 -35.09 -30.19 -24.29 -8.39 4.11 6.51 3.91 -1.89 -17.49 -21.79 -30.69
-34.19 -34.69 -23.99 -21.89 -3.29 4.61 7.01 2.81 -1.59 -12.59 -29.49 -29.39
-27.69 -33.39 -27.69 -23.69 -7.59 3.51 7.51 6.11 -1.59 -15.99 -27.19 -35.79
-23.99 -35.49 -32.79 -20.69 -5.59 3.71 7.71 4.71 -0.19 -16.09 -33.39 -32.39
-31.69 -31.29 -30.49 -22.49 -5.49 5.71 5.21 3.21 -0.09 -16.09 -26.79 -30.89
-30.89 -35.69 -31.09 -21.29 -8.79 2.91 7.81 4.61 -1.69 -15.39 -26.79 -32.69
-32.89 -28.09 -30.69 -21.69 -7.39 1.51 7.81 4.91 -1.09 -14.89 -30.79 -29.19
-36.79 -32.79 -34.29 -20.89 -9.99 3.91 7.21 3.41 -2.69 -14.79 -23.89 -32.79
-33.89 -35.09 -28.09 -22.89 -8.39 3.91 8.41 6.51 -0.29 -9.89 -26.39 -38.39
-36.89 -30.39 -29.39 -22.49 -8.79 2.21 6.71 5.61 -2.69 -15.59 -26.29 -36.29
-34.95 -37.95 -34.95 -23.45 -8.55 1.95 6.05 3.35 -2.85 -15.45 -25.55 -34.45
-34.95 -28.25 -30.85 -20.05 -8.95 2.15 4.45 3.85 -1.85 -13.65 -26.15 -35.75
-35.65 -30.45 -29.55 -17.95 -6.25 3.45 4.85 4.05 -3.65 -17.45 -29.65 -34.35
-33.05 -33.35 -27.95 -22.55 -10.45 0.95 5.35 2.45 -3.35 -15.35 -29.45 -29.95
-23.05 -29.15 -32.05 -24.35 -12.95 0.85 5.15 3.75 -4.35 -14.15 -24.25 -34.45
-33.75 -35.25 -27.85 -22.15 -7.65 3.35 6.15 3.15 -1.65 -11.85 -27.15 -29.95
-32.65 -37.75 -29.45 -21.75 -10.15 1.45 7.55 4.95 -0.95 -12.25 -25.75 -32.65
-32.25 -35.95 -32.95 -21.95 -7.95 4.95 7.65 4.55 -1.15 -12.25 -23.45 -36.95
-30.15 -33.55 -30.65 -15.05 -6.35 3.35 6.65 2.55 -2.85 -15.25 -26.15 -37.25
-33.95 -34.25 -30.45 -22.65 -9.75 2.15 5.65 4.45 -3.05 -19.65 -28.25 -25.75
-27.55 -33.65 -31.55 -21.15 -7.85 3.15 7.45 2.15 -3.05 -15.65 -30.95 -31.85
-28.05 -33.25 -31.95 -19.85 -7.15 3.95 7.05 2.95 -1.85 -14.05 -26.25 -37.45
-34.75 -32.65 -27.45 -22.35 -11.25 3.75 6.25 4.75 -2.95 -16.75 -30.95 -30.05
-25.55 -31.45 -33.65 -21.15 -5.55 2.65 7.15 4.25 -1.25 -13.65 -22.85 -34.55
-32.95 -32.65 -23.15 -22.45 -8.95 3.35 7.85 3.85 -1.55 -13.75 -27.85 -28.25
-30.64 -33.94 -35.94 -22.64 -4.74 3.46 7.46 2.56 -3.14 -14.34 -26.24 -34.54
-28.74 -27.74 -25.24 -17.74 -7.94 3.16 6.76 4.16 -4.94 -16.24 -25.74 -30.54
-27.04 -30.64 -32.14 -20.54 -9.84 1.86 6.56 1.86 -2.84 -17.74 -26.04 -29.84
-40.94 -37.24 -32.94 -23.04 -8.74 5.86 6.46 4.26 -3.74 -15.34 -27.44 -29.64
-33.74 -37.04 -30.14 -21.84 -9.94 2.06 4.56 2.66 -5.54 -18.64 -24.74 -36.44
-33.04 -35.24 -30.34 -24.44 -8.54 3.96 6.36 3.76 -2.04 -17.64 -21.94 -30.84
-34.34 -34.84 -24.14 -22.04 -3.44 4.46 6.86 2.66 -1.74 -12.74 -29.64 -29.54
-27.84 -33.54 -27.84 -23.84 -7.74 3.36 7.36 5.96 -1.74 -16.14 -27.34 -35.94
-24.14 -35.64 -32.94 -20.84 -5.74 3.56 7.56 4.56 -0.34 -16.24 -33.54 -32.54
-31.84 -31.44 -30.64 -22.64 -5.64 5.56 5.06 3.06 -0.24 -16.24 -26.94 -31.04
-31.04 -35.84 -31.24 -21.44 -8.94 2.76 7.66 4.46 -1.84 -15.54 -26.94 -32.84
-33.04 -28.24 -30.84 -21.84 -7.54 1.36 7.66 4.76 -1.24 -15.04 -30.94 -29.34
-36.94 -32.94 -34.44 -21.04 -10.14 3.76 7.06 3.26 -2.84 -14.94 -24.04 -32.94
-34.04 -35.24 -28.24 -23.04 -8.54 3.76 8.26 6.36 -0.44 -10.04 -26.54 -38.54
-37.04 -30.54 -29.54 -22.64 -8.94 2.06 6.56 5.46 -2.84 -15.74 -26.44 -36.44
-30.44 -31.34 -33.04 -25.04 -12.94 1.56 6.96 3.86 -2.54 -14.34 -32.94 -41.04
-40.74 -24.14 -25.74 -18.64 -4.84 3.16 5.76 3.36 -2.94 -14.74 -28.14 -32.14
-40.54 -30.34 -26.84 -22.84 -7.74 3.36 6.56 5.56 -2.84 -14.74 -30.34 -36.44
-40.94 -38.34 -27.24 -25.34 -9.24 2.26 7.16 3.36 -2.14 -14.64 -26.84 -32.04
-39.24 -38.34 -33.74 -21.44 -7.34 3.86 7.36 4.66 -1.74 -14.64 -26.84 -32.04
-31.44 -32.64 -29.84 -21.44 -7.34 3.86 7.36 4.66 -1.74 -14.64 -26.84 -32.04
-31.34 -32.14 -29.84 -21.34 -8.04 3.86 7.36 4.66 -1.74 -14.64 -26.84 -32.04
-31.44 -32.64 -29.84 -21.44 -7.34 3.86 7.36 4.66 -1.74 -14.64 -27.14 -32.74
-32.44 -32.54 -30.14 -22.54 -7.34 3.66 7.36 4.66 -1.74 -14.64 -26.84 -32.04
-31.44 -32.64 -29.84 -21.44 -7.34 3.86 7.36 4.66 -1.74 -14.64 -26.84 -32.04
-31.44 -32.64 -26.94 -19.34 -8.74 4.76 7.36 5.16 0.96 -12.44 -23.74 -34.84
-33.34 -33.54 -32.84 -22.34 -8.84 4.76 8.26 6.16 -1.44 -15.04 -21.04 -27.14
-33.14 -31.44 -31.54 -19.84 -8.44 3.56 7.16 4.36 -2.04 -14.54 -30.14 -33.54
-29.34 -28.74 -32.14 -21.44 -8.14 3.06 6.36 4.16 -2.44 -16.94 -29.94 -32.04
-23.54 -35.64 -32.64 -20.34 -8.94 3.76 7.16 4.76 -2.24 -13.24 -27.44 -34.24
-40.49 -34.39 -34.69 -16.69 -7.69 4.51 7.81 4.31 -1.19 -12.29 -23.29 -25.99
-35.99 -40.09 -31.69 -21.49 -7.79 3.41 8.71 4.01 -3.19 -17.39 -25.39 -33.19
-42.19 -36.99 -28.49 -21.39 -9.29 1.91 7.31 4.51 -0.49 -10.59 -22.59 -33.49
-38.19 -23.19 -22.69 -22.49 -7.99 1.51 8.01 3.61 -2.29 -14.69 -25.19 -31.39
-30.49 -32.59 -26.49 -19.69 -12.29 2.41 5.81 4.21 -1.69 -13.69 -30.79 -34.99
-38.29 -35.79 -27.49 -18.89 -12.19 2.11 4.41 5.11 0.21 -12.29 -26.19 -24.49
-30.99 -36.29 -30.19 -23.49 -6.69 3.01 6.71 3.91 -2.49 -13.29 -30.29 -38.19
-37.49 -28.29 -29.99 -28.49 -9.09 3.91 8.31 4.31 -1.49 -11.89 -29.19 -29.29
-27.29 -30.09 -34.89 -18.19 -9.79 1.71 7.31 5.71 -0.59 -12.19 -22.59 -34.89
-42.69 -30.39 -33.49 -22.79 -10.09 1.41 7.71 4.81 1.11 -13.59 -27.99 -30.19
-32.19 -34.99 -33.89 -21.29 -10.29 4.41 7.91 5.21 -1.19 -14.09 -26.29 -31.49
-30.89 -32.09 -29.29 -20.89 -6.79 4.41 7.91 5.21 -1.19 -14.09 -26.29 -36.39
-37.49 -32.09 -23.79 -19.89 -6.89 3.31 7.81 5.21 -1.19 -14.09 -26.29 -31.49
-30.89 -32.09 -29.29 -20.89 -6.79 4.41 7.91 5.21 -1.19 -14.09 -26.29 -31.49
-38.99 -35.99 -31.69 -22.19 -6.39 4.01 7.31 5.81 -1.69 -13.49 -27.79 -35.39
-40.58 -34.48 -34.78 -16.78 -7.78 4.42 7.72 4.22 -1.28 -12.38 -23.38 -26.08
-36.08 -40.18 -31.78 -21.58 -7.88 3.32 8.62 3.92 -3.28 -17.48 -25.48 -33.28
-42.28 -37.08 -28.58 -21.48 -9.38 1.82 7.22 4.42 -0.58 -10.68 -22.68 -33.58
-38.28 -23.28 -22.78 -22.58 -8.08 1.42 7.92 3.52 -2.38 -14.78 -25.28 -31.48
-30.58 -32.68 -26.58 -19.78 -12.38 2.32 5.72 4.12 -1.78 -13.78 -30.88 -35.08
-38.38 -35.88 -27.58 -18.98 -12.28 2.02 4.32 5.02 0.12 -12.38 -26.28 -24.58
-31.08 -36.38 -30.28 -23.58 -6.78 2.92 6.62 3.82 -2.58 -13.38 -30.38 -38.28
-37.58 -28.38 -30.08 -28.58 -9.18 3.82 8.22 4.22 -1.58 -11.98 -29.28 -29.38
-27.38 -30.18 -34.98 -18.28 -9.88 1.62 7.22 5.62 -0.68 -12.28 -22.68 -34.98
-42.78 -30.48 -33.58 -22.88 -10.18 1.32 7.62 4.72 1.02 -13.68 -28.08 -30.28
-32.28 -35.08 -33.98 -21.38 -10.38 4.32 7.82 5.12 -1.28 -14.18 -26.38 -31.58
-30.98 -32.18 -29.38 -20.98 -6.88 4.32 7.82 5.12 -1.28 -14.18 -26.38 -36.48
-37.58 -32.18 -23.88 -19.98 -6.98 3.22 7.72 5.12 -1.28 -14.18 -26.38 -31.58
-30.98 -32.18 -29.38 -20.98 -6.88 4.32 7.82 5.12 -1.28 -14.18 -26.38 -31.58
-39.08 -36.08 -31.78 -22.28 -6.48 3.92 7.22 5.72 -1.78 -13.58 -27.88 -35.48
-40.47 -34.37 -34.67 -16.67 -7.67 4.53 7.83 4.33 -1.17 -12.27 -23.27 -25.97
-35.97 -40.07 -31.67 -21.47 -7.77 3.43 8.73 4.03 -3.17 -17.37 -25.37 -33.17
-42.17 -36.97 -28.47 -21.37 -9.27 1.93 7.33 4.53 -0.47 -10.57 -22.57 -33.47
-38.17 -23.17 -22.67 -22.47 -7.97 1.53 8.03 3.63 -2.27 -14.67 -25.17 -31.37
-30.47 -32.57 -26.47 -19.67 -12.27 2.43 5.83 4.23 -1.67 -13.67 -30.77 -34.97
-38.27 -35.77 -27.47 -18.87 -12.17 2.13 4.43 5.13 0.23 -12.27 -26.17 -24.47
-30.97 -36.27 -30.17 -23.47 -6.67 3.03 6.73 3.93 -2.47 -13.27 -30.27 -38.17
-37.47 -28.27 -29.97 -28.47 -9.07 3.93 8.33 4.33 -1.47 -11.87 -29.17 -29.27
-27.27 -30.07 -34.87 -18.17 -9.77 1.73 7.33 5.73 -0.57 -12.17 -22.57 -34.87
-42.67 -30.37 -33.47 -22.77 -10.07 1.43 7.73 4.83 1.13 -13.57 -27.97 -30.17
-32.17 -34.97 -33.87 -21.27 -10.27 4.43 7.93 5.23 -1.17 -14.07 -26.27 -31.47
-30.87 -32.07 -29.27 -20.87 -6.77 4.43 7.93 5.23 -1.17 -14.07 -26.27 -36.37
-37.47 -32.07 -23.77 -19.87 -6.87 3.33 7.83 5.23 -1.17 -14.07 -26.27 -31.47
-30.87 -32.07 -29.27 -20.87 -6.77 4.43 7.93 5.23 -1.17 -14.07 -26.27 -31.47
-38.97 -35.97 -31.67 -22.17 -6.37 4.03 7.33 5.83 -1.67 -13.47 -27.77 -35.37
-30.53 -33.83 -35.83 -22.53 -4.63 3.57 7.57 2.67 -3.03 -14.23 -26.13 -34.43
-28.63 -27.63 -25.13 -17.63 -7.83 3.27 6.87 4.27 -4.83 -16.13 -25.63 -30.43
-26.93 -30.53 -32.03 -20.43 -9.73 1.97 6.67 1.97 -2.73 -17.63 -25.93 -29.73
-40.83 -37.13 -32.83 -22.93 -8.63 5.97 6.57 4.37 -3.63 -15.23 -27.33 -29.53
-33.63 -36.93 -30.03 -21.73 -9.83 2.17 4.67 2.77 -5.43 -18.53 -24.63 -36.33
-32.93 -35.13 -30.23 -24.33 -8.43 4.07 6.47 3.87 -1.93 -17.53 -21.83 -30.73
-34.23 -34.73 -24.03 -21.93 -3.33 4.57 6.97 2.77 -1.63 -12.63 -29.53 -29.43
-27.73 -33.43 -27.73 -23.73 -7.63 3.47 7.47 6.07 -1.63 -16.03 -27.23 -35.83
-24.03 -35.53 -32.83 -20.73 -5.63 3.67 7.67 4.67 -0.23 -16.13 -33.43 -32.43
-31.73 -31.33 -30.53 -22.53 -5.53 5.67 5.17 3.17 -0.13 -16.13 -26.83 -30.93
-30.93 -35.73 -31.13 -21.33 -8.83 2.87 7.77 4.57 -1.73 -15.43 -26.83 -32.73
-32.93 -28.13 -30.73 -21.73 -7.43 1.47 7.77 4.87 -1.13 -14.93 -30.83 -29.23
-36.83 -32.83 -34.33 -20.93 -10.03 3.87 7.17 3.37 -2.73 -14.83 -23.93 -32.83
-33.93 -35.13 -28.13 -22.93 -8.43 3.87 8.37 6.47 -0.33 -9.93 -26.43 -38.43
-36.93 -30.43 -29.43 -22.53 -8.83 2.17 6.67 5.57 -2.73 -15.63 -26.33 -36.33
-34.72 -37.72 -34.72 -23.22 -8.32 2.18 6.28 3.58 -2.62 -15.22 -25.32 -34.22
-34.72 -28.02 -30.62 -19.82 -8.72 2.38 4.68 4.08 -1.62 -13.42 -25.92 -35.52
-35.42 -30.22 -29.32 -17.72 -6.02 3.68 5.08 4.28 -3.42 -17.22 -29.42 -34.12
-32.82 -33.12 -27.72 -22.32 -10.22 1.18 5.58 2.68 -3.12 -15.12 -29.22 -29.72
-22.82 -28.92 -31.82 -24.12 -12.72 1.08 5.38 3.98 -4.12 -13.92 -24.02 -34.22
-33.52 -35.02 -27.62 -21.92 -7.42 3.58 6.38 3.38 -1.42 -11.62 -26.92 -29.72
-32.42 -37.52 -29.22 -21.52 -9.92 1.68 7.78 5.18 -0.72 -12.02 -25.52 -32.42
-32.02 -35.72 -32.72 -21.72 -7.72 5.18 7.88 4.78 -0.92 -12.02 -23.22 -36.72
-29.92 -33.32 -30.42 -14.82 -6.12 3.58 6.88 2.78 -2.62 -15.02 -25.92 -37.02
-33.72 -34.02 -30.22 -22.42 -9.52 2.38 5.88 4.68 -2.82 -19.42 -28.02 -25.52
-27.32 -33.42 -31.32 -20.92 -7.62 3.38 7.68 2.38 -2.82 -15.42 -30.72 -31.62
-27.82 -33.02 -31.72 -19.62 -6.92 4.18 7.28 3.18 -1.62 -13.82 -26.02 -37.22
-34.52 -32.42 -27.22 -22.12 -11.02 3.98 6.48 4.98 -2.72 -16.52 -30.72 -29.82
-25.32 -31.22 -33.42 -20.92 -5.32 2.88 7.38 4.48 -1.02 -13.42 -22.62 -34.32
-32.72 -32.42 -22.92 -22.22 -8.72 3.58 8.08 4.08 -1.32 -13.52 -27.62 -28.02
-40.72 -34.62 -34.92 -16.92 -7.92 4.28 7.58 4.08 -1.42 -12.52 -23.52 -26.22
-36.22 -40.32 -31.92 -21.72 -8.02 3.18 8.48 3.78 -3.42 -17.62 -25.62 -33.42
-42.42 -37.22 -28.72 -21.62 -9.52 1.68 7.08 4.28 -0.72 -10.82 -22.82 -33.72
-38.42 -23.42 -22.92 -22.72 -8.22 1.28 7.78 3.38 -2.52 -14.92 -25.42 -31.62
-30.72 -32.82 -26.72 -19.92 -12.52 2.18 5.58 3.98 -1.92 -13.92 -31.02 -35.22
-38.52 -36.02 -27.72 -19.12 -12.42 1.88 4.18 4.88 -0.02 -12.52 -26.42 -24.72
-31.22 -36.52 -30.42 -23.72 -6.92 2.78 6.48 3.68 -2.72 -13.52 -30.52 -38.42
-37.72 -28.52 -30.22 -28.72 -9.32 3.68 8.08 4.08 -1.72 -12.12 -29.42 -29.52
-27.52 -30.32 -35.12 -18.42 -10.02 1.48 7.08 5.48 -0.82 -12.42 -22.82 -35.12
-42.92 -30.62 -33.72 -23.02 -10.32 1.18 7.48 4.58 0.88 -13.82 -28.22 -30.42
-32.42 -35.22 -34.12 -21.52 -10.52 4.18 7.68 4.98 -1.42 -14.32 -26.52 -31.72
-31.12 -32.32 -29.52 -21.12 -7.02 4.18 7.68 4.98 -1.42 -14.32 -26.52 -36.62
-37.72 -32.32 -24.02 -20.12 -7.12 3.08 7.58 4.98 -1.42 -14.32 -26.52 -31.72
-31.12 -32.32 -29.52 -21.12 -7.02 4.18 7.68 4.98 -1.42 -14.32 -26.52 -31.72
-39.22 -36.22 -31.92 -22.42 -6.62 3.78 7.08 5.58 -1.92 -13.72 -28.02 -35.62
-31.38 -37.98 -31.58 -26.58 -9.58 3.02 6.72 4.62 -1.28 -17.88 -29.58 -36.18
-29.78 -35.98 -36.58 -20.88 -8.48 3.82 7.82 6.52 -0.18 -15.38 -28.98 -30.58
-26.98 -36.48 -28.18 -21.48 -7.38 2.32 6.92 4.92 -2.58 -13.58 -24.38 -36.18
-27.28 -27.88 -29.68 -24.08 -8.28 3.22 6.42 3.22 -3.18 -15.18 -29.58 -34.58
-29.98 -31.18 -29.18 -23.68 -8.28 3.32 6.12 4.42 -1.28 -16.38 -32.78 -30.48
-32.28 -32.38 -28.18 -18.88 -5.78 4.42 6.32 4.12 -2.28 -12.68 -26.38 -34.08
-31.98 -26.78 -28.08 -22.58 -11.48 1.72 6.02 4.32 -2.08 -13.68 -30.68 -31.08
-31.78 -33.68 -29.18 -22.48 -7.78 2.42 7.42 4.42 -2.48 -18.18 -31.88 -24.78
-31.58 -40.28 -29.98 -22.58 -7.58 4.32 6.52 3.82 -1.08 -10.88 -23.58 -33.88
-30.68 -29.38 -35.48 -25.18 -10.48 2.12 8.02 3.32 -3.58 -17.58 -21.08 -28.68
-35.78 -28.98 -31.38 -19.18 -6.48 3.92 5.92 2.62 -3.88 -16.08 -22.18 -30.08
-31.98 -38.18 -28.48 -22.98 -7.38 2.42 7.42 4.92 -3.88 -13.68 -30.38 -38.38
-29.08 -32.78 -32.68 -20.68 -8.48 3.12 7.92 3.12 -1.78 -13.08 -29.68 -32.98
-39.68 -24.28 -27.48 -21.78 -7.88 4.72 6.72 4.42 -0.18 -13.18 -29.28 -30.48
-34.38 -40.28 -27.58 -16.08 -4.88 4.52 7.12 5.62 -2.18 -14.58 -25.48 -33.48
-30.81 -34.11 -36.11 -22.81 -4.91 3.29 7.29 2.39 -3.31 -14.51 -26.41 -34.71
-28.91 -27.91 -25.41 -17.91 -8.11 2.99 6.59 3.99 -5.11 -16.41 -25.91 -30.71
-27.21 -30.81 -32.31 -20.71 -10.01 1.69 6.39 1.69 -3.01 -17.91 -26.21 -30.01
-41.11 -37.41 -33.11 -23.21 -8.91 5.69 6.29 4.09 -3.91 -15.51 -27.61 -29.81
-33.91 -37.21 -30.31 -22.01 -10.11 1.89 4.39 2.49 -5.71 -18.81 -24.91 -36.61
-33.21 -35.41 -30.51 -24.61 -8.71 3.79 6.19 3.59 -2.21 -17.81 -22.11 -31.01
-34.51 -35.01 -24.31 -22.21 -3.61 4.29 6.69 2.49 -1.91 -12.91 -29.81 -29.71
-28.01 -33.71 -28.01 -24.01 -7.91 3.19 7.19 5.79 -1.91 -16.31 -27.51 -36.11
-24.31 -35.81 -33.11 -21.01 -5.91 3.39 7.39 4.39 -0.51 -16.41 -33.71 -32.71
-32.01 -31.61 -30.81 -22.81 -5.81 5.39 4.89 2.89 -0.41 -16.41 -27.11 -31.21
-31.21 -36.01 -31.41 -21.61 -9.11 2.59 7.49 4.29 -2.01 -15.71 -27.11 -33.01
-33.21 -28.41 -31.01 -22.01 -7.71 1.19 7.49 4.59 -1.41 -15.21 -31.11 -29.51
-37.11 -33.11 -34.61 -21.21 -10.31 3.59 6.89 3.09 -3.01 -15.11 -24.21 -33.11
-34.21 -35.41 -28.41 -23.21 -8.71 3.59 8.09 6.19 -0.61 -10.21 -26.71 -38.71
-37.21 -30.71 -29.71 -22.81 -9.11 1.89 6.39 5.29 -3.01 -15.91 -26.61 -36.61
-30.53 -33.83 -35.83 -22.53 -4.63 3.57 7.57 2.67 -3.03 -14.23 -26.13 -34.43
-28.63 -27.63 -25.13 -17.63 -7.83 3.27 6.87 4.27 -4.83 -16.13 -25.63 -30.43
-26.93 -30.53 -32.03 -20.43 -9.73 1.97 6.67 1.97 -2.73 -17.63 -25.93 -29.73
-40.83 -37.13 -32.83 -22.93 -8.63 5.97 6.57 4.37 -3.63 -15.23 -27.33 -29.53
-33.63 -36.93 -30.03 -21.73 -9.83 2.17 4.67 2.77 -5.43 -18.53 -24.63 -36.33
-32.93 -35.13 -30.23 -24.33 -8.43 4.07 6.47 3.87 -1.93 -17.53 -21.83 -30.73
-34.23 -34.73 -24.03 -21.93 -3.33 4.57 6.97 2.77 -1.63 -12.63 -29.53 -29.43
-27.73 -33.43 -27.73 -23.73 -7.63 3.47 7.47 6.07 -1.63 -16.03 -27.23 -35.83
-24.03 -35.53 -32.83 -20.73 -5.63 3.67 7.67 4.67 -0.23 -16.13 -33.43 -32.43
-31.73 -31.33 -30.53 -22.53 -5.53 5.67 5.17 3.17 -0.13 -16.13 -26.83 -30.93
-30.93 -35.73 -31.13 -21.33 -8.83 2.87 7.77 4.57 -1.73 -15.43 -26.83 -32.73
-32.93 -28.13 -30.73 -21.73 -7.43 1.47 7.77 4.87 -1.13 -14.93 -30.83 -29.23
-36.83 -32.83 -34.33 -20.93 -10.03 3.87 7.17 3.37 -2.73 -14.83 -23.93 -32.83
-33.93 -35.13 -28.13 -22.93 -8.43 3.87 8.37 6.47 -0.33 -9.93 -26.43 -38.43
-36.93 -30.43 -29.43 -22.53 -8.83 2.17 6.67 5.57 -2.73 -15.63 -26.33 -36.33
-31.35 -37.95 -31.55 -26.55 -9.55 3.05 6.75 4.65 -1.25 -17.85 -29.55 -36.15
-29.75 -35.95 -36.55 -20.85 -8.45 3.85 7.85 6.55 -0.15 -15.35 -28.95 -30.55
-26.95 -36.45 -28.15 -21.45 -7.35 2.35 6.95 4.95 -2.55 -13.55 -24.35 -36.15
-27.25 -27.85 -29.65 -24.05 -8.25 3.25 6.45 3.25 -3.15 -15.15 -29.55 -34.55
-29.95 -31.15 -29.15 -23.65 -8.25 3.35 6.15 4.45 -1.25 -16.35 -32.75 -30.45
-32.25 -32.35 -28.15 -18.85 -5.75 4.45 6.35 4.15 -2.25 -12.65 -26.35 -34.05
-31.95 -26.75 -28.05 -22.55 -11.45 1.75 6.05 4.35 -2.05 -13.65 -30.65 -31.05
-31.75 -33.65 -29.15 -22.45 -7.75 2.45 7.45 4.45 -2.45 -18.15 -31.85 -24.75
-31.55 -40.25 -29.95 -22.55 -7.55 4.35 6.55 3.85 -1.05 -10.85 -23.55 -33.85
-30.65 -29.35 -35.45 -25.15 -10.45 2.15 8.05 3.35 -3.55 -17.55 -21.05 -28.65
-35.75 -28.95 -31.35 -19.15 -6.45 3.95 5.95 2.65 -3.85 -16.05 -22.15 -30.05
-31.95 -38.15 -28.45 -22.95 -7.35 2.45 7.45 4.95 -3.85 -13.65 -30.35 -38.35
-29.05 -32.75 -32.65 -20.65 -8.45 3.15 7.95 3.15 -1.75 -13.05 -29.65 -32.95
-39.65 -24.25 -27.45 -21.75 -7.85 4.75 6.75 4.45 -0.15 -13.15 -29.25 -30.45
-34.35 -40.25 -27.55 -16.05 -4.85 4.55 7.15 5.65 -2.15 -14.55 -25.45 -33.45
-35.02 -38.02 -35.02 -23.52 -8.62 1.88 5.98 3.28 -2.92 -15.52 -25.62 -34.52
-35.02 -28.32 -30.92 -20.12 -9.02 2.08 4.38 3.78 -1.92 -13.72 -26.22 -35.82
-35.72 -30.52 -29.62 -18.02 -6.32 3.38 4.78 3.98 -3.72 -17.52 -29.72 -34.42
-33.12 -33.42 -28.02 -22.62 -10.52 0.88 5.28 2.38 -3.42 -15.42 -29.52 -30.02
-23.12 -29.22 -32.12 -24.42 -13.02 0.78 5.08 3.68 -4.42 -14.22 -24.32 -34.52
-33.82 -35.32 -27.92 -22.22 -7.72 3.28 6.08 3.08 -1.72 -11.92 -27.22 -30.02
-32.72 -37.82 -29.52 -21.82 -10.22 1.38 7.48 4.88 -1.02 -12.32 -25.82 -32.72
-32.32 -36.02 -33.02 -22.02 -8.02 4.88 7.58 4.48 -1.22 -12.32 -23.52 -37.02
-30.22 -33.62 -30.72 -15.12 -6.42 3.28 6.58 2.48 -2.92 -15.32 -26.22 -37.32
-34.02 -34.32 -30.52 -22.72 -9.82 2.08 5.58 4.38 -3.12 -19.72 -28.32 -25.82
-27.62 -33.72 -31.62 -21.22 -7.92 3.08 7.38 2.08 -3.12 -15.72 -31.02 -31.92
-28.12 -33.32 -32.02 -19.92 -7.22 3.88 6.98 2.88 -1.92 -14.12 -26.32 -37.52
-34.82 -32.72 -27.52 -22.42 -11.32 3.68 6.18 4.68 -3.02 -16.82 -31.02 -30.12
-25.62 -31.52 -33.72 -21.22 -5.62 2.58 7.08 4.18 -1.32 -13.72 -22.92 -34.62
-33.02 -32.72 -23.22 -22.52 -9.02 3.28 7.78 3.78 -1.62 -13.82 -27.92 -28.32
-30.59 -33.89 -35.89 -22.59 -4.69 3.51 7.51 2.61 -3.09 -14.29 -26.19 -34.49
-28.69 -27.69 -25.19 -17.69 -7.89 3.21 6.81 4.21 -4.89 -16.19 -25.69 -30.49
-26.99 -30.59 -32.09 -20.49 -9.79 1.91 6.61 1.91 -2.79 -17.69 -25.99 -29.79
-40.89 -37.19 -32.89 -22.99 -8.69 5.91 6.51 4.31 -3.69 -15.29 -27.39 -29.59
-33.69 -36.99 -30.09 -21.79 -9.89 2.11 4.61 2.71 -5.49 -18.59 -24.69 -36.39
-32.99 -35.19 -30.29 -24.39 -8.49 4.01 6.41 3.81 -1.99 -17.59 -21.89 -30.79
-34.29 -34.79 -24.09 -21.99 -3.39 4.51 6.91 2.71 -1.69 -12.69 -29.59 -29.49
-27.79 -33.49 -27.79 -23.79 -7.69 3.41 7.41 6.01 -1.69 -16.09 -27.29 -35.89
-24.09 -35.59 -32.89 -20.79 -5.69 3.61 7.61 4.61 -0.29 -16.19 -33.49 -32.49
-31.79 -31.39 -30.59 -22.59 -5.59 5.61 5.11 3.11 -0.19 -16.19 -26.89 -30.99
-30.99 -35.79 -31.19 -21.39 -8.89 2.81 7.71 4.51 -1.79 -15.49 -26.89 -32.79
-32.99 -28.19 -30.79 -21.79 -7.49 1.41 7.71 4.81 -1.19 -14.99 -30.89 -29.29
-36.89 -32.89 -34.39 -20.99 -10.09 3.81 7.11 3.31 -2.79 -14.89 -23.99 -32.89
-33.99 -35.19 -28.19 -22.99 -8.49 3.81 8.31 6.41 -0.39 -9.99 -26.49 -38.49
-36.99 -30.49 -29.49 -22.59 -8.89 2.11 6.61 5.51 -2.79 -15.69 -26.39 -36.39
-31.45 -38.05 -31.65 -26.65 -9.65 2.95 6.65 4.55 -1.35 -17.95 -29.65 -36.25
-29.85 -36.05 -36.65 -20.95 -8.55 3.75 7.75 6.45 -0.25 -15.45 -29.05 -30.65
-27.05 -36.55 -28.25 -21.55 -7.45 2.25 6.85 4.85 -2.65 -13.65 -24.45 -36.25
-27.35 -27.95 -29.75 -24.15 -8.35 3.15 6.35 3.15 -3.25 -15.25 -29.65 -34.65
-30.05 -31.25 -29.25 -23.75 -8.35 3.25 6.05 4.35 -1.35 -16.45 -32.85 -30.55
-32.35 -32.45 -28.25 -18.95 -5.85 4.35 6.25 4.05 -2.35 -12.75 -26.45 -34.15
-32.05 -26.85 -28.15 -22.65 -11.55 1.65 5.95 4.25 -2.15 -13.75 -30.75 -31.15
-31.85 -33.75 -29.25 -22.55 -7.85 2.35 7.35 4.35 -2.55 -18.25 -31.95 -24.85
-31.65 -40.35 -30.05 -22.65 -7.65 4.25 6.45 3.75 -1.15 -10.95 -23.65 -33.95
-30.75 -29.45 -35.55 -25.25 -10.55 2.05 7.95 3.25 -3.65 -17.65 -21.15 -28.75
-35.85 -29.05 -31.45 -19.25 -6.55 3.85 5.85 2.55 -3.95 -16.15 -22.25 -30.15
-32.05 -38.25 -28.55 -23.05 -7.45 2.35 7.35 4.85 -3.95 -13.75 -30.45 -38.45
-29.15 -32.85 -32.75 -20.75 -8.55 3.05 7.85 3.05 -1.85 -13.15 -29.75 -33.05
-39.75 -24.35 -27.55 -21.85 -7.95 4.65 6.65 4.35 -0.25 -13.25 -29.35 -30.55
-34.45 -40.35 -27.65 -16.15 -4.95 4.45 7.05 5.55 -2.25 -14.65 -25.55 -33.55
-37.19 -38.09 -27.79 -21.99 -9.89 1.51 5.51 3.21 -4.19 -17.29 -29.69 -33.19
-36.79 -33.89 -27.59 -20.89 -10.69 2.11 6.61 3.21 -3.89 -15.49 -28.29 -33.59
-38.09 -33.59 -28.59 -21.99 -8.59 1.51 6.41 3.01 -4.09 -14.19 -29.29 -28.29
-36.19 -31.09 -31.29 -23.69 -8.79 2.71 6.41 3.61 -1.99 -14.19 -24.69 -28.69
-34.49 -34.39 -27.29 -21.79 -10.39 2.51 6.71 3.71 -1.79 -15.19 -26.39 -30.69
-36.89 -33.79 -33.89 -19.09 -9.69 3.71 7.11 4.31 -3.89 -14.89 -27.19 -36.29
-32.69 -30.19 -29.69 -23.39 -10.99 2.71 6.91 5.01 -1.09 -11.99 -23.19 -23.29
-30.79 -27.19 -31.39 -18.79 -11.39 2.61 7.11 2.91 -3.69 -16.19 -27.09 -32.29
-41.39 -33.09 -31.19 -21.79 -7.79 4.11 5.81 3.41 -0.79 -13.09 -25.49 -33.19
-29.89 -33.79 -29.09 -17.49 -5.39 4.11 6.71 4.11 -3.59 -14.09 -23.19 -32.49
-33.39 -31.79 -31.09 -22.29 -9.69 3.11 7.21 4.81 -1.79 -12.39 -27.89 -33.59
-28.59 -32.09 -32.79 -21.89 -10.69 2.01 5.81 2.51 -2.49 -15.99 -27.69 -32.39
-30.99 -34.39 -27.49 -19.59 -5.19 4.51 6.41 3.21 -2.29 -13.99 -24.49 -33.69
-34.89 -35.39 -30.29 -25.39 -6.89 3.11 6.41 5.11 -0.89 -12.29 -24.39 -31.19
-35.19 -35.59 -33.99 -16.29 -7.29 2.01 6.51 3.91 -2.49 -15.99 -24.89 -32.29
-31.41 -38.01 -31.61 -26.61 -9.61 2.99 6.69 4.59 -1.31 -17.91 -29.61 -36.21
-29.81 -36.01 -36.61 -20.91 -8.51 3.79 7.79 6.49 -0.21 -15.41 -29.01 -30.61
-27.01 -36.51 -28.21 -21.51 -7.41 2.29 6.89 4.89 -2.61 -13.61 -24.41 -36.21
-27.31 -27.91 -29.71 -24.11 -8.31 3.19 6.39 3.19 -3.21 -15.21 -29.61 -34.61
-30.01 -31.21 -29.21 -23.71 -8.31 3.29 6.09 4.39 -1.31 -16.41 -32.81 -30.51
-32.31 -32.41 -28.21 -18.91 -5.81 4.39 6.29 4.09 -2.31 -12.71 -26.41 -34.11
-32.01 -26.81 -28.11 -22.61 -11.51 1.69 5.99 4.29 -2.11 -13.71 -30.71 -31.11
-31.81 -33.71 -29.21 -22.51 -7.81 2.39 7.39 4.39 -2.51 -18.21 -31.91 -24.81
-31.61 -40.31 -30.01 -22.61 -7.61 4.29 6.49 3.79 -1.11 -10.91 -23.61 -33.91
-30.71 -29.41 -35.51 -25.21 -10.51 2.09 7.99 3.29 -3.61 -17.61 -21.11 -28.71
-35.81 -29.01 -31.41 -19.21 -6.51 3.89 5.89 2.59 -3.91 -16.11 -22.21 -30.11
-32.01 -38.21 -28.51 -23.01 -7.41 2.39 7.39 4.89 -3.91 -13.71 -30.41 -38.41
-29.11 -32.81 -32.71 -20.71 -8.51 3.09 7.89 3.09 -1.81 -13.11 -29.71 -33.01
-39.71 -24.31 -27.51 -21.81 -7.91 4.69 6.69 4.39 -0.21 -13.21 -29.31 -30.51
-34.41 -40.31 -27.61 -16.11 -4.91 4.49 7.09 5.59 -2.21 -14.61 -25.51 -33.51
-35 -38 -35 -23.5 -8.6 1.9 6 3.3 -2.9 -15.5 -25.6 -34.5
-35 -28.3 -30.9 -20.1 -9 2.1 4.4 3.8 -1.9 -13.7 -26.2 -35.8
-35.7 -30.5 -29.6 -18 -6.3 3.4 4.8 4 -3.7 -17.5 -29.7 -34.4
-33.1 -33.4 -28 -22.6 -10.5 0.9 5.3 2.4 -3.4 -15.4 -29.5 -30
-23.1 -29.2 -32.1 -24.4 -13 0.8 5.1 3.7 -4.4 -14.2 -24.3 -34.5
-33.8 -35.3 -27.9 -22.2 -7.7 3.3 6.1 3.1 -1.7 -11.9 -27.2 -30
-32.7 -37.8 -29.5 -21.8 -10.2 1.4 7.5 4.9 -1 -12.3 -25.8 -32.7
-32.3 -36 -33 -22 -8 4.9 7.6 4.5 -1.2 -12.3 -23.5 -37
-30.2 -33.6 -30.7 -15.1 -6.4 3.3 6.6 2.5 -2.9 -15.3 -26.2 -37.3
-34 -34.3 -30.5 -22.7 -9.8 2.1 5.6 4.4 -3.1 -19.7 -28.3 -25.8
-27.6 -33.7 -31.6 -21.2 -7.9 3.1 7.4 2.1 -3.1 -15.7 -31 -31.9
-28.1 -33.3 -32 -19.9 -7.2 3.9 7 2.9 -1.9 -14.1 -26.3 -37.5
-34.8 -32.7 -27.5 -22.4 -11.3 3.7 6.2 4.7 -3 -16.8 -31 -30.1
-25.6 -31.5 -33.7 -21.2 -5.6 2.6 7.1 4.2 -1.3 -13.7 -22.9 -34.6
-33 -32.7 -23.2 -22.5 -9 3.3 7.8 3.8 -1.6 -13.8 -27.9 -28.3
-31.65 -38.25 -31.85 -26.85 -9.85 2.75 6.45 4.35 -1.55 -18.15 -29.85 -36.45
-30.05 -36.25 -36.85 -21.15 -8.75 3.55 7.55 6.25 -0.45 -15.65 -29.25 -30.85
-27.25 -36.75 -28.45 -21.75 -7.65 2.05 6.65 4.65 -2.85 -13.85 -24.65 -36.45
-27.55 -28.15 -29.95 -24.35 -8.55 2.95 6.15 2.95 -3.45 -15.45 -29.85 -34.85
-30.25 -31.45 -29.45 -23.95 -8.55 3.05 5.85 4.15 -1.55 -16.65 -33.05 -30.75
-32.55 -32.65 -28.45 -19.15 -6.05 4.15 6.05 3.85 -2.55 -12.95 -26.65 -34.35
-32.25 -27.05 -28.35 -22.85 -11.75 1.45 5.75 4.05 -2.35 -13.95 -30.95 -31.35
-32.05 -33.95 -29.45 -22.75 -8.05 2.15 7.15 4.15 -2.75 -18.45 -32.15 -25.05
-31.85 -40.55 -30.25 -22.85 -7.85 4.05 6.25 3.55 -1.35 -11.15 -23.85 -34.15
-30.95 -29.65 -35.75 -25.45 -10.75 1.85 7.75 3.05 -3.85 -17.85 -21.35 -28.95
-36.05 -29.25 -31.65 -19.45 -6.75 3.65 5.65 2.35 -4.15 -16.35 -22.45 -30.35
-32.25 -38.45 -28.75 -23.25 -7.65 2.15 7.15 4.65 -4.15 -13.95 -30.65 -38.65
-29.35 -33.05 -32.95 -20.95 -8.75 2.85 7.65 2.85 -2.05 -13.35 -29.95 -33.25
-39.95 -24.55 -27.75 -22.05 -8.15 4.45 6.45 4.15 -0.45 -13.45 -29.55 -30.75
-34.65 -40.55 -27.85 -16.35 -5.15 4.25 6.85 5.35 -2.45 -14.85 -25.75 -33.75
-40.58 -34.48 -34.78 -16.78 -7.78 4.42 7.72 4.22 -1.28 -12.38 -23.38 -26.08
-36.08 -40.18 -31.78 -21.58 -7.88 3.32 8.62 3.92 -3.28 -17.48 -25.48 -33.28
-42.28 -37.08 -28.58 -21.48 -9.38 1.82 7.22 4.42 -0.58 -10.68 -22.68 -33.58
-38.28 -23.28 -22.78 -22.58 -8.08 1.42 7.92 3.52 -2.38 -14.78 -25.28 -31.48
-30.58 -32.68 -26.58 -19.78 -12.38 2.32 5.72 4.12 -1.78 -13.78 -30.88 -35.08
-38.38 -35.88 -27.58 -18.98 -12.28 2.02 4.32 5.02 0.12 -12.38 -26.28 -24.58
-31.08 -36.38 -30.28 -23.58 -6.78 2.92 6.62 3.82 -2.58 -13.38 -30.38 -38.28
-37.58 -28.38 -30.08 -28.58 -9.18 3.82 8.22 4.22 -1.58 -11.98 -29.28 -29.38
-27.38 -30.18 -34.98 -18.28 -9.88 1.62 7.22 5.62 -0.68 -12.28 -22.68 -34.98
-42.78 -30.48 -33.58 -22.88 -10.18 1.32 7.62 4.72 1.02 -13.68 -28.08 -30.28
-32.28 -35.08 -33.98 -21.38 -10.38 4.32 7.82 5.12 -1.28 -14.18 -26.38 -31.58
-30.98 -32.18 -29.38 -20.98 -6.88 4.32 7.82 5.12 -1.28 -14.18 -26.38 -36.48
-37.58 -32.18 -23.88 -19.98 -6.98 3.22 7.72 5.12 -1.28 -14.18 -26.38 -31.58
-30.98 -32.18 -29.38 -20.98 -6.88 4.32 7.82 5.12 -1.28 -14.18 -26.38 -31.58
-39.08 -36.08 -31.78 -22.28 -6.48 3.92 7.22 5.72 -1.78 -13.58 -27.88 -35.48
-31.26 -37.86 -31.46 -26.46 -9.46 3.14 6.84 4.74 -1.16 -17.76 -29.46 -36.06
-29.66 -35.86 -36.46 -20.76 -8.36 3.94 7.94 6.64 -0.06 -15.26 -28.86 -30.46
-26.86 -36.36 -28.06 -21.36 -7.26 2.44 7.04 5.04 -2.46 -13.46 -24.26 -36.06
-27.16 -27.76 -29.56 -23.96 -8.16 3.34 6.54 3.34 -3.06 -15.06 -29.46 -34.46
-29.86 -31.06 -29.06 -23.56 -8.16 3.44 6.24 4.54 -1.16 -16.26 -32.66 -30.36
-32.16 -32.26 -28.06 -18.76 -5.66 4.54 6.44 4.24 -2.16 -12.56 -26.26 -33.96
-31.86 -26.66 -27.96 -22.46 -11.36 1.84 6.14 4.44 -1.96 -13.56 -30.56 -30.96
-31.66 -33.56 -29.06 -22.36 -7.66 2.54 7.54 4.54 -2.36 -18.06 -31.76 -24.66
-31.46 -40.16 -29.86 -22.46 -7.46 4.44 6.64 3.94 -0.96 -10.76 -23.46 -33.76
-30.56 -29.26 -35.36 -25.06 -10.36 2.24 8.14 3.44 -3.46 -17.46 -20.96 -28.56
-35.66 -28.86 -31.26 -19.06 -6.36 4.04 6.04 2.74 -3.76 -15.96 -22.06 -29.96
-31.86 -38.06 -28.36 -22.86 -7.26 2.54 7.54 5.04 -3.76 -13.56 -30.26 -38.26
-28.96 -32.66 -32.56 -20.56 -8.36 3.24 8.04 3.24 -1.66 -12.96 -29.56 -32.86
-39.56 -24.16 -27.36 -21.66 -7.76 4.84 6.84 4.54 -0.06 -13.06 -29.16 -30.36
-34.26 -40.16 -27.46 -15.96 -4.76 4.64 7.24 5.74 -2.06 -14.46 -25.36 -33.36
-35.14 -38.14 -35.14 -23.64 -8.74 1.76 5.86 3.16 -3.04 -15.64 -25.74 -34.64
-35.14 -28.44 -31.04 -20.24 -9.14 1.96 4.26 3.66 -2.04 -13.84 -26.34 -35.94
-35.84 -30.64 -29.74 -18.14 -6.44 3.26 4.66 3.86 -3.84 -17.64 -29.84 -34.54
-33.24 -33.54 -28.14 -22.74 -10.64 0.76 5.16 2.26 -3.54 -15.54 -29.64 -30.14
-23.24 -29.34 -32.24 -24.54 -13.14 0.66 4.96 3.56 -4.54 -14.34 -24.44 -34.64
-33.94 -35.44 -28.04 -22.34 -7.84 3.16 5.96 2.96 -1.84 -12.04 -27.34 -30.14
-32.84 -37.94 -29.64 -21.94 -10.34 1.26 7.36 4.76 -1.14 -12.44 -25.94 -32.84
-32.44 -36.14 -33.14 -22.14 -8.14 4.76 7.46 4.36 -1.34 -12.44 -23.64 -37.14
-30.34 -33.74 -30.84 -15.24 -6.54 3.16 6.46 2.36 -3.04 -15.44 -26.34 -37.44
-34.14 -34.44 -30.64 -22.84 -9.94 1.96 5.46 4.26 -3.24 -19.84 -28.44 -25.94
-27.74 -33.84 -31.74 -21.34 -8.04 2.96 7.26 1.96 -3.24 -15.84 -31.14 -32.04
-28.24 -33.44 -32.14 -20.04 -7.34 3.76 6.86 2.76 -2.04 -14.24 -26.44 -37.64
-34.94 -32.84 -27.64 -22.54 -11.44 3.56 6.06 4.56 -3.14 -16.94 -31.14 -30.24
-25.74 -31.64 -33.84 -21.34 -5.74 2.46 6.96 4.06 -1.44 -13.84 -23.04 -34.74
-33.14 -32.84 -23.34 -22.64 -9.14 3.16 7.66 3.66 -1.74 -13.94 -28.04 -28.44
-35.15 -38.15 -35.15 -23.65 -8.75 1.75 5.85 3.15 -3.05 -15.65 -25.75 -34.65
-35.15 -28.45 -31.05 -20.25 -9.15 1.95 4.25 3.65 -2.05 -13.85 -26.35 -35.95
-35.85 -30.65 -29.75 -18.15 -6.45 3.25 4.65 3.85 -3.85 -17.65 -29.85 -34.55
-33.25 -33.55 -28.15 -22.75 -10.65 0.75 5.15 2.25 -3.55 -15.55 -29.65 -30.15
-23.25 -29.35 -32.25 -24.55 -13.15 0.65 4.95 3.55 -4.55 -14.35 -24.45 -34.65
-33.95 -35.45 -28.05 -22.35 -7.85 3.15 5.95 2.95 -1.85 -12.05 -27.35 -30.15
-32.85 -37.95 -29.65 -21.95 -10.35 1.25 7.35 4.75 -1.15 -12.45 -25.95 -32.85
-32.45 -36.15 -33.15 -22.15 -8.15 4.75 7.45 4.35 -1.35 -12.45 -23.65 -37.15
-30.35 -33.75 -30.85 -15.25 -6.55 3.15 6.45 2.35 -3.05 -15.45 -26.35 -37.45
-34.15 -34.45 -30.65 -22.85 -9.95 1.95 5.45 4.25 -3.25 -19.85 -28.45 -25.95
-27.75 -33.85 -31.75 -21.35 -8.05 2.95 7.25 1.95 -3.25 -15.85 -31.15 -32.05
-28.25 -33.45 -32.15 -20.05 -7.35 3.75 6.85 2.75 -2.05 -14.25 -26.45 -37.65
-34.95 -32.85 -27.65 -22.55 -11.45 3.55 6.05 4.55 -3.15 -16.95 -31.15 -30.25
-25.75 -31.65 -33.85 -21.35 -5.75 2.45 6.95 4.05 -1.45 -13.85 -23.05 -34.75
-33.15 -32.85 -23.35 -22.65 -9.15 3.15 7.65 3.65 -1.75 -13.95 -28.05 -28.45
-34.84 -37.84 -34.84 -23.34 -8.44 2.06 6.16 3.46 -2.74 -15.34 -25.44 -34.34
-34.84 -28.14 -30.74 -19.94 -8.84 2.26 4.56 3.96 -1.74 -13.54 -26.04 -35.64
-35.54 -30.34 -29.44 -17.84 -6.14 3.56 4.96 4.16 -3.54 -17.34 -29.54 -34.24
-32.94 -33.24 -27.84 -22.44 -10.34 1.06 5.46 2.56 -3.24 -15.24 -29.34 -29.84
-22.94 -29.04 -31.94 -24.24 -12.84 0.96 5.26 3.86 -4.24 -14.04 -24.14 -34.34
-33.64 -35.14 -27.74 -22.04 -7.54 3.46 6.26 3.26 -1.54 -11.74 -27.04 -29.84
-32.54 -37.64 -29.34 -21.64 -10.04 1.56 7.66 5.06 -0.84 -12.14 -25.64 -32.54
-32.14 -35.84 -32.84 -21.84 -7.84 5.06 7.76 4.66 -1.04 -12.14 -23.34 -36.84
-30.04 -33.44 -30.54 -14.94 -6.24 3.46 6.76 2.66 -2.74 -15.14 -26.04 -37.14
-33.84 -34.14 -30.34 -22.54 -9.64 2.26 5.76 4.56 -2.94 -19.54 -28.14 -25.64
-27.44 -33.54 -31.44 -21.04 -7.74 3.26 7.56 2.26 -2.94 -15.54 -30.84 -31.74
-27.94 -33.14 -31.84 -19.74 -7.04 4.06 7.16 3.06 -1.74 -13.94 -26.14 -37.34
-34.64 -32.54 -27.34 -22.24 -11.14 3.86 6.36 4.86 -2.84 -16.64 -30.84 -29.94
-25.44 -31.34 -33.54 -21.04 -5.44 2.76 7.26 4.36 -1.14 -13.54 -22.74 -34.44
-32.84 -32.54 -23.04 -22.34 -8.84 3.46 7.96 3.96 -1.44 -13.64 -27.74 -28.14
-30.61 -31.51 -33.21 -25.21 -13.11 1.39 6.79 3.69 -2.71 -14.51 -33.11 -41.21
-40.91 -24.31 -25.91 -18.81 -5.01 2.99 5.59 3.19 -3.11 -14.91 -28.31 -32.31
-40.71 -30.51 -27.01 -23.01 -7.91 3.19 6.39 5.39 -3.01 -14.91 -30.51 -36.61
-41.11 -38.51 -27.41 -25.51 -9.41 2.09 6.99 3.19 -2.31 -14.81 -27.01 -32.21
-39.41 -38.51 -33.91 -21.61 -7.51 3.69 7.19 4.49 -1.91 -14.81 -27.01 -32.21
-31.61 -32.81 -30.01 -21.61 -7.51 3.69 7.19 4.49 -1.91 -14.81 -27.01 -32.21
-31.51 -32.31 -30.01 -21.51 -8.21 3.69 7.19 4.49 -1.91 -14.81 -27.01 -32.21
-31.61 -32.81 -30.01 -21.61 -7.51 3.69 7.19 4.49 -1.91 -14.81 -27.31 -32.91
-32.61 -32.71 -30.31 -22.71 -7.51 3.49 7.19 4.49 -1.91 -14.81 -27.01 -32.21
-31.61 -32.81 -30.01 -21.61 -7.51 3.69 7.19 4.49 -1.91 -14.81 -27.01 -32.21
-31.61 -32.81 -27.11 -19.51 -8.91 4.59 7.19 4.99 0.79 -12.61 -23.91 -35.01
-33.51 -33.71 -33.01 -22.51 -9.01 4.59 8.09 5.99 -1.61 -15.21 -21.21 -27.31
-33.31 -31.61 -31.71 -20.01 -8.61 3.39 6.99 4.19 -2.21 -14.71 -30.31 -33.71
-29.51 -28.91 -32.31 -21.61 -8.31 2.89 6.19 3.99 -2.61 -17.11 -30.11 -32.21
-23.71 -35.81 -32.81 -20.51 -9.11 3.59 6.99 4.59 -2.41 -13.41 -27.61 -34.41
-31.75 -38.35 -31.95 -26.95 -9.95 2.65 6.35 4.25 -1.65 -18.25 -29.95 -36.55
-30.15 -36.35 -36.95 -21.25 -8.85 3.45 7.45 6.15 -0.55 -15.75 -29.35 -30.95
-27.35 -36.85 -28.55 -21.85 -7.75 1.95 6.55 4.55 -2.95 -13.95 -24.75 -36.55
-27.65 -28.25 -30.05 -24.45 -8.65 2.85 6.05 2.85 -3.55 -15.55 -29.95 -34.95
-30.35 -31.55 -29.55 -24.05 -8.65 2.95 5.75 4.05 -1.65 -16.75 -33.15 -30.85
-32.65 -32.75 -28.55 -19.25 -6.15 4.05 5.95 3.75 -2.65 -13.05 -26.75 -34.45
-32.35 -27.15 -28.45 -22.95 -11.85 1.35 5.65 3.95 -2.45 -14.05 -31.05 -31.45
-32.15 -34.05 -29.55 -22.85 -8.15 2.05 7.05 4.05 -2.85 -18.55 -32.25 -25.15
-31.95 -40.65 -30.35 -22.95 -7.95 3.95 6.15 3.45 -1.45 -11.25 -23.95 -34.25
-31.05 -29.75 -35.85 -25.55 -10.85 1.75 7.65 2.95 -3.95 -17.95 -21.45 -29.05
-36.15 -29.35 -31.75 -19.55 -6.85 3.55 5.55 2.25 -4.25 -16.45 -22.55 -30.45
-32.35 -38.55 -28.85 -23.35 -7.75 2.05 7.05 4.55 -4.25 -14.05 -30.75 -38.75
-29.45 -33.15 -33.05 -21.05 -8.85 2.75 7.55 2.75 -2.15 -13.45 -30.05 -33.35
-40.05 -24.65 -27.85 -22.15 -8.25 4.35 6.35 4.05 -0.55 -13.55 -29.65 -30.85
-34.75 -40.65 -27.95 -16.45 -5.25 4.15 6.75 5.25 -2.55 -14.95 -25.85 -33.85
-30.65 -31.55 -33.25 -25.25 -13.15 1.35 6.75 3.65 -2.75 -14.55 -33.15 -41.25
-40.95 -24.35 -25.95 -18.85 -5.05 2.95 5.55 3.15 -3.15 -14.95 -28.35 -32.35
-40.75 -30.55 -27.05 -23.05 -7.95 3.15 6.35 5.35 -3.05 -14.95 -30.55 -36.65
-41.15 -38.55 -27.45 -25.55 -9.45 2.05 6.95 3.15 -2.35 -14.85 -27.05 -32.25
-39.45 -38.55 -33.95 -21.65 -7.55 3.65 7.15 4.45 -1.95 -14.85 -27.05 -32.25
-31.65 -32.85 -30.05 -21.65 -7.55 3.65 7.15 4.45 -1.95 -14.85 -27.05 -32.25
-31.55 -32.35 -30.05 -21.55 -8.25 3.65 7.15 4.45 -1.95 -14.85 -27.05 -32.25
-31.65 -32.85 -30.05 -21.65 -7.55 3.65 7.15 4.45 -1.95 -14.85 -27.35 -32.95
-32.65 -32.75 -30.35 -22.75 -7.55 3.45 7.15 4.45 -1.95 -14.85 -27.05 -32.25
-31.65 -32.85 -30.05 -21.65 -7.55 3.65 7.15 4.45 -1.95 -14.85 -27.05 -32.25
-31.65 -32.85 -27.15 -19.55 -8.95 4.55 7.15 4.95 0.75 -12.65 -23.95 -35.05
-33.55 -33.75 -33.05 -22.55 -9.05 4.55 8.05 5.95 -1.65 -15.25 -21.25 -27.35
-33.35 -31.65 -31.75 -20.05 -8.65 3.35 6.95 4.15 -2.25 -14.75 -30.35 -33.75
-29.55 -28.95 -32.35 -21.65 -8.35 2.85 6.15 3.95 -2.65 -17.15 -30.15 -32.25
-23.75 -35.85 -32.85 -20.55 -9.15 3.55 6.95 4.55 -2.45 -13.45 -27.65 -34.45
-37.1 -38 -27.7 -21.9 -9.8 1.6 5.6 3.3 -4.1 -17.2 -29.6 -33.1
-36.7 -33.8 -27.5 -20.8 -10.6 2.2 6.7 3.3 -3.8 -15.4 -28.2 -33.5
-38 -33.5 -28.5 -21.9 -8.5 1.6 6.5 3.1 -4 -14.1 -29.2 -28.2
-36.1 -31 -31.2 -23.6 -8.7 2.8 6.5 3.7 -1.9 -14.1 -24.6 -28.6
-34.4 -34.3 -27.2 -21.7 -10.3 2.6 6.8 3.8 -1.7 -15.1 -26.3 -30.6
-36.8 -33.7 -33.8 -19 -9.6 3.8 7.2 4.4 -3.8 -14.8 -27.1 -36.2
-32.6 -30.1 -29.6 -23.3 -10.9 2.8 7 5.1 -1 -11.9 -23.1 -23.2
-30.7 -27.1 -31.3 -18.7 -11.3 2.7 7.2 3 -3.6 -16.1 -27 -32.2
-41.3 -33 -31.1 -21.7 -7.7 4.2 5.9 3.5 -0.7 -13 -25.4 -33.1
-29.8 -33.7 -29 -17.4 -5.3 4.2 6.8 4.2 -3.5 -14 -23.1 -32.4
-33.3 -31.7 -31 -22.2 -9.6 3.2 7.3 4.9 -1.7 -12.3 -27.8 -33.5
-28.5 -32 -32.7 -21.8 -10.6 2.1 5.9 2.6 -2.4 -15.9 -27.6 -32.3
-30.9 -34.3 -27.4 -19.5 -5.1 4.6 6.5 3.3 -2.2 -13.9 -24.4 -33.6
-34.8 -35.3 -30.2 -25.3 -6.8 3.2 6.5 5.2 -0.8 -12.2 -24.3 -31.1
-35.1 -35.5 -33.9 -16.2 -7.2 2.1 6.6 4 -2.4 -15.9 -24.8 -32.2
-37.26 -38.16 -27.86 -22.06 -9.96 1.44 5.44 3.14 -4.26 -17.36 -29.76 -33.26
-36.86 -33.96 -27.66 -20.96 -10.76 2.04 6.54 3.14 -3.96 -15.56 -28.36 -33.66
-38.16 -33.66 -28.66 -22.06 -8.66 1.44 6.34 2.94 -4.16 -14.26 -29.36 -28.36
-36.26 -31.16 -31.36 -23.76 -8.86 2.64 6.34 3.54 -2.06 -14.26 -24.76 -28.76
-34.56 -34.46 -27.36 -21.86 -10.46 2.44 6.64 3.64 -1.86 -15.26 -26.46 -30.76
-36.96 -33.86 -33.96 -19.16 -9.76 3.64 7.04 4.24 -3.96 -14.96 -27.26 -36.36
-32.76 -30.26 -29.76 -23.46 -11.06 2.64 6.84 4.94 -1.16 -12.06 -23.26 -23.36
-30.86 -27.26 -31.46 -18.86 -11.46 2.54 7.04 2.84 -3.76 -16.26 -27.16 -32.36
-41.46 -33.16 -31.26 -21.86 -7.86 4.04 5.74 3.34 -0.86 -13.16 -25.56 -33.26
-29.96 -33.86 -29.16 -17.56 -5.46 4.04 6.64 4.04 -3.66 -14.16 -23.26 -32.56
-33.46 -31.86 -31.16 -22.36 -9.76 3.04 7.14 4.74 -1.86 -12.46 -27.96 -33.66
-28.66 -32.16 -32.86 -21.96 -10.76 1.94 5.74 2.44 -2.56 -16.06 -27.76 -32.46
-31.06 -34.46 -27.56 -19.66 -5.26 4.44 6.34 3.14 -2.36 -14.06 -24.56 -33.76
-34.96 -35.46 -30.36 -25.46 -6.96 3.04 6.34 5.04 -0.96 -12.36 -24.46 -31.26
-35.26 -35.66 -34.06 -16.36 -7.36 1.94 6.44 3.84 -2.56 -16.06 -24.96 -32.36
-30.52 -33.82 -35.82 -22.52 -4.62 3.58 7.58 2.68 -3.02 -14.22 -26.12 -34.42
-28.62 -27.62 -25.12 -17.62 -7.82 3.28 6.88 4.28 -4.82 -16.12 -25.62 -30.42
-26.92 -30.52 -32.02 -20.42 -9.72 1.98 6.68 1.98 -2.72 -17.62 -25.92 -29.72
-40.82 -37.12 -32.82 -22.92 -8.62 5.98 6.58 4.38 -3.62 -15.22 -27.32 -29.52
-33.62 -36.92 -30.02 -21.72 -9.82 2.18 4.68 2.78 -5.42 -18.52 -24.62 -36.32
-32.92 -35.12 -30.22 -24.32 -8.42 4.08 6.48 3.88 -1.92 -17.52 -21.82 -30.72
-34.22 -34.72 -24.02 -21.92 -3.32 4.58 6.98 2.78 -1.62 -12.62 -29.52 -29.42
-27.72 -33.42 -27.72 -23.72 -7.62 3.48 7.48 6.08 -1.62 -16.02 -27.22 -35.82
-24.02 -35.52 -32.82 -20.72 -5.62 3.68 7.68 4.68 -0.22 -16.12 -33.42 -32.42
-31.72 -31.32 -30.52 -22.52 -5.52 5.68 5.18 3.18 -0.12 -16.12 -26.82 -30.92
-30.92 -35.72 -31.12 -21.32 -8.82 2.88 7.78 4.58 -1.72 -15.42 -26.82 -32.72
-32.92 -28.12 -30.72 -21.72 -7.42 1.48 7.78 4.88 -1.12 -14.92 -30.82 -29.22
-36.82 -32.82 -34.32 -20.92 -10.02 3.88 7.18 3.38 -2.72 -14.82 -23.92 -32.82
-33.92 -35.12 -28.12 -22.92 -8.42 3.88 8.38 6.48 -0.32 -9.92 -26.42 -38.42
-36.92 -30.42 -29.42 -22.52 -8.82 2.18 6.68 5.58 -2.72 -15.62 -26.32 -36.32
-30.81 -34.11 -36.11 -22.81 -4.91 3.29 7.29 2.39 -3.31 -14.51 -26.41 -34.71
-28.91 -27.91 -25.41 -17.91 -8.11 2.99 6.59 3.99 -5.11 -16.41 -25.91 -30.71
-27.21 -30.81 -32.31 -20.71 -10.01 1.69 6.39 1.69 -3.01 -17.91 -26.21 -30.01
-41.11 -37.41 -33.11 -23.21 -8.91 5.69 6.29 4.09 -3.91 -15.51 -27.61 -29.81
-33.91 -37.21 -30.31 -22.01 -10.11 1.89 4.39 2.49 -5.71 -18.81 -24.91 -36.61
-33.21 -35.41 -30.51 -24.61 -8.71 3.79 6.19 3.59 -2.21 -17.81 -22.11 -31.01
-34.51 -35.01 -24.31 -22.21 -3.61 4.29 6.69 2.49 -1.91 -12.91 -29.81 -29.71
-28.01 -33.71 -28.01 -24.01 -7.91 3.19 7.19 5.79 -1.91 -16.31 -27.51 -36.11
-24.31 -35.81 -33.11 -21.01 -5.91 3.39 7.39 4.39 -0.51 -16.41 -33.71 -32.71
-32.01 -31.61 -30.81 -22.81 -5.81 5.39 4.89 2.89 -0.41 -16.41 -27.11 -31.21
-31.21 -36.01 -31.41 -21.61 -9.11 2.59 7.49 4.29 -2.01 -15.71 -27.11 -33.01
-33.21 -28.41 -31.01 -22.01 -7.71 1.19 7.49 4.59 -1.41 -15.21 -31.11 -29.51
-37.11 -33.11 -34.61 -21.21 -10.31 3.59 6.89 3.09 -3.01 -15.11 -24.21 -33.11
-34.21 -35.41 -28.41 -23.21 -8.71 3.59 8.09 6.19 -0.61 -10.21 -26.71 -38.71
-37.21 -30.71 -29.71 -22.81 -9.11 1.89 6.39 5.29 -3.01 -15.91 -26.61 -36.61
-31.58 -38.18 -31.78 -26.78 -9.78 2.82 6.52 4.42 -1.48 -18.08 -29.78 -36.38
-29.98 -36.18 -36.78 -21.08 -8.68 3.62 7.62 6.32 -0.38 -15.58 -29.18 -30.78
-27.18 -36.68 -28.38 -21.68 -7.58 2.12 6.72 4.72 -2.78 -13.78 -24.58 -36.38
-27.48 -28.08 -29.88 -24.28 -8.48 3.02 6.22 3.02 -3.38 -15.38 -29.78 -34.78
-30.18 -31.38 -29.38 -23.88 -8.48 3.12 5.92 4.22 -1.48 -16.58 -32.98 -30.68
-32.48 -32.58 -28.38 -19.08 -5.98 4.22 6.12 3.92 -2.48 -12.88 -26.58 -34.28
-32.18 -26.98 -28.28 -22.78 -11.68 1.52 5.82 4.12 -2.28 -13.88 -30.88 -31.28
-31.98 -33.88 -29.38 -22.68 -7.98 2.22 7.22 4.22 -2.68 -18.38 -32.08 -24.98
-31.78 -40.48 -30.18 -22.78 -7.78 4.12 6.32 3.62 -1.28 -11.08 -23.78 -34.08
-30.88 -29.58 -35.68 -25.38 -10.68 1.92 7.82 3.12 -3.78 -17.78 -21.28 -28.88
-35.98 -29.18 -31.58 -19.38 -6.68 3.72 5.72 2.42 -4.08 -16.28 -22.38 -30.28
-32.18 -38.38 -28.68 -23.18 -7.58 2.22 7.22 4.72 -4.08 -13.88 -30.58 -38.58
-29.28 -32.98 -32.88 -20.88 -8.68 2.92 7.72 2.92 -1.98 -13.28 -29.88 -33.18
-39.88 -24.48 -27.68 -21.98 -8.08 4.52 6.52 4.22 -0.38 -13.38 -29.48 -30.68
-34.58 -40.48 -27.78 -16.28 -5.08 4.32 6.92 5.42 -2.38 -14.78 -25.68 -33.68
-30.75 -34.05 -36.05 -22.75 -4.85 3.35 7.35 2.45 -3.25 -14.45 -26.35 -34.65
-28.85 -27.85 -25.35 -17.85 -8.05 3.05 6.65 4.05 -5.05 -16.35 -25.85 -30.65
-27.15 -30.75 -32.25 -20.65 -9.95 1.75 6.45 1.75 -2.95 -17.85 -26.15 -29.95
-41.05 -37.35 -33.05 -23.15 -8.85 5.75 6.35 4.15 -3.85 -15.45 -27.55 -29.75
-33.85 -37.15 -30.25 -21.95 -10.05 1.95 4.45 2.55 -5.65 -18.75 -24.85 -36.55
-33.15 -35.35 -30.45 -24.55 -8.65 3.85 6.25 3.65 -2.15 -17.75 -22.05 -30.95
-34.45 -34.95 -24.25 -22.15 -3.55 4.35 6.75 2.55 -1.85 -12.85 -29.75 -29.65
-27.95 -33.65 -27.95 -23.95 -7.85 3.25 7.25 5.85 -1.85 -16.25 -27.45 -36.05
-24.25 -35.75 -33.05 -20.95 -5.85 3.45 7.45 4.45 -0.45 -16.35 -33.65 -32.65
-31.95 -31.55 -30.75 -22.75 -5.75 5.45 4.95 2.95 -0.35 -16.35 -27.05 -31.15
-31.15 -35.95 -31.35 -21.55 -9.05 2.65 7.55 4.35 -1.95 -15.65 -27.05 -32.95
-33.15 -28.35 -30.95 -21.95 -7.65 1.25 7.55 4.65 -1.35 -15.15 -31.05 -29.45
-37.05 -33.05 -34.55 -21.15 -10.25 3.65 6.95 3.15 -2.95 -15.05 -24.15 -33.05
-34.15 -35.35 -28.35 -23.15 -8.65 3.65 8.15 6.25 -0.55 -10.15 -26.65 -38.65
-37.15 -30.65 -29.65 -22.75 -9.05 1.95 6.45 5.35 -2.95 -15.85 -26.55 -36.55
-34.98 -37.98 -34.98 -23.48 -8.58 1.92 6.02 3.32 -2.88 -15.48 -25.58 -34.48
-34.98 -28.28 -30.88 -20.08 -8.98 2.12 4.42 3.82 -1.88 -13.68 -26.18 -35.78
-35.68 -30.48 -29.58 -17.98 -6.28 3.42 4.82 4.02 -3.68 -17.48 -29.68 -34.38
-33.08 -33.38 -27.98 -22.58 -10.48 0.92 5.32 2.42 -3.38 -15.38 -29.48 -29.98
-23.08 -29.18 -32.08 -24.38 -12.98 0.82 5.12 3.72 -4.38 -14.18 -24.28 -34.48
-33.78 -35.28 -27.88 -22.18 -7.68 3.32 6.12 3.12 -1.68 -11.88 -27.18 -29.98
-32.68 -37.78 -29.48 -21.78 -10.18 1.42 7.52 4.92 -0.98 -12.28 -25.78 -32.68
-32.28 -35.98 -32.98 -21.98 -7.98 4.92 7.62 4.52 -1.18 -12.28 -23.48 -36.98
-30.18 -33.58 -30.68 -15.08 -6.38 3.32 6.62 2.52 -2.88 -15.28 -26.18 -37.28
-33.98 -34.28 -30.48 -22.68 -9.78 2.12 5.62 4.42 -3.08 -19.68 -28.28 -25.78
-27.58 -33.68 -31.58 -21.18 -7.88 3.12 7.42 2.12 -3.08 -15.68 -30.98 -31.88
-28.08 -33.28 -31.98 -19.88 -7.18 3.92 7.02 2.92 -1.88 -14.08 -26.28 -37.48
-34.78 -32.68 -27.48 -22.38 -11.28 3.72 6.22 4.72 -2.98 -16.78 -30.98 -30.08
-25.58 -31.48 -33.68 -21.18 -5.58 2.62 7.12 4.22 -1.28 -13.68 -22.88 -34.58
-32.98 -32.68 -23.18 -22.48 -8.98 3.32 7.82 3.82 -1.58 -13.78 -27.88 -28.28
-40.83 -34.73 -35.03 -17.03 -8.03 4.17 7.47 3.97 -1.53 -12.63 -23.63 -26.33
-36.33 -40.43 -32.03 -21.83 -8.13 3.07 8.37 3.67 -3.53 -17.73 -25.73 -33.53
-42.53 -37.33 -28.83 -21.73 -9.63 1.57 6.97 4.17 -0.83 -10.93 -22.93 -33.83
-38.53 -23.53 -23.03 -22.83 -8.33 1.17 7.67 3.27 -2.63 -15.03 -25.53 -31.73
-30.83 -32.93 -26.83 -20.03 -12.63 2.07 5.47 3.87 -2.03 -14.03 -31.13 -35.33
-38.63 -36.13 -27.83 -19.23 -12.53 1.77 4.07 4.77 -0.13 -12.63 -26.53 -24.83
-31.33 -36.63 -30.53 -23.83 -7.03 2.67 6.37 3.57 -2.83 -13.63 -30.63 -38.53
-37.83 -28.63 -30.33 -28.83 -9.43 3.57 7.97 3.97 -1.83 -12.23 -29.53 -29.63
-27.63 -30.43 -35.23 -18.53 -10.13 1.37 6.97 5.37 -0.93 -12.53 -22.93 -35.23
-43.03 -30.73 -33.83 -23.13 -10.43 1.07 7.37 4.47 0.77 -13.93 -28.33 -30.53
-32.53 -35.33 -34.23 -21.63 -10.63 4.07 7.57 4.87 -1.53 -14.43 -26.63 -31.83
-31.23 -32.43 -29.63 -21.23 -7.13 4.07 7.57 4.87 -1.53 -14.43 -26.63 -36.73
-37.83 -32.43 -24.13 -20.23 -7.23 2.97 7.47 4.87 -1.53 -14.43 -26.63 -31.83
-31.23 -32.43 -29.63 -21.23 -7.13 4.07 7.57 4.87 -1.53 -14.43 -26.63 -31.83
-39.33 -36.33 -32.03 -22.53 -6.73 3.67 6.97 5.47 -2.03 -13.83 -28.13 -35.73
-37.18 -38.08 -27.78 -21.98 -9.88 1.52 5.52 3.22 -4.18 -17.28 -29.68 -33.18
-36.78 -33.88 -27.58 -20.88 -10.68 2.12 6.62 3.22 -3.88 -15.48 -28.28 -33.58
-38.08 -33.58 -28.58 -21.98 -8.58 1.52 6.42 3.02 -4.08 -14.18 -29.28 -28.28
-36.18 -31.08 -31.28 -23.68 -8.78 2.72 6.42 3.62 -1.98 -14.18 -24.68 -28.68
-34.48 -34.38 -27.28 -21.78 -10.38 2.52 6.72 3.72 -1.78 -15.18 -26.38 -30.68
-36.88 -33.78 -33.88 -19.08 -9.68 3.72 7.12 4.32 -3.88 -14.88 -27.18 -36.28
-32.68 -30.18 -29.68 -23.38 -10.98 2.72 6.92 5.02 -1.08 -11.98 -23.18 -23.28
-30.78 -27.18 -31.38 -18.78 -11.38 2.62 7.12 2.92 -3.68 -16.18 -27.08 -32.28
-41.38 -33.08 -31.18 -21.78 -7.78 4.12 5.82 3.42 -0.78 -13.08 -25.48 -33.18
-29.88 -33.78 -29.08 -17.48 -5.38 4.12 6.72 4.12 -3.58 -14.08 -23.18 -32.48
-33.38 -31.78 -31.08 -22.28 -9.68 3.12 7.22 4.82 -1.78 -12.38 -27.88 -33.58
-28.58 -32.08 -32.78 -21.88 -10.68 2.02 5.82 2.52 -2.48 -15.98 -27.68 -32.38
-30.98 -34.38 -27.48 -19.58 -5.18 4.52 6.42 3.22 -2.28 -13.98 -24.48 -33.68
-34.88 -35.38 -30.28 -25.38 -6.88 3.12 6.42 5.12 -0.88 -12.28 -24.38 -31.18
-35.18 -35.58 -33.98 -16.28 -7.28 2.02 6.52 3.92 -2.48 -15.98 -24.88 -32.28
-34.98 -37.98 -34.98 -23.48 -8.58 1.92 6.02 3.32 -2.88 -15.48 -25.58 -34.48
-34.98 -28.28 -30.88 -20.08 -8.98 2.12 4.42 3.82 -1.88 -13.68 -26.18 -35.78
-35.68 -30.48 -29.58 -17.98 -6.28 3.42 4.82 4.02 -3.68 -17.48 -29.68 -34.38
-33.08 -33.38 -27.98 -22.58 -10.48 0.92 5.32 2.42 -3.38 -15.38 -29.48 -29.98
-23.08 -29.18 -32.08 -24.38 -12.98 0.82 5.12 3.72 -4.38 -14.18 -24.28 -34.48
-33.78 -35.28 -27.88 -22.18 -7.68 3.32 6.12 3.12 -1.68 -11.88 -27.18 -29.98
-32.68 -37.78 -29.48 -21.78 -10.18 1.42 7.52 4.92 -0.98 -12.28 -25.78 -32.68
-32.28 -35.98 -32.98 -21.98 -7.98 4.92 7.62 4.52 -1.18 -12.28 -23.48 -36.98
-30.18 -33.58 -30.68 -15.08 -6.38 3.32 6.62 2.52 -2.88 -15.28 -26.18 -37.28
-33.98 -34.28 -30.48 -22.68 -9.78 2.12 5.62 4.42 -3.08 -19.68 -28.28 -25.78
-27.58 -33.68 -31.58 -21.18 -7.88 3.12 7.42 2.12 -3.08 -15.68 -30.98 -31.88
-28.08 -33.28 -31.98 -19.88 -7.18 3.92 7.02 2.92 -1.88 -14.08 -26.28 -37.48
-34.78 -32.68 -27.48 -22.38 -11.28 3.72 6.22 4.72 -2.98 -16.78 -30.98 -30.08
-25.58 -31.48 -33.68 -21.18 -5.58 2.62 7.12 4.22 -1.28 -13.68 -22.88 -34.58
-32.98 -32.68 -23.18 -22.48 -8.98 3.32 7.82 3.82 -1.58 -13.78 -27.88 -28.28
-37.11 -38.01 -27.71 -21.91 -9.81 1.59 5.59 3.29 -4.11 -17.21 -29.61 -33.11
-36.71 -33.81 -27.51 -20.81 -10.61 2.19 6.69 3.29 -3.81 -15.41 -28.21 -33.51
-38.01 -33.51 -28.51 -21.91 -8.51 1.59 6.49 3.09 -4.01 -14.11 -29.21 -28.21
-36.11 -31.01 -31.21 -23.61 -8.71 2.79 6.49 3.69 -1.91 -14.11 -24.61 -28.61
-34.41 -34.31 -27.21 -21.71 -10.31 2.59 6.79 3.79 -1.71 -15.11 -26.31 -30.61
-36.81 -33.71 -33.81 -19.01 -9.61 3.79 7.19 4.39 -3.81 -14.81 -27.11 -36.21
-32.61 -30.11 -29.61 -23.31 -10.91 2.79 6.99 5.09 -1.01 -11.91 -23.11 -23.21
-30.71 -27.11 -31.31 -18.71 -11.31 2.69 7.19 2.99 -3.61 -16.11 -27.01 -32.21
-41.31 -33.01 -31.11 -21.71 -7.71 4.19 5.89 3.49 -0.71 -13.01 -25.41 -33.11
-29.81 -33.71 -29.01 -17.41 -5.31 4.19 6.79 4.19 -3.51 -14.01 -23.11 -32.41
-33.31 -31.71 -31.01 -22.21 -9.61 3.19 7.29 4.89 -1.71 -12.31 -27.81 -33.51
-28.51 -32.01 -32.71 -21.81 -10.61 2.09 5.89 2.59 -2.41 -15.91 -27.61 -32.31
-30.91 -34.31 -27.41 -19.51 -5.11 4.59 6.49 3.29 -2.21 -13.91 -24.41 -33.61
-34.81 -35.31 -30.21 -25.31 -6.81 3.19 6.49 5.19 -0.81 -12.21 -24.31 -31.11
-35.11 -35.51 -33.91 -16.21 -7.21 2.09 6.59 3.99 -2.41 -15.91 -24.81 -32.21
-31.66 -38.26 -31.86 -26.86 -9.86 2.74 6.44 4.34 -1.56 -18.16 -29.86 -36.46
-30.06 -36.26 -36.86 -21.16 -8.76 3.54 7.54 6.24 -0.46 -15.66 -29.26 -30.86
-27.26 -36.76 -28.46 -21.76 -7.66 2.04 6.64 4.64 -2.86 -13.86 -24.66 -36.46
-27.56 -28.16 -29.96 -24.36 -8.56 2.94 6.14 2.94 -3.46 -15.46 -29.86 -34.86
-30.26 -31.46 -29.46 -23.96 -8.56 3.04 5.84 4.14 -1.56 -16.66 -33.06 -30.76
-32.56 -32.66 -28.46 -19.16 -6.06 4.14 6.04 3.84 -2.56 -12.96 -26.66 -34.36
-32.26 -27.06 -28.36 -22.86 -11.76 1.44 5.74 4.04 -2.36 -13.96 -30.96 -31.36
-32.06 -33.96 -29.46 -22.76 -8.06 2.14 7.14 4.14 -2.76 -18.46 -32.16 -25.06
-31.86 -40.56 -30.26 -22.86 -7.86 4.04 6.24 3.54 -1.36 -11.16 -23.86 -34.16
-30.96 -29.66 -35.76 -25.46 -10.76 1.84 7.74 3.04 -3.86 -17.86 -21.36 -28.96
-36.06 -29.26 -31.66 -19.46 -6.76 3.64 5.64 2.34 -4.16 -16.36 -22.46 -30.36
-32.26 -38.46 -28.76 -23.26 -7.66 2.14 7.14 4.64 -4.16 -13.96 -30.66 -38.66
-29.36 -33.06 -32.96 -20.96 -8.76 2.84 7.64 2.84 -2.06 -13.36 -29.96 -33.26
-39.96 -24.56 -27.76 -22.06 -8.16 4.44 6.44 4.14 -0.46 -13.46 -29.56 -30.76
-34.66 -40.56 -27.86 -16.36 -5.16 4.24 6.84 5.34 -2.46 -14.86 -25.76 -33.76
-37.01 -37.91 -27.61 -21.81 -9.71 1.69 5.69 3.39 -4.01 -17.11 -29.51 -33.01
-36.61 -33.71 -27.41 -20.71 -10.51 2.29 6.79 3.39 -3.71 -15.31 -28.11 -33.41
-37.91 -33.41 -28.41 -21.81 -8.41 1.69 6.59 3.19 -3.91 -14.01 -29.11 -28.11
-36.01 -30.91 -31.11 -23.51 -8.61 2.89 6.59 3.79 -1.81 -14.01 -24.51 -28.51
-34.31 -34.21 -27.11 -21.61 -10.21 2.69 6.89 3.89 -1.61 -15.01 -26.21 -30.51
-36.71 -33.61 -33.71 -18.91 -9.51 3.89 7.29 4.49 -3.71 -14.71 -27.01 -36.11
-32.51 -30.01 -29.51 -23.21 -10.81 2.89 7.09 5.19 -0.91 -11.81 -23.01 -23.11
-30.61 -27.01 -31.21 -18.61 -11.21 2.79 7.29 3.09 -3.51 -16.01 -26.91 -32.11
-41.21 -32.91 -31.01 -21.61 -7.61 4.29 5.99 3.59 -0.61 -12.91 -25.31 -33.01
-29.71 -33.61 -28.91 -17.31 -5.21 4.29 6.89 4.29 -3.41 -13.91 -23.01 -32.31
-33.21 -31.61 -30.91 -22.11 -9.51 3.29 7.39 4.99 -1.61 -12.21 -27.71 -33.41
-28.41 -31.91 -32.61 -21.71 -10.51 2.19 5.99 2.69 -2.31 -15.81 -27.51 -32.21
-30.81 -34.21 -27.31 -19.41 -5.01 4.69 6.59 3.39 -2.11 -13.81 -24.31 -33.51
-34.71 -35.21 -30.11 -25.21 -6.71 3.29 6.59 5.29 -0.71 -12.11 -24.21 -31.01
-35.01 -35.41 -33.81 -16.11 -7.11 2.19 6.69 4.09 -2.31 -15.81 -24.71 -32.11
-35.23 -38.23 -35.23 -23.73 -8.83 1.67 5.77 3.07 -3.13 -15.73 -25.83 -34.73
-35.23 -28.53 -31.13 -20.33 -9.23 1.87 4.17 3.57 -2.13 -13.93 -26.43 -36.03
-35.93 -30.73 -29.83 -18.23 -6.53 3.17 4.57 3.77 -3.93 -17.73 -29.93 -34.63
-33.33 -33.63 -28.23 -22.83 -10.73 0.67 5.07 2.17 -3.63 -15.63 -29.73 -30.23
-23.33 -29.43 -32.33 -24.63 -13.23 0.57 4.87 3.47 -4.63 -14.43 -24.53 -34.73
-34.03 -35.53 -28.13 -22.43 -7.93 3.07 5.87 2.87 -1.93 -12.13 -27.43 -30.23
-32.93 -38.03 -29.73 -22.03 -10.43 1.17 7.27 4.67 -1.23 -12.53 -26.03 -32.93
-32.53 -36.23 -33.23 -22.23 -8.23 4.67 7.37 4.27 -1.43 -12.53 -23.73 -37.23
-30.43 -33.83 -30.93 -15.33 -6.63 3.07 6.37 2.27 -3.13 -15.53 -26.43 -37.53
-34.23 -34.53 -30.73 -22.93 -10.03 1.87 5.37 4.17 -3.33 -19.93 -28.53 -26.03
-27.83 -33.93 -31.83 -21.43 -8.13 2.87 7.17 1.87 -3.33 -15.93 -31.23 -32.13
-28.33 -33.53 -32.23 -20.13 -7.43 3.67 6.77 2.67 -2.13 -14.33 -26.53 -37.73
-35.03 -32.93 -27.73 -22.63 -11.53 3.47 5.97 4.47 -3.23 -17.03 -31.23 -30.33
-25.83 -31.73 -33.93 -21.43 -5.83 2.37 6.87 3.97 -1.53 -13.93 -23.13 -34.83
-33.23 -32.93 -23.43 -22.73 -9.23 3.07 7.57 3.57 -1.83 -14.03 -28.13 -28.53
-31.9 -38.5 -32.1 -27.1 -10.1 2.5 6.2 4.1 -1.8 -18.4 -30.1 -36.7
-30.3 -36.5 -37.1 -21.4 -9 3.3 7.3 6 -0.7 -15.9 -29.5 -31.1
-27.5 -37 -28.7 -22 -7.9 1.8 6.4 4.4 -3.1 -14.1 -24.9 -36.7
-27.8 -28.4 -30.2 -24.6 -8.8 2.7 5.9 2.7 -3.7 -15.7 -30.1 -35.1
-30.5 -31.7 -29.7 -24.2 -8.8 2.8 5.6 3.9 -1.8 -16.9 -33.3 -31
-32.8 -32.9 -28.7 -19.4 -6.3 3.9 5.8 3.6 -2.8 -13.2 -26.9 -34.6
-32.5 -27.3 -28.6 -23.1 -12 1.2 5.5 3.8 -2.6 -14.2 -31.2 -31.6
-32.3 -34.2 -29.7 -23 -8.3 1.9 6.9 3.9 -3 -18.7 -32.4 -25.3
-32.1 -40.8 -30.5 -23.1 -8.1 3.8 6 3.3 -1.6 -11.4 -24.1 -34.4
-31.2 -29.9 -36 -25.7 -11 1.6 7.5 2.8 -4.1 -18.1 -21.6 -29.2
-36.3 -29.5 -31.9 -19.7 -7 3.4 5.4 2.1 -4.4 -16.6 -22.7 -30.6
-32.5 -38.7 -29 -23.5 -7.9 1.9 6.9 4.4 -4.4 -14.2 -30.9 -38.9
-29.6 -33.3 -33.2 -21.2 -9 2.6 7.4 2.6 -2.3 -13.6 -30.2 -33.5
-40.2 -24.8 -28 -22.3 -8.4 4.2 6.2 3.9 -0.7 -13.7 -29.8 -31
-34.9 -40.8 -28.1 -16.6 -5.4 4 6.6 5.1 -2.7 -15.1 -26 -34
-35.25 -38.25 -35.25 -23.75 -8.85 1.65 5.75 3.05 -3.15 -15.75 -25.85 -34.75
-35.25 -28.55 -31.15 -20.35 -9.25 1.85 4.15 3.55 -2.15 -13.95 -26.45 -36.05
-35.95 -30.75 -29.85 -18.25 -6.55 3.15 4.55 3.75 -3.95 -17.75 -29.95 -34.65
-33.35 -33.65 -28.25 -22.85 -10.75 0.65 5.05 2.15 -3.65 -15.65 -29.75 -30.25
-23.35 -29.45 -32.35 -24.65 -13.25 0.55 4.85 3.45 -4.65 -14.45 -24.55 -34.75
-34.05 -35.55 -28.15 -22.45 -7.95 3.05 5.85 2.85 -1.95 -12.15 -27.45 -30.25
-32.95 -38.05 -29.75 -22.05 -10.45 1.15 7.25 4.65 -1.25 -12.55 -26.05 -32.95
-32.55 -36.25 -33.25 -22.25 -8.25 4.65 7.35 4.25 -1.45 -12.55 -23.75 -37.25
-30.45 -33.85 -30.95 -15.35 -6.65 3.05 6.35 2.25 -3.15 -15.55 -26.45 -37.55
-34.25 -34.55 -30.75 -22.95 -10.05 1.85 5.35 4.15 -3.35 -19.95 -28.55 -26.05
-27.85 -33.95 -31.85 -21.45 -8.15 2.85 7.15 1.85 -3.35 -15.95 -31.25 -32.15
-28.35 -33.55 -32.25 -20.15 -7.45 3.65 6.75 2.65 -2.15 -14.35 -26.55 -37.75
-35.05 -32.95 -27.75 -22.65 -11.55 3.45 5.95 4.45 -3.25 -17.05 -31.25 -30.35
-25.85 -31.75 -33.95 -21.45 -5.85 2.35 6.85 3.95 -1.55 -13.95 -23.15 -34.85
-33.25 -32.95 -23.45 -22.75 -9.25 3.05 7.55 3.55 -1.85 -14.05 -28.15 -28.55
-30.93 -34.23 -36.23 -22.93 -5.03 3.17 7.17 2.27 -3.43 -14.63 -26.53 -34.83
-29.03 -28.03 -25.53 -18.03 -8.23 2.87 6.47 3.87 -5.23 -16.53 -26.03 -30.83
-27.33 -30.93 -32.43 -20.83 -10.13 1.57 6.27 1.57 -3.13 -18.03 -26.33 -30.13
-41.23 -37.53 -33.23 -23.33 -9.03 5.57 6.17 3.97 -4.03 -15.63 -27.73 -29.93
-34.03 -37.33 -30.43 -22.13 -10.23 1.77 4.27 2.37 -5.83 -18.93 -25.03 -36.73
-33.33 -35.53 -30.63 -24.73 -8.83 3.67 6.07 3.47 -2.33 -17.93 -22.23 -31.13
-34.63 -35.13 -24.43 -22.33 -3.73 4.17 6.57 2.37 -2.03 -13.03 -29.93 -29.83
-28.13 -33.83 -28.13 -24.13 -8.03 3.07 7.07 5.67 -2.03 -16.43 -27.63 -36.23
-24.43 -35.93 -33.23 -21.13 -6.03 3.27 7.27 4.27 -0.63 -16.53 -33.83 -32.83
-32.13 -31.73 -30.93 -22.93 -5.93 5.27 4.77 2.77 -0.53 -16.53 -27.23 -31.33
-31.33 -36.13 -31.53 -21.73 -9.23 2.47 7.37 4.17 -2.13 -15.83 -27.23 -33.13
-33.33 -28.53 -31.13 -22.13 -7.83 1.07 7.37 4.47 -1.53 -15.33 -31.23 -29.63
-37.23 -33.23 -34.73 -21.33 -10.43 3.47 6.77 2.97 -3.13 -15.23 -24.33 -33.23
-34.33 -35.53 -28.53 -23.33 -8.83 3.47 7.97 6.07 -0.73 -10.33 -26.83 -38.83
-37.33 -30.83 -29.83 -22.93 -9.23 1.77 6.27 5.17 -3.13 -16.03 -26.73 -36.73
-30.73 -31.63 -33.33 -25.33 -13.23 1.27 6.67 3.57 -2.83 -14.63 -33.23 -41.33
-41.03 -24.43 -26.03 -18.93 -5.13 2.87 5.47 3.07 -3.23 -15.03 -28.43 -32.43
-40.83 -30.63 -27.13 -23.13 -8.03 3.07 6.27 5.27 -3.13 -15.03 -30.63 -36.73
-41.23 -38.63 -27.53 -25.63 -9.53 1.97 6.87 3.07 -2.43 -14.93 -27.13 -32.33
-39.53 -38.63 -34.03 -21.73 -7.63 3.57 7.07 4.37 -2.03 -14.93 -27.13 -32.33
-31.73 -32.93 -30.13 -21.73 -7.63 3.57 7.07 4.37 -2.03 -14.93 -27.13 -32.33
-31.63 -32.43 -30.13 -21.63 -8.33 3.57 7.07 4.37 -2.03 -14.93 -27.13 -32.33
-31.73 -32.93 -30.13 -21.73 -7.63 3.57 7.07 4.37 -2.03 -14.93 -27.43 -33.03
-32.73 -32.83 -30.43 -22.83 -7.63 3.37 7.07 4.37 -2.03 -14.93 -27.13 -32.33
-31.73 -32.93 -30.13 -21.73 -7.63 3.57 7.07 4.37 -2.03 -14.93 -27.13 -32.33
-31.73 -32.93 -27.23 -19.63 -9.03 4.47 7.07 4.87 0.67 -12.73 -24.03 -35.13
-33.63 -33.83 -33.13 -22.63 -9.13 4.47 7.97 5.87 -1.73 -15.33 -21.33 -27.43
-33.43 -31.73 -31.83 -20.13 -8.73 3.27 6.87 4.07 -2.33 -14.83 -30.43 -33.83
-29.63 -29.03 -32.43 -21.73 -8.43 2.77 6.07 3.87 -2.73 -17.23 -30.23 -32.33
-23.83 -35.93 -32.93 -20.63 -9.23 3.47 6.87 4.47 -2.53 -13.53 -27.73 -34.53
-30.65 -33.95 -35.95 -22.65 -4.75 3.45 7.45 2.55 -3.15 -14.35 -26.25 -34.55
-28.75 -27.75 -25.25 -17.75 -7.95 3.15 6.75 4.15 -4.95 -16.25 -25.75 -30.55
-27.05 -30.65 -32.15 -20.55 -9.85 1.85 6.55 1.85 -2.85 -17.75 -26.05 -29.85
-40.95 -37.25 -32.95 -23.05 -8.75 5.85 6.45 4.25 -3.75 -15.35 -27.45 -29.65
-33.75 -37.05 -30.15 -21.85 -9.95 2.05 4.55 2.65 -5.55 -18.65 -24.75 -36.45
-33.05 -35.25 -30.35 -24.45 -8.55 3.95 6.35 3.75 -2.05 -17.65 -21.95 -30.85
-34.35 -34.85 -24.15 -22.05 -3.45 4.45 6.85 2.65 -1.75 -12.75 -29.65 -29.55
-27.85 -33.55 -27.85 -23.85 -7.75 3.35 7.35 5.95 -1.75 -16.15 -27.35 -35.95
-24.15 -35.65 -32.95 -20.85 -5.75 3.55 7.55 4.55 -0.35 -16.25 -33.55 -32.55
-31.85 -31.45 -30.65 -22.65 -5.65 5.55 5.05 3.05 -0.25 -16.25 -26.95 -31.05
-31.05 -35.85 -31.25 -21.45 -8.95 2.75 7.65 4.45 -1.85 -15.55 -26.95 -32.85
-33.05 -28.25 -30.85 -21.85 -7.55 1.35 7.65 4.75 -1.25 -15.05 -30.95 -29.35
-36.95 -32.95 -34.45 -21.05 -10.15 3.75 7.05 3.25 -2.85 -14.95 -24.05 -32.95
-34.05 -35.25 -28.25 -23.05 -8.55 3.75 8.25 6.35 -0.45 -10.05 -26.55 -38.55
-37.05 -30.55 -29.55 -22.65 -8.95 2.05 6.55 5.45 -2.85 -15.75 -26.45 -36.45
-40.73 -34.63 -34.93 -16.93 -7.93 4.27 7.57 4.07 -1.43 -12.53 -23.53 -26.23
-36.23 -40.33 -31.93 -21.73 -8.03 3.17 8.47 3.77 -3.43 -17.63 -25.63 -33.43
-42.43 -37.23 -28.73 -21.63 -9.53 1.67 7.07 4.27 -0.73 -10.83 -22.83 -33.73
-38.43 -23.43 -22.93 -22.73 -8.23 1.27 7.77 3.37 -2.53 -14.93 -25.43 -31.63
-30.73 -32.83 -26.73 -19.93 -12.53 2.17 5.57 3.97 -1.93 -13.93 -31.03 -35.23
-38.53 -36.03 -27.73 -19.13 -12.43 1.87 4.17 4.87 -0.03 -12.53 -26.43 -24.73
-31.23 -36.53 -30.43 -23.73 -6.93 2.77 6.47 3.67 -2.73 -13.53 -30.53 -38.43
-37.73 -28.53 -30.23 -28.73 -9.33 3.67 8.07 4.07 -1.73 -12.13 -29.43 -29.53
-27.53 -30.33 -35.13 -18.43 -10.03 1.47 7.07 5.47 -0.83 -12.43 -22.83 -35.13
-42.93 -30.63 -33.73 -23.03 -10.33 1.17 7.47 4.57 0.87 -13.83 -28.23 -30.43
-32.43 -35.23 -34.13 -21.53 -10.53 4.17 7.67 4.97 -1.43 -14.33 -26.53 -31.73
-31.13 -32.33 -29.53 -21.13 -7.03 4.17 7.67 4.97 -1.43 -14.33 -26.53 -36.63
-37.73 -32.33 -24.03 -20.13 -7.13 3.07 7.57 4.97 -1.43 -14.33 -26.53 -31.73
-31.13 -32.33 -29.53 -21.13 -7.03 4.17 7.67 4.97 -1.43 -14.33 -26.53 -31.73
-39.23 -36.23 -31.93 -22.43 -6.63 3.77 7.07 5.57 -1.93 -13.73 -28.03 -35.63
-31.49 -38.09 -31.69 -26.69 -9.69 2.91 6.61 4.51 -1.39 -17.99 -29.69 -36.29
-29.89 -36.09 -36.69 -20.99 -8.59 3.71 7.71 6.41 -0.29 -15.49 -29.09 -30.69
-27.09 -36.59 -28.29 -21.59 -7.49 2.21 6.81 4.81 -2.69 -13.69 -24.49 -36.29
-27.39 -27.99 -29.79 -24.19 -8.39 3.11 6.31 3.11 -3.29 -15.29 -29.69 -34.69
-30.09 -31.29 -29.29 -23.79 -8.39 3.21 6.01 4.31 -1.39 -16.49 -32.89 -30.59
-32.39 -32.49 -28.29 -18.99 -5.89 4.31 6.21 4.01 -2.39 -12.79 -26.49 -34.19
-32.09 -26.89 -28.19 -22.69 -11.59 1.61 5.91 4.21 -2.19 -13.79 -30.79 -31.19
-31.89 -33.79 -29.29 -22.59 -7.89 2.31 7.31 4.31 -2.59 -18.29 -31.99 -24.89
-31.69 -40.39 -30.09 -22.69 -7.69 4.21 6.41 3.71 -1.19 -10.99 -23.69 -33.99
-30.79 -29.49 -35.59 -25.29 -10.59 2.01 7.91 3.21 -3.69 -17.69 -21.19 -28.79
-35.89 -29.09 -31.49 -19.29 -6.59 3.81 5.81 2.51 -3.99 -16.19 -22.29 -30.19
-32.09 -38.29 -28.59 -23.09 -7.49 2.31 7.31 4.81 -3.99 -13.79 -30.49 -38.49
-29.19 -32.89 -32.79 -20.79 -8.59 3.01 7.81 3.01 -1.89 -13.19 -29.79 -33.09
-39.79 -24.39 -27.59 -21.89 -7.99 4.61 6.61 4.31 -0.29 -13.29 -29.39 -30.59
-34.49 -40.39 -27.69 -16.19 -4.99 4.41 7.01 5.51 -2.29 -14.69 -25.59 -33.59
-37.1 -38 -27.7 -21.9 -9.8 1.6 5.6 3.3 -4.1 -17.2 -29.6 -33.1
-36.7 -33.8 -27.5 -20.8 -10.6 2.2 6.7 3.3 -3.8 -15.4 -28.2 -33.5
-38 -33.5 -28.5 -21.9 -8.5 1.6 6.5 3.1 -4 -14.1 -29.2 -28.2
-36.1 -31 -31.2 -23.6 -8.7 2.8 6.5 3.7 -1.9 -14.1 -24.6 -28.6
-34.4 -34.3 -27.2 -21.7 -10.3 2.6 6.8 3.8 -1.7 -15.1 -26.3 -30.6
-36.8 -33.7 -33.8 -19 -9.6 3.8 7.2 4.4 -3.8 -14.8 -27.1 -36.2
-32.6 -30.1 -29.6 -23.3 -10.9 2.8 7 5.1 -1 -11.9 -23.1 -23.2
-30.7 -27.1 -31.3 -18.7 -11.3 2.7 7.2 3 -3.6 -16.1 -27 -32.2
-41.3 -33 -31.1 -21.7 -7.7 4.2 5.9 3.5 -0.7 -13 -25.4 -33.1
-29.8 -33.7 -29 -17.4 -5.3 4.2 6.8 4.2 -3.5 -14 -23.1 -32.4
-33.3 -31.7 -31 -22.2 -9.6 3.2 7.3 4.9 -1.7 -12.3 -27.8 -33.5
-28.5 -32 -32.7 -21.8 -10.6 2.1 5.9 2.6 -2.4 -15.9 -27.6 -32.3
-30.9 -34.3 -27.4 -19.5 -5.1 4.6 6.5 3.3 -2.2 -13.9 -24.4 -33.6
-34.8 -35.3 -30.2 -25.3 -6.8 3.2 6.5 5.2 -0.8 -12.2 -24.3 -31.1
-35.1 -35.5 -33.9 -16.2 -7.2 2.1 6.6 4 -2.4 -15.9 -24.8 -32.2
-41.1 -35 -35.3 -17.3 -8.3 3.9 7.2 3.7 -1.8 -12.9 -23.9 -26.6
-36.6 -40.7 -32.3 -22.1 -8.4 2.8 8.1 3.4 -3.8 -18 -26 -33.8
-42.8 -37.6 -29.1 -22 -9.9 1.3 6.7 3.9 -1.1 -11.2 -23.2 -34.1
-38.8 -23.8 -23.3 -23.1 -8.6 0.9 7.4 3 -2.9 -15.3 -25.8 -32
-31.1 -33.2 -27.1 -20.3 -12.9 1.8 5.2 3.6 -2.3 -14.3 -31.4 -35.6
-38.9 -36.4 -28.1 -19.5 -12.8 1.5 3.8 4.5 -0.4 -12.9 -26.8 -25.1
-31.6 -36.9 -30.8 -24.1 -7.3 2.4 6.1 3.3 -3.1 -13.9 -30.9 -38.8
-38.1 -28.9 -30.6 -29.1 -9.7 3.3 7.7 3.7 -2.1 -12.5 -29.8 -29.9
-27.9 -30.7 -35.5 -18.8 -10.4 1.1 6.7 5.1 -1.2 -12.8 -23.2 -35.5
-43.3 -31 -34.1 -23.4 -10.7 0.8 7.1 4.2 0.5 -14.2 -28.6 -30.8
-32.8 -35.6 -34.5 -21.9 -10.9 3.8 7.3 4.6 -1.8 -14.7 -26.9 -32.1
-31.5 -32.7 -29.9 -21.5 -7.4 3.8 7.3 4.6 -1.8 -14.7 -26.9 -37
-38.1 -32.7 -24.4 -20.5 -7.5 2.7 7.2 4.6 -1.8 -14.7 -26.9 -32.1
-31.5 -32.7 -29.9 -21.5 -7.4 3.8 7.3 4.6 -1.8 -14.7 -26.9 -32.1
-39.6 -36.6 -32.3 -22.8 -7 3.4 6.7 5.2 -2.3 -14.1 -28.4 -36
-30.5 -31.4 -33.1 -25.1 -13 1.5 6.9 3.8 -2.6 -14.4 -33 -41.1
-40.8 -24.2 -25.8 -18.7 -4.9 3.1 5.7 3.3 -3 -14.8 -28.2 -32.2
-40.6 -30.4 -26.9 -22.9 -7.8 3.3 6.5 5.5 -2.9 -14.8 -30.4 -36.5
-41 -38.4 -27.3 -25.4 -9.3 2.2 7.1 3.3 -2.2 -14.7 -26.9 -32.1
-39.3 -38.4 -33.8 -21.5 -7.4 3.8 7.3 4.6 -1.8 -14.7 -26.9 -32.1
-31.5 -32.7 -29.9 -21.5 -7.4 3.8 7.3 4.6 -1.8 -14.7 -26.9 -32.1
-31.4 -32.2 -29.9 -21.4 -8.1 3.8 7.3 4.6 -1.8 -14.7 -26.9 -32.1
-31.5 -32.7 -29.9 -21.5 -7.4 3.8 7.3 4.6 -1.8 -14.7 -27.2 -32.8
-32.5 -32.6 -30.2 -22.6 -7.4 3.6 7.3 4.6 -1.8 -14.7 -26.9 -32.1
-31.5 -32.7 -29.9 -21.5 -7.4 3.8 7.3 4.6 -1.8 -14.7 -26.9 -32.1
-31.5 -32.7 -27 -19.4 -8.8 4.7 7.3 5.1 0.9 -12.5 -23.8 -34.9
-33.4 -33.6 -32.9 -22.4 -8.9 4.7 8.2 6.1 -1.5 -15.1 -21.1 -27.2
-33.2 -31.5 -31.6 -19.9 -8.5 3.5 7.1 4.3 -2.1 -14.6 -30.2 -33.6
-29.4 -28.8 -32.2 -21.5 -8.2 3 6.3 4.1 -2.5 -17 -30 -32.1
-23.6 -35.7 -32.7 -20.4 -9 3.7 7.1 4.7 -2.3 -13.3 -27.5 -34.3
-36.3 -37.2 -26.9 -21.1 -9 2.4 6.4 4.1 -3.3 -16.4 -28.8 -32.3
-35.9 -33 -26.7 -20 -9.8 3 7.5 4.1 -3 -14.6 -27.4 -32.7
-37.2 -32.7 -27.7 -21.1 -7.7 2.4 7.3 3.9 -3.2 -13.3 -28.4 -27.4
-35.3 -30.2 -30.4 -22.8 -7.9 3.6 7.3 4.5 -1.1 -13.3 -23.8 -27.8
-33.6 -33.5 -26.4 -20.9 -9.5 3.4 7.6 4.6 -0.9 -14.3 -25.5 -29.8
-36 -32.9 -33 -18.2 -8.8 4.6 8 5.2 -3 -14 -26.3 -35.4
-31.8 -29.3 -28.8 -22.5 -10.1 3.6 7.8 5.9 -0.2 -11.1 -22.3 -22.4
-29.9 -26.3 -30.5 -17.9 -10.5 3.5 8 3.8 -2.8 -15.3 -26.2 -31.4
-40.5 -32.2 -30.3 -20.9 -6.9 5 6.7 4.3 0.1 -12.2 -24.6 -32.3
-29 -32.9 -28.2 -16.6 -4.5 5 7.6 5 -2.7 -13.2 -22.3 -31.6
-32.5 -30.9 -30.2 -21.4 -8.8 4 8.1 5.7 -0.9 -11.5 -27 -32.7
-27.7 -31.2 -31.9 -21 -9.8 2.9 6.7 3.4 -1.6 -15.1 -26.8 -31.5
-30.1 -33.5 -26.6 -18.7 -4.3 5.4 7.3 4.1 -1.4 -13.1 -23.6 -32.8
-34 -34.5 -29.4 -24.5 -6 4 7.3 6 0 -11.4 -23.5 -30.3
-34.3 -34.7 -33.1 -15.4 -6.4 2.9 7.4 4.8 -1.6 -15.1 -24 -31.4
-34.3 -37.3 -34.3 -22.8 -7.9 2.6 6.7 4 -2.2 -14.8 -24.9 -33.8
-34.3 -27.6 -30.2 -19.4 -8.3 2.8 5.1 4.5 -1.2 -13 -25.5 -35.1
-35 -29.8 -28.9 -17.3 -5.6 4.1 5.5 4.7 -3 -16.8 -29 -33.7
-32.4 -32.7 -27.3 -21.9 -9.8 1.6 6 3.1 -2.7 -14.7 -28.8 -29.3
-22.4 -28.5 -31.4 -23.7 -12.3 1.5 5.8 4.4 -3.7 -13.5 -23.6 -33.8
-33.1 -34.6 -27.2 -21.5 -7 4 6.8 3.8 -1 -11.2 -26.5 -29.3
-32 -37.1 -28.8 -21.1 -9.5 2.1 8.2 5.6 -0.3 -11.6 -25.1 -32
-31.6 -35.3 -32.3 -21.3 -7.3 5.6 8.3 5.2 -0.5 -11.6 -22.8 -36.3
-29.5 -32.9 -30 -14.4 -5.7 4 7.3 3.2 -2.2 -14.6 -25.5 -36.6
-33.3 -33.6 -29.8 -22 -9.1 2.8 6.3 5.1 -2.4 -19 -27.6 -25.1
-26.9 -33 -30.9 -20.5 -7.2 3.8 8.1 2.8 -2.4 -15 -30.3 -31.2
-27.4 -32.6 -31.3 -19.2 -6.5 4.6 7.7 3.6 -1.2 -13.4 -25.6 -36.8
-34.1 -32 -26.8 -21.7 -10.6 4.4 6.9 5.4 -2.3 -16.1 -30.3 -29.4
-24.9 -30.8 -33 -20.5 -4.9 3.3 7.8 4.9 -0.6 -13 -22.2 -33.9
-32.3 -32 -22.5 -21.8 -8.3 4 8.5 4.5 -0.9 -13.1 -27.2 -27.6
-30.2 -33.5 -35.5 -22.2 -4.3 3.9 7.9 3 -2.7 -13.9 -25.8 -34.1
-28.3 -27.3 -24.8 -17.3 -7.5 3.6 7.2 4.6 -4.5 -15.8 -25.3 -30.1
-26.6 -30.2 -31.7 -20.1 -9.4 2.3 7 2.3 -2.4 -17.3 -25.6 -29.4
-40.5 -36.8 -32.5 -22.6 -8.3 6.3 6.9 4.7 -3.3 -14.9 -27 -29.2
-33.3 -36.6 -29.7 -21.4 -9.5 2.5 5 3.1 -5.1 -18.2 -24.3 -36
-32.6 -34.8 -29.9 -24 -8.1 4.4 6.8 4.2 -1.6 -17.2 -21.5 -30.4
-33.9 -34.4 -23.7 -21.6 -3 4.9 7.3 3.1 -1.3 -12.3 -29.2 -29.1
-27.4 -33.1 -27.4 -23.4 -7.3 3.8 7.8 6.4 -1.3 -15.7 -26.9 -35.5
-23.7 -35.2 -32.5 -20.4 -5.3 4 8 5 0.1 -15.8 -33.1 -32.1
-31.4 -31 -30.2 -22.2 -5.2 6 5.5 3.5 0.2 -15.8 -26.5 -30.6
-30.6 -35.4 -30.8 -21 -8.5 3.2 8.1 4.9 -1.4 -15.1 -26.5 -32.4
-32.6 -27.8 -30.4 -21.4 -7.1 1.8 8.1 5.2 -0.8 -14.6 -30.5 -28.9
-36.5 -32.5 -34 -20.6 -9.7 4.2 7.5 3.7 -2.4 -14.5 -23.6 -32.5
-33.6 -34.8 -27.8 -22.6 -8.1 4.2 8.7 6.8 0 -9.6 -26.1 -38.1
-36.6 -30.1 -29.1 -22.2 -8.5 2.5 7 5.9 -2.4 -15.3 -26 -36
-30.9 -37.5 -31.1 -26.1 -9.1 3.5 7.2 5.1 -0.8 -17.4 -29.1 -35.7
-29.3 -35.5 -36.1 -20.4 -8 4.3 8.3 7 0.3 -14.9 -28.5 -30.1
-26.5 -36 -27.7 -21 -6.9 2.8 7.4 5.4 -2.1 -13.1 -23.9 -35.7
-26.8 -27.4 -29.2 -23.6 -7.8 3.7 6.9 3.7 -2.7 -14.7 -29.1 -34.1
-29.5 -30.7 -28.7 -23.2 -7.8 3.8 6.6 4.9 -0.8 -15.9 -32.3 -30
-31.8 -31.9 -27.7 -18.4 -5.3 4.9 6.8 4.6 -1.8 -12.2 -25.9 -33.6
-31.5 -26.3 -27.6 -22.1 -11 2.2 6.5 4.8 -1.6 -13.2 -30.2 -30.6
-31.3 -33.2 -28.7 -22 -7.3 2.9 7.9 4.9 -2 -17.7 -31.4 -24.3
-31.1 -39.8 -29.5 -22.1 -7.1 4.8 7 4.3 -0.6 -10.4 -23.1 -33.4
-30.2 -28.9 -35 -24.7 -10 2.6 8.5 3.8 -3.1 -17.1 -20.6 -28.2
-35.3 -28.5 -30.9 -18.7 -6 4.4 6.4 3.1 -3.4 -15.6 -21.7 -29.6
-31.5 -37.7 -28 -22.5 -6.9 2.9 7.9 5.4 -3.4 -13.2 -29.9 -37.9
-28.6 -32.3 -32.2 -20.2 -8 3.6 8.4 3.6 -1.3 -12.6 -29.2 -32.5
-39.2 -23.8 -27 -21.3 -7.4 5.2 7.2 4.9 0.3 -12.7 -28.8 -30
-33.9 -39.8 -27.1 -15.6 -4.4 5 7.6 6.1 -1.7 -14.1 -25 -33
-33.8 -34.5 -28.9 -19.7 -5.8 6.3 9.9 7.5 -1.2 -11.2 -21 -32.6
-33.9 -32 -33.8 -18 -7.3 4 8.2 3.1 -3.2 -15.5 -26.8 -34.8
-36.9 -27.3 -31.1 -20.8 -6.7 5 9.7 3.3 -4.1 -16.2 -26.8 -39.1
-30.9 -27.9 -33.3 -21.9 -7.8 5 7.1 4.2 -1.1 -13.8 -29.4 -35.3
-33.8 -29.6 -25.9 -21.1 -5.9 4.5 8.1 6.4 -0.3 -13.7 -19.4 -30.1
-26.6 -31.9 -24.2 -20.7 -5.7 4.1 6.5 4.9 -1.5 -13.8 -23.6 -28.9
-32.1 -31.5 -24.6 -18.4 -7.3 4.7 8.4 6.5 -1.3 -12.3 -27.4 -34.9
-33.3 -35 -31 -22.5 -10.6 4.2 8.3 2.8 -1.7 -14.5 -24.5 -31.1
-33.1 -37.5 -31.2 -22.9 -7.6 3.6 6.5 3.9 -1.4 -14.5 -26.1 -36
-36.2 -29.9 -28.5 -18.5 -6.3 4.5 7.9 3.8 -1.8 -13.7 -25.5 -26.9
-35.4 -29.4 -29.4 -18.6 -5.1 4.4 9.6 4.5 -3.6 -15.1 -22.7 -34.4
-35.5 -38.8 -21.6 -17.5 -5.7 5.7 8.4 6.9 -0.5 -13.2 -24.4 -29.3
-30.4 -34.9 -25.5 -18.1 -5.6 3.9 10.5 5.1 1.6 -11.5 -23.2 -30.8
-29.7 -35.1 -26.6 -19.6 -5.3 4.8 8.6 7.2 0 -12.4 -24.6 -33.4
-32.8 -34 -27.7 -21.2 -5.8 4.8 9.1 6.6 -0.1 -9.4 -25.2 -34.1
-36.7 -30.1 -27.3 -24.9 -6 4.7 8.2 5.8 0.9 -10.7 -23.2 -33.1
-33.8 -27.2 -26.5 -17.1 -4.7 6.4 10.1 7.4 1.3 -11.4 -20.7 -27.3
-34.7 -34.2 -28.2 -20.5 -5.6 4.2 7.1 5.9 0.5 -12 -24.6 -26.7
-33.3 -35.8 -28.6 -20.1 -3.5 4.2 6.6 5.9 -0.2 -10.9 -26 -25.2
-33.5 -33 -29.2 -22.1 -3.7 5.4 10.1 5.5 1.7 -10.1 -22.5 -25.3
-29.6 -32 -22.8 -18.5 -7 4.9 9.3 4.2 -0.2 -12.4 -25.9 -33.4
-32.4 -35.7 -31 -18.4 -6 4.8 7.2 4.8 -2.9 -10.2 -19.2 -28.9
-32.1 -38.1 -26.4 -15.3 -5 4.9 8.6 4.2 -1.7 -14.7 -26 -25.5
-30.4 -24.1 -26.1 -18.1 -6.5 3.4 8.9 8.1 0.4 -9.2 -19 -30.1
-28.5 -30.6 -30.5 -19.1 -6.7 6.2 9.8 5.4 0.2 -11.2 -25.3 -32.9
-29.6 -28.2 -28.5 -18.7 -4.3 7 8.8 7 0.7 -12.8 -19.5 -24.8
-30.3 -27.9 -22.7 -15.8 -5.6 4.5 7.7 6.5 0.2 -11.7 -17.2 -27.5
-27.6 -22.8 -26.7 -15.3 -7.6 4.5 7.7 5.4 2.8 -8.6 -24.1 -34.6
-25.67 -26.13 -25.79 -19.84 -3.74 9.53 8.55 6.58 3.26 -10.94 -19.48 -23.23
-24.87 -30.53 -26.39 -18.64 -7.04 6.73 11.15 7.98 1.66 -10.24 -19.48 -25.03
-26.87 -22.93 -25.99 -19.04 -5.64 5.33 11.15 8.28 2.26 -9.74 -23.48 -21.53
-30.77 -27.63 -29.59 -18.24 -8.24 7.73 10.55 6.78 0.66 -9.64 -16.58 -25.13
-27.87 -29.93 -23.39 -20.24 -6.64 7.73 11.75 9.88 3.06 -4.74 -19.08 -30.73
-30.87 -25.23 -24.69 -19.84 -7.04 6.03 10.05 8.98 0.66 -10.44 -18.98 -28.63
-25.17 -32.63 -26.69 -23.74 -7.64 7.03 10.25 8.18 2.26 -12.54 -22.08 -28.33
-23.57 -30.63 -31.69 -18.04 -6.54 7.83 11.35 10.08 3.36 -10.04 -21.48 -22.73
-20.77 -31.13 -23.29 -18.64 -5.44 6.33 10.45 8.48 0.96 -8.24 -16.88 -28.33
-21.07 -22.53 -24.79 -21.24 -6.34 7.23 9.95 6.78 0.36 -9.84 -22.08 -26.73
-23.77 -25.83 -24.29 -20.84 -6.34 7.33 9.65 7.98 2.26 -11.04 -25.28 -22.63
-26.07 -27.03 -23.29 -16.04 -3.84 8.43 9.85 7.68 1.26 -7.34 -18.88 -26.23
-25.77 -21.43 -23.19 -19.74 -9.54 5.73 9.55 7.88 1.46 -8.34 -23.18 -23.23
-25.57 -28.33 -24.29 -19.64 -5.84 6.43 10.95 7.98 1.06 -12.84 -24.38 -16.93
-25.37 -34.93 -25.09 -19.74 -5.64 8.33 10.05 7.38 2.46 -5.54 -16.08 -26.03
-24.47 -24.03 -30.59 -22.34 -8.54 6.13 11.55 6.88 -0.04 -12.24 -13.58 -20.83
-29.57 -23.63 -26.49 -16.34 -4.54 7.93 9.45 6.18 -0.34 -10.74 -14.68 -22.23
-25.77 -32.83 -23.59 -20.14 -5.44 6.43 10.95 8.48 -0.34 -8.34 -22.88 -30.53
-22.87 -27.43 -27.79 -17.84 -6.54 7.13 11.45 6.68 1.76 -7.74 -22.18 -25.13
-33.47 -18.93 -22.59 -18.94 -5.94 8.73 10.25 7.98 3.36 -7.84 -21.78 -22.63
-28.17 -34.93 -22.69 -13.24 -2.94 8.53 10.65 9.18 1.36 -9.24 -17.98 -25.63
-28.07 -29.63 -24.49 -17.34 -4.34 9.83 12.95 10.58 1.86 -6.34 -13.98 -25.23
-28.17 -27.13 -29.39 -15.64 -5.84 7.53 11.25 6.18 -0.14 -10.64 -19.78 -27.43
-31.17 -22.43 -26.69 -18.44 -5.24 8.53 12.75 6.38 -1.04 -11.34 -19.78 -31.73
-25.17 -23.03 -28.89 -19.54 -6.34 8.53 10.15 7.28 1.96 -8.94 -22.38 -27.93
-28.07 -24.73 -21.49 -18.74 -4.44 8.03 11.15 9.48 2.76 -8.84 -12.38 -22.73
-20.87 -27.03 -19.79 -18.34 -4.24 7.63 9.55 7.98 1.56 -8.94 -16.58 -21.53
-26.37 -26.63 -20.19 -16.04 -5.84 8.23 11.45 9.58 1.76 -7.44 -20.38 -27.53
-27.57 -30.13 -26.59 -20.14 -9.14 7.73 11.35 5.88 1.36 -9.64 -17.48 -23.73
-27.37 -32.63 -26.79 -20.54 -6.14 7.13 9.55 6.98 1.66 -9.64 -19.08 -28.63
-30.47 -25.03 -24.09 -16.14 -4.84 8.03 10.95 6.88 1.26 -8.84 -18.48 -19.53
-22.04 -23.04 -23 -18.35 -2.82 11.77 10.47 8.52 5.2 -7.86 -15.04 -18.56
-21.24 -27.44 -23.6 -17.15 -6.12 8.97 13.07 9.92 3.6 -7.16 -15.04 -20.36
-23.24 -19.84 -23.2 -17.55 -4.72 7.57 13.07 10.22 4.2 -6.66 -19.04 -16.86
-27.14 -24.54 -26.8 -16.75 -7.32 9.97 12.47 8.72 2.6 -6.56 -12.14 -20.46
-24.24 -26.84 -20.6 -18.75 -5.72 9.97 13.67 11.82 5 -1.66 -14.64 -26.06
-27.24 -22.14 -21.9 -18.35 -6.12 8.27 11.97 10.92 2.6 -7.36 -14.54 -23.96
-21.54 -29.54 -23.9 -22.25 -6.72 9.27 12.17 10.12 4.2 -9.46 -17.64 -23.66
-19.94 -27.54 -28.9 -16.55 -5.62 10.07 13.27 12.02 5.3 -6.96 -17.04 -18.06
-17.14 -28.04 -20.5 -17.15 -4.52 8.57 12.37 10.42 2.9 -5.16 -12.44 -23.66
-17.44 -19.44 -22 -19.75 -5.42 9.47 11.87 8.72 2.3 -6.76 -17.64 -22.06
-20.14 -22.74 -21.5 -19.35 -5.42 9.57 11.57 9.92 4.2 -7.96 -20.84 -17.96
-22.44 -23.94 -20.5 -14.55 -2.92 10.67 11.77 9.62 3.2 -4.26 -14.44 -21.56
-22.14 -18.34 -20.4 -18.25 -8.62 7.97 11.47 9.82 3.4 -5.26 -18.74 -18.56
-21.94 -25.24 -21.5 -18.15 -4.92 8.67 12.87 9.92 3 -9.76 -19.94 -12.26
-21.74 -31.84 -22.3 -18.25 -4.72 10.57 11.97 9.32 4.4 -2.46 -11.64 -21.36
-20.84 -20.94 -27.8 -20.85 -7.62 8.37 13.47 8.82 1.9 -9.16 -9.14 -16.16
-25.94 -20.54 -23.7 -14.85 -3.62 10.17 11.37 8.12 1.6 -7.66 -10.24 -17.56
-22.14 -29.74 -20.8 -18.65 -4.52 8.67 12.87 10.42 1.6 -5.26 -18.44 -25.86
-19.24 -24.34 -25 -16.35 -5.62 9.37 13.37 8.62 3.7 -4.66 -17.74 -20.46
-29.84 -15.84 -19.8 -17.45 -5.02 10.97 12.17 9.92 5.3 -4.76 -17.34 -17.96
-24.54 -31.84 -19.9 -11.75 -2.02 10.77 12.57 11.12 3.3 -6.16 -13.54 -20.96
-24.44 -26.54 -21.7 -15.85 -3.42 12.07 14.87 12.52 3.8 -3.26 -9.54 -20.56
-24.54 -24.04 -26.6 -14.15 -4.92 9.77 13.17 8.12 1.8 -7.56 -15.34 -22.76
-27.54 -19.34 -23.9 -16.95 -4.32 10.77 14.67 8.32 0.9 -8.26 -15.34 -27.06
-21.54 -19.94 -26.1 -18.05 -5.42 10.77 12.07 9.22 3.9 -5.86 -17.94 -23.26
-24.44 -21.64 -18.7 -17.25 -3.52 10.27 13.07 11.42 4.7 -5.76 -7.94 -18.06
-17.24 -23.94 -17 -16.85 -3.32 9.87 11.47 9.92 3.5 -5.86 -12.14 -16.86
-22.74 -23.54 -17.4 -14.55 -4.92 10.47 13.37 11.52 3.7 -4.36 -15.94 -22.86
-23.94 -27.04 -23.8 -18.65 -8.22 9.97 13.27 7.82 3.3 -6.56 -13.04 -19.06
-23.74 -29.54 -24 -19.05 -5.22 9.37 11.47 8.92 3.6 -6.56 -14.64 -23.96
-26.84 -21.94 -21.3 -14.65 -3.92 10.27 12.87 8.82 3.2 -5.76 -14.04 -14.86
-18.42 -19.96 -20.21 -16.86 -1.9 14 12.4 10.47 7.14 -4.79 -10.6 -13.9
-17.62 -24.36 -20.81 -15.66 -5.2 11.2 15 11.87 5.54 -4.09 -10.6 -15.7
-19.62 -16.76 -20.41 -16.06 -3.8 9.8 15 12.17 6.14 -3.59 -14.6 -12.2
-23.52 -21.46 -24.01 -15.26 -6.4 12.2 14.4 10.67 4.54 -3.49 -7.7 -15.8
-20.62 -23.76 -17.81 -17.26 -4.8 12.2 15.6 13.77 6.94 1.41 -10.2 -21.4
-23.62 -19.06 -19.11 -16.86 -5.2 10.5 13.9 12.87 4.54 -4.29 -10.1 -19.3
-17.92 -26.46 -21.11 -20.76 -5.8 11.5 14.1 12.07 6.14 -6.39 -13.2 -19
-16.32 -24.46 -26.11 -15.06 -4.7 12.3 15.2 13.97 7.24 -3.89 -12.6 -13.4
-13.52 -24.96 -17.71 -15.66 -3.6 10.8 14.3 12.37 4.84 -2.09 -8 -19
-13.82 -16.36 -19.21 -18.26 -4.5 11.7 13.8 10.67 4.24 -3.69 -13.2 -17.4
-16.52 -19.66 -18.71 -17.86 -4.5 11.8 13.5 11.87 6.14 -4.89 -16.4 -13.3
-18.82 -20.86 -17.71 -13.06 -2 12.9 13.7 11.57 5.14 -1.19 -10 -16.9
-18.52 -15.26 -17.61 -16.76 -7.7 10.2 13.4 11.77 5.34 -2.19 -14.3 -13.9
-18.32 -22.16 -18.71 -16.66 -4 10.9 14.8 11.87 4.94 -6.69 -15.5 -7.6
-18.12 -28.76 -19.51 -16.76 -3.8 12.8 13.9 11.27 6.34 0.61 -7.2 -16.7
-17.22 -17.86 -25.01 -19.36 -6.7 10.6 15.4 10.77 3.84 -6.09 -4.7 -11.5
-22.32 -17.46 -20.91 -13.36 -2.7 12.4 13.3 10.07 3.54 -4.59 -5.8 -12.9
-18.52 -26.66 -18.01 -17.16 -3.6 10.9 14.8 12.37 3.54 -2.19 -14 -21.2
-15.62 -21.26 -22.21 -14.86 -4.7 11.6 15.3 10.57 5.64 -1.59 -13.3 -15.8
-26.22 -12.76 -17.01 -15.96 -4.1 13.2 14.1 11.87 7.24 -1.69 -12.9 -13.3
-20.92 -28.76 -17.11 -10.26 -1.1 13 14.5 13.07 5.24 -3.09 -9.1 -16.3
-20.82 -23.46 -18.91 -14.36 -2.5 14.3 16.8 14.47 5.74 -0.19 -5.1 -15.9
-20.92 -20.96 -23.81 -12.66 -4 12 15.1 10.07 3.74 -4.49 -10.9 -18.1
-23.92 -16.26 -21.11 -15.46 -3.4 13 16.6 10.27 2.84 -5.19 -10.9 -22.4
-17.92 -16.86 -23.31 -16.56 -4.5 13 14 11.17 5.84 -2.79 -13.5 -18.6
-20.82 -18.56 -15.91 -15.76 -2.6 12.5 15 13.37 6.64 -2.69 -3.5 -13.4
-13.62 -20.86 -14.21 -15.36 -2.4 12.1 13.4 11.87 5.44 -2.79 -7.7 -12.2
-19.12 -20.46 -14.61 -13.06 -4 12.7 15.3 13.47 5.64 -1.29 -11.5 -18.2
-20.32 -23.96 -21.01 -17.16 -7.3 12.2 15.2 9.77 5.24 -3.49 -8.6 -14.4
-20.12 -26.46 -21.21 -17.56 -4.3 11.6 13.4 10.87 5.54 -3.49 -10.2 -19.3
-23.22 -18.86 -18.51 -13.16 -3 12.5 14.8 10.77 5.14 -2.69 -9.6 -10.2
-14.79 -16.88 -17.41 -15.37 -0.98 16.24 14.33 12.42 9.08 -1.71 -6.16 -9.23
-13.99 -21.28 -18.01 -14.17 -4.28 13.44 16.93 13.82 7.48 -1.01 -6.16 -11.03
-15.99 -13.68 -17.61 -14.57 -2.88 12.04 16.93 14.12 8.08 -0.51 -10.16 -7.53
-19.89 -18.38 -21.21 -13.77 -5.48 14.44 16.33 12.62 6.48 -0.41 -3.26 -11.13
-16.99 -20.68 -15.01 -15.77 -3.88 14.44 17.53 15.72 8.88 4.49 -5.76 -16.73
-19.99 -15.98 -16.31 -15.37 -4.28 12.74 15.83 14.82 6.48 -1.21 -5.66 -14.63
-14.29 -23.38 -18.31 -19.27 -4.88 13.74 16.03 14.02 8.08 -3.31 -8.76 -14.33
-12.69 -21.38 -23.31 -13.57 -3.78 14.54 17.13 15.92 9.18 -0.81 -8.16 -8.73
-9.89 -21.88 -14.91 -14.17 -2.68 13.04 16.23 14.32 6.78 0.99 -3.56 -14.33
-10.19 -13.28 -16.41 -16.77 -3.58 13.94 15.73 12.62 6.18 -0.61 -8.76 -12.73
-12.89 -16.58 -15.91 -16.37 -3.58 14.04 15.43 13.82 8.08 -1.81 -11.96 -8.63
-15.19 -17.78 -14.91 -11.57 -1.08 15.14 15.63 13.52 7.08 1.89 -5.56 -12.23
-14.89 -12.18 -14.81 -15.27 -6.78 12.44 15.33 13.72 7.28 0.89 -9.86 -9.23
-14.69 -19.08 -15.91 -15.17 -3.08 13.14 16.73 13.82 6.88 -3.61 -11.06 -2.93
-14.49 -25.68 -16.71 -15.27 -2.88 15.04 15.83 13.22 8.28 3.69 -2.76 -12.03
-13.59 -14.78 -22.21 -17.87 -5.78 12.84 17.33 12.72 5.78 -3.01 -0.26 -6.83
-18.69 -14.38 -18.11 -11.87 -1.78 14.64 15.23 12.02 5.48 -1.51 -1.36 -8.23
-14.89 -23.58 -15.21 -15.67 -2.68 13.14 16.73 14.32 5.48 0.89 -9.56 -16.53
-11.99 -18.18 -19.41 -13.37 -3.78 13.84 17.23 12.52 7.58 1.49 -8.86 -11.13
-22.59 -9.68 -14.21 -14.47 -3.18 15.44 16.03 13.82 9.18 1.39 -8.46 -8.63
-17.29 -25.68 -14.31 -8.77 -0.18 15.24 16.43 15.02 7.18 -0.01 -4.66 -11.63
-17.19 -20.38 -16.11 -12.87 -1.58 16.54 18.73 16.42 7.68 2.89 -0.66 -11.23
-17.29 -17.88 -21.01 -11.17 -3.08 14.24 17.03 12.02 5.68 -1.41 -6.46 -13.43
-20.29 -13.18 -18.31 -13.97 -2.48 15.24 18.53 12.22 4.78 -2.11 -6.46 -17.73
-14.29 -13.78 -20.51 -15.07 -3.58 15.24 15.93 13.12 7.78 0.29 -9.06 -13.93
-17.19 -15.48 -13.11 -14.27 -1.68 14.74 16.93 15.32 8.58 0.39 0.94 -8.73
-9.99 -17.78 -11.41 -13.87 -1.48 14.34 15.33 13.82 7.38 0.29 -3.26 -7.53
-15.49 -17.38 -11.81 -11.57 -3.08 14.94 17.23 15.42 7.58 1.79 -7.06 -13.53
-16.69 -20.88 -18.21 -15.67 -6.38 14.44 17.13 11.72 7.18 -0.41 -4.16 -9.73
-16.49 -23.38 -18.41 -16.07 -3.38 13.84 15.33 12.82 7.48 -0.41 -5.76 -14.63
-19.59 -15.78 -15.71 -11.67 -2.08 14.74 16.73 12.72 7.08 0.39 -5.16 -5.53
-11.16 -13.8 -14.62 -13.88 -0.05 18.47 16.26 14.36 11.02 1.36 -1.72 -4.57
-10.36 -18.2 -15.22 -12.68 -3.35 15.67 18.86 15.76 9.42 2.06 -1.72 -6.37
-12.36 -10.6 -14.82 -13.08 -1.95 14.27 18.86 16.06 10.02 2.56 -5.72 -2.87
-16.26 -15.3 -18.42 -12.28 -4.55 16.67 18.26 14.56 8.42 2.66 1.18 -6.47
-13.36 -17.6 -12.22 -14.28 -2.95 16.67 19.46 17.66 10.82 7.56 -1.32 -12.07
-16.36 -12.9 -13.52 -13.88 -3.35 14.97 17.76 16.76 8.42 1.86 -1.22 -9.97
-10.66 -20.3 -15.52 -17.78 -3.95 15.97 17.96 15.96 10.02 -0.24 -4.32 -9.67
-9.06 -18.3 -20.52 -12.08 -2.85 16.77 19.06 17.86 11.12 2.26 -3.72 -4.07
-6.26 -18.8 -12.12 -12.68 -1.75 15.27 18.16 16.26 8.72 4.06 0.88 -9.67
-6.56 -10.2 -13.62 -15.28 -2.65 16.17 17.66 14.56 8.12 2.46 -4.32 -8.07
-9.26 -13.5 -13.12 -14.88 -2.65 16.27 17.36 15.76 10.02 1.26 -7.52 -3.97
-11.56 -14.7 -12.12 -10.08 -0.15 17.37 17.56 15.46 9.02 4.96 -1.12 -7.57
-11.26 -9.1 -12.02 -13.78 -5.85 14.67 17.26 15.66 9.22 3.96 -5.42 -4.57
-11.06 -16 -13.12 -13.68 -2.15 15.37 18.66 15.76 8.82 -0.54 -6.62 1.73
-10.86 -22.6 -13.92 -13.78 -1.95 17.27 17.76 15.16 10.22 6.76 1.68 -7.37
-9.96 -11.7 -19.42 -16.38 -4.85 15.07 19.26 14.66 7.72 0.06 4.18 -2.17
-15.06 -11.3 -15.32 -10.38 -0.85 16.87 17.16 13.96 7.42 1.56 3.08 -3.57
-11.26 -20.5 -12.42 -14.18 -1.75 15.37 18.66 16.26 7.42 3.96 -5.12 -11.87
-8.36 -15.1 -16.62 -11.88 -2.85 16.07 19.16 14.46 9.52 4.56 -4.42 -6.47
-18.96 -6.6 -11.42 -12.98 -2.25 17.67 17.96 15.76 11.12 4.46 -4.02 -3.97
-13.66 -22.6 -11.52 -7.28 0.75 17.47 18.36 16.96 9.12 3.06 -0.22 -6.97
-13.56 -17.3 -13.32 -11.38 -0.65 18.77 20.66 18.36 9.62 5.96 3.78 -6.57
-13.66 -14.8 -18.22 -9.68 -2.15 16.47 18.96 13.96 7.62 1.66 -2.02 -8.77
-16.66 -10.1 -15.52 -12.48 -1.55 17.47 20.46 14.16 6.72 0.96 -2.02 -13.07
-10.66 -10.7 -17.72 -13.58 -2.65 17.47 17.86 15.06 9.72 3.36 -4.62 -9.27
-13.56 -12.4 -10.32 -12.78 -0.75 16.97 18.86 17.26 10.52 3.46 5.38 -4.07
-6.36 -14.7 -8.62 -12.38 -0.55 16.57 17.26 15.76 9.32 3.36 1.18 -2.87
-11.86 -14.3 -9.02 -10.08 -2.15 17.17 19.16 17.36 9.52 4.86 -2.62 -8.87
-13.06 -17.8 -15.42 -14.18 -5.45 16.67 19.06 13.66 9.12 2.66 0.28 -5.07
-12.86 -20.3 -15.62 -14.58 -2.45 16.07 17.26 14.76 9.42 2.66 -1.32 -9.97
-15.96 -12.7 -12.92 -10.18 -1.15 16.97 18.66 14.66 9.02 3.46 -0.72 -0.87
-7.54 -10.71 -11.83 -12.39 0.87 20.71 18.18 16.31 12.95 4.44 2.73 0.09
-6.74 -15.11 -12.43 -11.19 -2.43 17.91 20.78 17.71 11.35 5.14 2.73 -1.71
-8.74 -7.51 -12.03 -11.59 -1.03 16.51 20.78 18.01 11.95 5.64 -1.27 1.79
-12.64 -12.21 -15.63 -10.79 -3.63 18.91 20.18 16.51 10.35 5.74 5.63 -1.81
-9.74 -14.51 -9.43 -12.79 -2.03 18.91 21.38 19.61 12.75 10.64 3.13 -7.41
-12.74 -9.81 -10.73 -12.39 -2.43 17.21 19.68 18.71 10.35 4.94 3.23 -5.31
-7.04 -17.21 -12.73 -16.29 -3.03 18.21 19.88 17.91 11.95 2.84 0.13 -5.01
-5.44 -15.21 -17.73 -10.59 -1.93 19.01 20.98 19.81 13.05 5.34 0.73 0.59
-2.64 -15.71 -9.33 -11.19 -0.83 17.51 20.08 18.21 10.65 7.14 5.33 -5.01
-2.94 -7.11 -10.83 -13.79 -1.73 18.41 19.58 16.51 10.05 5.54 0.13 -3.41
-5.64 -10.41 -10.33 -13.39 -1.73 18.51 19.28 17.71 11.95 4.34 -3.07 0.69
-7.94 -11.61 -9.33 -8.59 0.77 19.61 19.48 17.41 10.95 8.04 3.33 -2.91
-7.64 -6.01 -9.23 -12.29 -4.93 16.91 19.18 17.61 11.15 7.04 -0.97 0.09
-7.44 -12.91 -10.33 -12.19 -1.23 17.61 20.58 17.71 10.75 2.54 -2.17 6.39
-7.24 -19.51 -11.13 -12.29 -1.03 19.51 19.68 17.11 12.15 9.84 6.13 -2.71
-6.34 -8.61 -16.63 -14.89 -3.93 17.31 21.18 16.61 9.65 3.14 8.63 2.49
-11.44 -8.21 -12.53 -8.89 0.07 19.11 19.08 15.91 9.35 4.64 7.53 1.09
-7.64 -17.41 -9.63 -12.69 -0.83 17.61 20.58 18.21 9.35 7.04 -0.67 -7.21
-4.74 -12.01 -13.83 -10.39 -1.93 18.31 21.08 16.41 11.45 7.64 0.03 -1.81
-15.34 -3.51 -8.63 -11.49 -1.33 19.91 19.88 17.71 13.05 7.54 0.43 0.69
-10.04 -19.51 -8.73 -5.79 1.67 19.71 20.28 18.91 11.05 6.14 4.23 -2.31
-9.94 -14.21 -10.53 -9.89 0.27 21.01 22.58 20.31 11.55 9.04 8.23 -1.91
-10.04 -11.71 -15.43 -8.19 -1.23 18.71 20.88 15.91 9.55 4.74 2.43 -4.11
-13.04 -7.01 -12.73 -10.99 -0.63 19.71 22.38 16.11 8.65 4.04 2.43 -8.41
-7.04 -7.61 -14.93 -12.09 -1.73 19.71 19.78 17.01 11.65 6.44 -0.17 -4.61
-9.94 -9.31 -7.53 -11.29 0.17 19.21 20.78 19.21 12.45 6.54 9.83 0.59
-2.74 -11.61 -5.83 -10.89 0.37 18.81 19.18 17.71 11.25 6.44 5.63 1.79
-8.24 -11.21 -6.23 -8.59 -1.23 19.41 21.08 19.31 11.45 7.94 1.83 -4.21
-9.44 -14.71 -12.63 -12.69 -4.53 18.91 20.98 15.61 11.05 5.74 4.73 -0.41
-9.24 -17.21 -12.83 -13.09 -1.53 18.31 19.18 16.71 11.35 5.74 3.13 -5.31
-12.34 -9.61 -10.13 -8.69 -0.23 19.21 20.58 16.61 10.95 6.54 3.73 3.79
-3.91 -7.63 -9.04 -10.9 1.79 22.94 20.11 18.26 14.89 7.51 7.17 4.76
-3.11 -12.03 -9.64 -9.7 -1.51 20.14 22.71 19.66 13.29 8.21 7.17 2.96
-5.11 -4.43 -9.24 -10.1 -0.11 18.74 22.71 19.96 13.89 8.71 3.17 6.46
-9.01 -9.13 -12.84 -9.3 -2.71 21.14 22.11 18.46 12.29 8.81 10.07 2.86
-6.11 -11.43 -6.64 -11.3 -1.11 21.14 23.31 21.56 14.69 13.71 7.57 -2.74
-9.11 -6.73 -7.94 -10.9 -1.51 19.44 21.61 20.66 12.29 8.01 7.67 -0.64
-3.41 -14.13 -9.94 -14.8 -2.11 20.44 21.81 19.86 13.89 5.91 4.57 -0.34
-1.81 -12.13 -14.94 -9.1 -1.01 21.24 22.91 21.76 14.99 8.41 5.17 5.26
0.99 -12.63 -6.54 -9.7 0.09 19.74 22.01 20.16 12.59 10.21 9.77 -0.34
0.69 -4.03 -8.04 -12.3 -0.81 20.64 21.51 18.46 11.99 8.61 4.57 1.26
-2.01 -7.33 -7.54 -11.9 -0.81 20.74 21.21 19.66 13.89 7.41 1.37 5.36
-4.31 -8.53 -6.54 -7.1 1.69 21.84 21.41 19.36 12.89 11.11 7.77 1.76
-4.01 -2.93 -6.44 -10.8 -4.01 19.14 21.11 19.56 13.09 10.11 3.47 4.76
-3.81 -9.83 -7.54 -10.7 -0.31 19.84 22.51 19.66 12.69 5.61 2.27 11.06
-3.61 -16.43 -8.34 -10.8 -0.11 21.74 21.61 19.06 14.09 12.91 10.57 1.96
-2.71 -5.53 -13.84 -13.4 -3.01 19.54 23.11 18.56 11.59 6.21 13.07 7.16
-7.81 -5.13 -9.74 -7.4 0.99 21.34 21.01 17.86 11.29 7.71 11.97 5.76
-4.01 -14.33 -6.84 -11.2 0.09 19.84 22.51 20.16 11.29 10.11 3.77 -2.54
-1.11 -8.93 -11.04 -8.9 -1.01 20.54 23.01 18.36 13.39 10.71 4.47 2.86
-11.71 -0.43 -5.84 -10 -0.41 22.14 21.81 19.66 14.99 10.61 4.87 5.36
-6.41 -16.43 -5.94 -4.3 2.59 21.94 22.21 20.86 12.99 9.21 8.67 2.36
-6.31 -11.13 -7.74 -8.4 1.19 23.24 24.51 22.26 13.49 12.11 12.67 2.76
-6.41 -8.63 -12.64 -6.7 -0.31 20.94 22.81 17.86 11.49 7.81 6.87 0.56
-9.41 -3.93 -9.94 -9.5 0.29 21.94 24.31 18.06 10.59 7.11 6.87 -3.74
-3.41 -4.53 -12.14 -10.6 -0.81 21.94 21.71 18.96 13.59 9.51 4.27 0.06
-6.31 -6.23 -4.74 -9.8 1.09 21.44 22.71 21.16 14.39 9.61 14.27 5.26
0.89 -8.53 -3.04 -9.4 1.29 21.04 21.11 19.66 13.19 9.51 10.07 6.46
-4.61 -8.13 -3.44 -7.1 -0.31 21.64 23.01 21.26 13.39 11.01 6.27 0.46
-5.81 -11.63 -9.84 -11.2 -3.61 21.14 22.91 17.56 12.99 8.81 9.17 4.26
-5.61 -14.13 -10.04 -11.6 -0.61 20.54 21.11 18.66 13.29 8.81 7.57 -0.64
-8.71 -6.53 -7.34 -7.2 0.69 21.44 22.51 18.56 12.89 9.61 8.17 8.46
-0.28 -4.55 -6.25 -9.41 2.71 25.18 22.04 20.2 16.83 10.59 11.61 9.42
0.52 -8.95 -6.85 -8.21 -0.59 22.38 24.64 21.6 15.23 11.29 11.61 7.62
-1.48 -1.35 -6.45 -8.61 0.81 20.98 24.64 21.9 15.83 11.79 7.61 11.12
-5.38 -6.05 -10.05 -7.81 -1.79 23.38 24.04 20.4 14.23 11.89 14.51 7.52
-2.48 -8.35 -3.85 -9.81 -0.19 23.38 25.24 23.5 16.63 16.79 12.01 1.92
-5.48 -3.65 -5.15 -9.41 -0.59 21.68 23.54 22.6 14.23 11.09 12.11 4.02
0.22 -11.05 -7.15 -13.31 -1.19 22.68 23.74 21.8 15.83 8.99 9.01 4.32
1.82 -9.05 -12.15 -7.61 -0.09 23.48 24.84 23.7 16.93 11.49 9.61 9.92
4.62 -9.55 -3.75 -8.21 1.01 21.98 23.94 22.1 14.53 13.29 14.21 4.32
4.32 -0.95 -5.25 -10.81 0.11 22.88 23.44 20.4 13.93 11.69 9.01 5.92
1.62 -4.25 -4.75 -10.41 0.11 22.98 23.14 21.6 15.83 10.49 5.81 10.02
-0.68 -5.45 -3.75 -5.61 2.61 24.08 23.34 21.3 14.83 14.19 12.21 6.42
-0.38 0.15 -3.65 -9.31 -3.09 21.38 23.04 21.5 15.03 13.19 7.91 9.42
-0.18 -6.75 -4.75 -9.21 0.61 22.08 24.44 21.6 14.63 8.69 6.71 15.72
0.02 -13.35 -5.55 -9.31 0.81 23.98 23.54 21 16.03 15.99 15.01 6.62
0.92 -2.45 -11.05 -11.91 -2.09 21.78 25.04 20.5 13.53 9.29 17.51 11.82
-4.18 -2.05 -6.95 -5.91 1.91 23.58 22.94 19.8 13.23 10.79 16.41 10.42
-0.38 -11.25 -4.05 -9.71 1.01 22.08 24.44 22.1 13.23 13.19 8.21 2.12
2.52 -5.85 -8.25 -7.41 -0.09 22.78 24.94 20.3 15.33 13.79 8.91 7.52
-8.08 2.65 -3.05 -8.51 0.51 24.38 23.74 21.6 16.93 13.69 9.31 10.02
-2.78 -13.35 -3.15 -2.81 3.51 24.18 24.14 22.8 14.93 12.29 13.11 7.02
-2.68 -8.05 -4.95 -6.91 2.11 25.48 26.44 24.2 15.43 15.19 17.11 7.42
-2.78 -5.55 -9.85 -5.21 0.61 23.18 24.74 19.8 13.43 10.89 11.31 5.22
-5.78 -0.85 -7.15 -8.01 1.21 24.18 26.24 20 12.53 10.19 11.31 0.92
0.22 -1.45 -9.35 -9.11 0.11 24.18 23.64 20.9 15.53 12.59 8.71 4.72
-2.68 -3.15 -1.95 -8.31 2.01 23.68 24.64 23.1 16.33 12.69 18.71 9.92
4.52 -5.45 -0.25 -7.91 2.21 23.28 23.04 21.6 15.13 12.59 14.51 11.12
-0.98 -5.05 -0.65 -5.61 0.61 23.88 24.94 23.2 15.33 14.09 10.71 5.12
-2.18 -8.55 -7.05 -9.71 -2.69 23.38 24.84 19.5 14.93 11.89 13.61 8.92
-1.98 -11.05 -7.25 -10.11 0.31 22.78 23.04 20.6 15.23 11.89 12.01 4.02
-5.08 -3.45 -4.55 -5.71 1.61 23.68 24.44 20.5 14.83 12.69 12.61 13.12
3.34 -1.47 -3.46 -7.92 3.63 27.41 23.97 22.15 18.77 13.66 16.05 14.09
4.14 -5.87 -4.06 -6.72 0.33 24.61 26.57 23.55 17.17 14.36 16.05 12.29
2.14 1.73 -3.66 -7.12 1.73 23.21 26.57 23.85 17.77 14.86 12.05 15.79
-1.76 -2.97 -7.26 -6.32 -0.87 25.61 25.97 22.35 16.17 14.96 18.95 12.19
1.14 -5.27 -1.06 -8.32 0.73 25.61 27.17 25.45 18.57 19.86 16.45 6.59
-1.86 -0.57 -2.36 -7.92 0.33 23.91 25.47 24.55 16.17 14.16 16.55 8.69
3.84 -7.97 -4.36 -11.82 -0.27 24.91 25.67 23.75 17.77 12.06 13.45 8.99
5.44 -5.97 -9.36 -6.12 0.83 25.71 26.77 25.65 18.87 14.56 14.05 14.59
8.24 -6.47 -0.96 -6.72 1.93 24.21 25.87 24.05 16.47 16.36 18.65 8.99
7.94 2.13 -2.46 -9.32 1.03 25.11 25.37 22.35 15.87 14.76 13.45 10.59
5.24 -1.17 -1.96 -8.92 1.03 25.21 25.07 23.55 17.77 13.56 10.25 14.69
2.94 -2.37 -0.96 -4.12 3.53 26.31 25.27 23.25 16.77 17.26 16.65 11.09
3.24 3.23 -0.86 -7.82 -2.17 23.61 24.97 23.45 16.97 16.26 12.35 14.09
3.44 -3.67 -1.96 -7.72 1.53 24.31 26.37 23.55 16.57 11.76 11.15 20.39
3.64 -10.27 -2.76 -7.82 1.73 26.21 25.47 22.95 17.97 19.06 19.45 11.29
4.54 0.63 -8.26 -10.42 -1.17 24.01 26.97 22.45 15.47 12.36 21.95 16.49
-0.56 1.03 -4.16 -4.42 2.83 25.81 24.87 21.75 15.17 13.86 20.85 15.09
3.24 -8.17 -1.26 -8.22 1.93 24.31 26.37 24.05 15.17 16.26 12.65 6.79
6.14 -2.77 -5.46 -5.92 0.83 25.01 26.87 22.25 17.27 16.86 13.35 12.19
-4.46 5.73 -0.26 -7.02 1.43 26.61 25.67 23.55 18.87 16.76 13.75 14.69
0.84 -10.27 -0.36 -1.32 4.43 26.41 26.07 24.75 16.87 15.36 17.55 11.69
0.94 -4.97 -2.16 -5.42 3.03 27.71 28.37 26.15 17.37 18.26 21.55 12.09
0.84 -2.47 -7.06 -3.72 1.53 25.41 26.67 21.75 15.37 13.96 15.75 9.89
-2.16 2.23 -4.36 -6.52 2.13 26.41 28.17 21.95 14.47 13.26 15.75 5.59
3.84 1.63 -6.56 -7.62 1.03 26.41 25.57 22.85 17.47 15.66 13.15 9.39
0.94 -0.07 0.84 -6.82 2.93 25.91 26.57 25.05 18.27 15.76 23.15 14.59
8.14 -2.37 2.54 -6.42 3.13 25.51 24.97 23.55 17.07 15.66 18.95 15.79
2.64 -1.97 2.14 -4.12 1.53 26.11 26.87 25.15 17.27 17.16 15.15 9.79
1.44 -5.47 -4.26 -8.22 -1.77 25.61 26.77 21.45 16.87 14.96 18.05 13.59
1.64 -7.97 -4.46 -8.62 1.23 25.01 24.97 22.55 17.17 14.96 16.45 8.69
-1.46 -0.37 -1.76 -4.22 2.53 25.91 26.37 22.45 16.77 15.76 17.05 17.79
6.97 1.62 -0.67 -6.43 4.55 29.65 25.9 24.1 20.71 16.74 20.49 18.75
7.77 -2.78 -1.27 -5.23 1.25 26.85 28.5 25.5 19.11 17.44 20.49 16.95
5.77 4.82 -0.87 -5.63 2.65 25.45 28.5 25.8 19.71 17.94 16.49 20.45
